elapsed_s,mean,min,max,memory_kb_mean,memory_kb_min,memory_kb_max,disk_kb_mean,disk_kb_min,disk_kb_max,tracking_prob,repartitioning_prob,storage_type,partitions,paths,interval,thinking_time,sync_mode,line_label
0.1,1147.4644525472625,1098.0392156862745,1174.7572815533981,2681319.2,2678912.0,2684880.0,177370.2,177367.0,177375.0,0.0,0.0,hard,32,1,0,10000000,sync_on,hard_p32_w1_i0_t10000000
0.2,1087.7593755948983,1009.8039215686275,1145.6310679611652,2686017.3333333335,2684324.0,2688732.0,173649.66666666666,173646.0,173652.0,0.0,0.0,hard,32,1,0,10000000,sync_on,hard_p32_w1_i0_t10000000
0.21,1073.005901389682,1039.2156862745098,1106.7961165048544,2686776.0,2683716.0,2689836.0,175672.0,173654.0,177690.0,0.0,0.0,hard,32,1,0,10000000,sync_on,hard_p32_w1_i0_t10000000
0.31,1147.058823529412,1088.235294117647,1205.8823529411766,2689861.6,2687188.0,2693560.0,173713.8,173709.0,173719.0,0.0,0.0,hard,32,1,0,10000000,sync_on,hard_p32_w1_i0_t10000000
0.41,1092.4704977636543,1019.6078431372549,1127.450980392157,2692841.6,2690048.0,2696340.0,173777.2,173767.0,173782.0,0.0,0.0,hard,32,1,0,10000000,sync_on,hard_p32_w1_i0_t10000000
0.51,1151.140979317806,1039.2156862745098,1217.8217821782177,2695577.6,2692284.0,2699416.0,173837.4,173831.0,173843.0,0.0,0.0,hard,32,1,0,10000000,sync_on,hard_p32_w1_i0_t10000000
0.61,1231.3594821020565,1178.2178217821781,1284.3137254901962,2698167.2,2694924.0,2701852.0,173906.2,173900.0,173910.0,0.0,0.0,hard,32,1,0,10000000,sync_on,hard_p32_w1_i0_t10000000
0.71,1220.5882352941178,1205.8823529411766,1235.294117647059,2699140.0,2698456.0,2699824.0,173969.5,173967.0,173972.0,0.0,0.0,hard,32,1,0,10000000,sync_on,hard_p32_w1_i0_t10000000
0.72,1234.6278317152103,1203.883495145631,1294.1176470588236,2701973.3333333335,2697632.0,2704436.0,173970.0,173965.0,173974.0,0.0,0.0,hard,32,1,0,10000000,sync_on,hard_p32_w1_i0_t10000000
0.82,1166.8858719110062,1127.450980392157,1257.4257425742574,2703077.6,2699864.0,2706692.0,174029.0,174022.0,174032.0,0.0,0.0,hard,32,1,0,10000000,sync_on,hard_p32_w1_i0_t10000000
0.92,1242.823054435655,1184.4660194174758,1333.3333333333335,2705548.8,2702000.0,2709544.0,174087.6,174084.0,174091.0,0.0,0.0,hard,32,1,0,10000000,sync_on,hard_p32_w1_i0_t10000000
1.02,1090.409629198214,990.09900990099,1176.4705882352941,2707536.8,2704112.0,2711560.0,174143.4,174134.0,174149.0,0.0,0.0,hard,32,1,0,10000000,sync_on,hard_p32_w1_i0_t10000000
1.12,1195.4751131221722,1137.2549019607843,1245.0980392156864,2709296.8,2705956.0,2713192.0,174199.6,174190.0,174205.0,0.0,0.0,hard,32,1,0,10000000,sync_on,hard_p32_w1_i0_t10000000
1.22,1284.3137254901962,1284.3137254901962,1284.3137254901962,2708580.0,2708580.0,2708580.0,174265.0,174265.0,174265.0,0.0,0.0,hard,32,1,0,10000000,sync_on,hard_p32_w1_i0_t10000000
1.23,1348.0392156862745,1313.7254901960785,1372.5490196078433,2711828.0,2708312.0,2714820.0,174262.25,174254.0,174266.0,0.0,0.0,hard,32,1,0,10000000,sync_on,hard_p32_w1_i0_t10000000
1.33,978.3350579489703,901.9607843137255,1019.8019801980197,2712440.8,2709452.0,2716216.0,173619.0,170546.0,174586.0,0.0,0.0,hard,32,1,0,10000000,sync_on,hard_p32_w1_i0_t10000000
1.43,1064.0648567119156,1019.2307692307693,1115.3846153846155,2714010.4,2710824.0,2717948.0,172867.0,170599.0,174382.0,0.0,0.0,hard,32,1,0,10000000,sync_on,hard_p32_w1_i0_t10000000
1.53,1129.4260422615648,1088.235294117647,1194.1747572815534,2716099.0,2712024.0,2719464.0,172553.25,170662.0,174443.0,0.0,0.0,hard,32,1,0,10000000,sync_on,hard_p32_w1_i0_t10000000
1.54,1076.1904761904761,1076.1904761904761,1076.1904761904761,2713252.0,2713252.0,2713252.0,174703.0,174703.0,174703.0,0.0,0.0,hard,32,1,0,10000000,sync_on,hard_p32_w1_i0_t10000000
1.63,1162.5012015764682,1087.378640776699,1237.6237623762374,2718582.0,2715916.0,2721248.0,170724.5,170724.0,170725.0,0.0,0.0,hard,32,1,0,10000000,sync_on,hard_p32_w1_i0_t10000000
1.64,1153.5947712418301,1088.235294117647,1196.0784313725492,2716250.6666666665,2713676.0,2720316.0,171988.66666666666,170725.0,174506.0,0.0,0.0,hard,32,1,0,10000000,sync_on,hard_p32_w1_i0_t10000000
1.73,1029.4117647058824,1029.4117647058824,1029.4117647058824,2718132.0,2718132.0,2718132.0,170778.0,170778.0,170778.0,0.0,0.0,hard,32,1,0,10000000,sync_on,hard_p32_w1_i0_t10000000
1.74,1119.6001552226567,1038.4615384615386,1186.2745098039215,2719125.0,2715392.0,2722612.0,171736.0,170785.0,174571.0,0.0,0.0,hard,32,1,0,10000000,sync_on,hard_p32_w1_i0_t10000000
1.83,1039.2156862745098,1039.2156862745098,1039.2156862745098,2719300.0,2719300.0,2719300.0,167068.0,167068.0,167068.0,0.0,0.0,hard,32,1,0,10000000,sync_on,hard_p32_w1_i0_t10000000
1.84,1066.5404775771694,1049.5049504950493,1099.009900990099,2720329.0,2716628.0,2723512.0,170921.75,170847.0,171118.0,0.0,0.0,hard,32,1,0,10000000,sync_on,hard_p32_w1_i0_t10000000
1.94,1147.0588235294117,1039.2156862745098,1215.686274509804,2722259.0,2718716.0,2725344.0,170032.0,167120.0,171176.0,0.0,0.0,hard,32,1,0,10000000,sync_on,hard_p32_w1_i0_t10000000
1.95,1115.3846153846155,1115.3846153846155,1115.3846153846155,2719428.0,2719428.0,2719428.0,167139.0,167139.0,167139.0,0.0,0.0,hard,32,1,0,10000000,sync_on,hard_p32_w1_i0_t10000000
2.04,1160.518993075778,1118.8118811881188,1196.0784313725492,2723428.0,2720660.0,2727444.0,167186.0,163400.0,170965.0,0.0,0.0,hard,32,1,0,10000000,sync_on,hard_p32_w1_i0_t10000000
2.05,1176.4705882352941,1117.6470588235295,1235.294117647059,2723800.0,2721372.0,2726228.0,169083.5,167187.0,170980.0,0.0,0.0,hard,32,1,0,10000000,sync_on,hard_p32_w1_i0_t10000000
2.14,1151.9607843137255,1068.6274509803923,1235.294117647059,2726008.0,2723476.0,2728540.0,165485.5,163459.0,167512.0,0.0,0.0,hard,32,1,0,10000000,sync_on,hard_p32_w1_i0_t10000000
2.15,1124.5065683038893,1099.009900990099,1166.6666666666667,2724014.6666666665,2721884.0,2727476.0,165994.66666666666,163476.0,167259.0,0.0,0.0,hard,32,1,0,10000000,sync_on,hard_p32_w1_i0_t10000000
2.24,1225.4901960784314,1225.4901960784314,1225.4901960784314,2724976.0,2724976.0,2724976.0,163518.0,163518.0,163518.0,0.0,0.0,hard,32,1,0,10000000,sync_on,hard_p32_w1_i0_t10000000
2.25,1221.0217769514506,1144.2307692307693,1274.5098039215686,2726845.0,2723500.0,2730280.0,162631.25,159752.0,167471.0,0.0,0.0,hard,32,1,0,10000000,sync_on,hard_p32_w1_i0_t10000000
2.34,1254.9019607843138,1254.9019607843138,1254.9019607843138,2726664.0,2726664.0,2726664.0,163585.0,163585.0,163585.0,0.0,0.0,hard,32,1,0,10000000,sync_on,hard_p32_w1_i0_t10000000
2.35,1272.3887631975867,1182.6923076923078,1411.764705882353,2728432.0,2725268.0,2732004.0,161761.0,159821.0,163787.0,0.0,0.0,hard,32,1,0,10000000,sync_on,hard_p32_w1_i0_t10000000
2.45,1164.7252960590176,1000.0000000000001,1274.5098039215686,2729700.0,2726272.0,2733092.0,160837.25,159884.0,163670.0,0.0,0.0,hard,32,1,0,10000000,sync_on,hard_p32_w1_i0_t10000000
2.46,1215.686274509804,1215.686274509804,1215.686274509804,2727196.0,2727196.0,2727196.0,159893.0,159893.0,159893.0,0.0,0.0,hard,32,1,0,10000000,sync_on,hard_p32_w1_i0_t10000000
2.55,1192.3412929528247,1147.058823529412,1237.6237623762374,2731432.0,2728912.0,2733952.0,159952.0,159944.0,159960.0,0.0,0.0,hard,32,1,0,10000000,sync_on,hard_p32_w1_i0_t10000000
2.56,1157.974128162592,1145.6310679611652,1171.4285714285716,2729289.3333333335,2727032.0,2732772.0,161216.33333333334,159955.0,163726.0,0.0,0.0,hard,32,1,0,10000000,sync_on,hard_p32_w1_i0_t10000000
2.65,1068.5322672758425,1019.4174757281554,1117.6470588235295,2732538.0,2730120.0,2734956.0,160012.5,160008.0,160017.0,0.0,0.0,hard,32,1,0,10000000,sync_on,hard_p32_w1_i0_t10000000
2.66,1107.843137254902,1088.235294117647,1117.6470588235295,2730469.3333333335,2728448.0,2733840.0,161363.33333333334,160014.0,164047.0,0.0,0.0,hard,32,1,0,10000000,sync_on,hard_p32_w1_i0_t10000000
2.75,1217.8217821782177,1217.8217821782177,1217.8217821782177,2731080.0,2731080.0,2731080.0,160072.0,160072.0,160072.0,0.0,0.0,hard,32,1,0,10000000,sync_on,hard_p32_w1_i0_t10000000
2.76,1122.4485258544637,1049.0196078431372,1216.9811320754718,2732652.0,2729304.0,2736300.0,160078.0,160071.0,160086.0,0.0,0.0,hard,32,1,0,10000000,sync_on,hard_p32_w1_i0_t10000000
2.85,1000.0,1000.0,1000.0,2731812.0,2731812.0,2731812.0,160127.0,160127.0,160127.0,0.0,0.0,hard,32,1,0,10000000,sync_on,hard_p32_w1_i0_t10000000
2.86,1046.3340451692227,960.7843137254903,1099.009900990099,2732837.3333333335,2730684.0,2737140.0,158873.66666666666,156347.0,160142.0,0.0,0.0,hard,32,1,0,10000000,sync_on,hard_p32_w1_i0_t10000000
2.87,1088.235294117647,1088.235294117647,1088.235294117647,2735884.0,2735884.0,2735884.0,160205.0,160205.0,160205.0,0.0,0.0,hard,32,1,0,10000000,sync_on,hard_p32_w1_i0_t10000000
2.96,1112.7450980392157,1088.235294117647,1137.2549019607843,2732378.0,2731864.0,2732892.0,158295.0,156405.0,160185.0,0.0,0.0,hard,32,1,0,10000000,sync_on,hard_p32_w1_i0_t10000000
2.97,1093.6955439382625,1009.7087378640778,1223.3009708737866,2735590.6666666665,2731840.0,2737824.0,157675.33333333334,156407.0,160198.0,0.0,0.0,hard,32,1,0,10000000,sync_on,hard_p32_w1_i0_t10000000
3.06,1078.4313725490197,1078.4313725490197,1078.4313725490197,2734056.0,2734056.0,2734056.0,156454.0,156454.0,156454.0,0.0,0.0,hard,32,1,0,10000000,sync_on,hard_p32_w1_i0_t10000000
3.07,1078.1555672535578,1029.4117647058824,1105.7692307692307,2735648.0,2732664.0,2738800.0,158488.75,156462.0,160515.0,0.0,0.0,hard,32,1,0,10000000,sync_on,hard_p32_w1_i0_t10000000
3.16,1039.2156862745098,1039.2156862745098,1039.2156862745098,2734940.0,2734940.0,2734940.0,156778.0,156778.0,156778.0,0.0,0.0,hard,32,1,0,10000000,sync_on,hard_p32_w1_i0_t10000000
3.17,1039.1918903483725,980.3921568627452,1107.843137254902,2736444.0,2733292.0,2739868.0,154705.5,148983.0,156794.0,0.0,0.0,hard,32,1,0,10000000,sync_on,hard_p32_w1_i0_t10000000
3.26,1147.058823529412,1147.058823529412,1147.058823529412,2736144.0,2736144.0,2736144.0,152799.0,152799.0,152799.0,0.0,0.0,hard,32,1,0,10000000,sync_on,hard_p32_w1_i0_t10000000
3.27,1252.4271844660195,1233.0097087378642,1271.8446601941748,2740344.0,2739884.0,2740804.0,150924.5,149039.0,152810.0,0.0,0.0,hard,32,1,0,10000000,sync_on,hard_p32_w1_i0_t10000000
3.28,1267.0537010159653,1226.4150943396228,1307.6923076923078,2734562.0,2734500.0,2734624.0,156588.0,156587.0,156589.0,0.0,0.0,hard,32,1,0,10000000,sync_on,hard_p32_w1_i0_t10000000
3.37,1235.294117647059,1127.450980392157,1343.137254901961,2739278.0,2737096.0,2741460.0,152861.5,152858.0,152865.0,0.0,0.0,hard,32,1,0,10000000,sync_on,hard_p32_w1_i0_t10000000
3.38,1263.2828328081678,1215.686274509804,1336.5384615384617,2737342.6666666665,2735448.0,2740816.0,154306.66666666666,149104.0,156910.0,0.0,0.0,hard,32,1,0,10000000,sync_on,hard_p32_w1_i0_t10000000
3.47,1264.7058823529412,1264.7058823529412,1264.7058823529412,2738000.0,2738000.0,2738000.0,152919.0,152919.0,152919.0,0.0,0.0,hard,32,1,0,10000000,sync_on,hard_p32_w1_i0_t10000000
3.48,1249.4287890327494,1076.923076923077,1415.8415841584158,2739357.0,2736388.0,2742720.0,151044.0,149141.0,152935.0,0.0,0.0,hard,32,1,0,10000000,sync_on,hard_p32_w1_i0_t10000000
3.57,1156.8627450980393,1156.8627450980393,1156.8627450980393,2738664.0,2738664.0,2738664.0,149201.0,149201.0,149201.0,0.0,0.0,hard,32,1,0,10000000,sync_on,hard_p32_w1_i0_t10000000
3.58,1171.5686274509806,1078.4313725490197,1294.1176470588236,2740155.0,2737284.0,2743488.0,150161.5,149208.0,152999.0,0.0,0.0,hard,32,1,0,10000000,sync_on,hard_p32_w1_i0_t10000000
3.67,1127.450980392157,1127.450980392157,1127.450980392157,2739300.0,2739300.0,2739300.0,149266.0,149266.0,149266.0,0.0,0.0,hard,32,1,0,10000000,sync_on,hard_p32_w1_i0_t10000000
3.68,1093.1372549019607,1088.235294117647,1098.0392156862745,2740980.0,2737860.0,2744100.0,151204.5,149280.0,153129.0,0.0,0.0,hard,32,1,0,10000000,sync_on,hard_p32_w1_i0_t10000000
3.69,1107.0340757662289,1049.0196078431372,1165.0485436893205,2740574.0,2738072.0,2743076.0,147391.0,145493.0,149289.0,0.0,0.0,hard,32,1,0,10000000,sync_on,hard_p32_w1_i0_t10000000
3.77,1135.9223300970875,1135.9223300970875,1135.9223300970875,2739936.0,2739936.0,2739936.0,149330.0,149330.0,149330.0,0.0,0.0,hard,32,1,0,10000000,sync_on,hard_p32_w1_i0_t10000000
3.78,1078.4313725490197,1078.4313725490197,1078.4313725490197,2744728.0,2744728.0,2744728.0,149342.0,149342.0,149342.0,0.0,0.0,hard,32,1,0,10000000,sync_on,hard_p32_w1_i0_t10000000
3.79,1185.8303191826892,1107.843137254902,1313.7254901960785,2740254.6666666665,2738336.0,2743896.0,146823.66666666666,145553.0,149346.0,0.0,0.0,hard,32,1,0,10000000,sync_on,hard_p32_w1_i0_t10000000
3.88,1142.1568627450981,1117.6470588235295,1166.6666666666667,2742976.0,2740480.0,2745472.0,149512.5,149388.0,149637.0,0.0,0.0,hard,32,1,0,10000000,sync_on,hard_p32_w1_i0_t10000000
3.89,1081.1306847857393,1038.4615384615386,1107.843137254902,2740966.6666666665,2739112.0,2744520.0,145624.66666666666,145610.0,145633.0,0.0,0.0,hard,32,1,0,10000000,sync_on,hard_p32_w1_i0_t10000000
3.98,950.9803921568628,950.9803921568628,950.9803921568628,2741364.0,2741364.0,2741364.0,149705.0,149705.0,149705.0,0.0,0.0,hard,32,1,0,10000000,sync_on,hard_p32_w1_i0_t10000000
3.99,1252.1300102597352,1165.0485436893205,1316.8316831683167,2743724.0,2740012.0,2745868.0,145688.0,145680.0,145695.0,0.0,0.0,hard,32,1,0,10000000,sync_on,hard_p32_w1_i0_t10000000
4.0,1125.0,1125.0,1125.0,2739944.0,2739944.0,2739944.0,145669.0,145669.0,145669.0,0.0,0.0,hard,32,1,0,10000000,sync_on,hard_p32_w1_i0_t10000000
4.08,1242.7184466019419,1242.7184466019419,1242.7184466019419,2741780.0,2741780.0,2741780.0,145725.0,145725.0,145725.0,0.0,0.0,hard,32,1,0,10000000,sync_on,hard_p32_w1_i0_t10000000
4.09,1183.4595224228306,1138.6138613861385,1205.8823529411766,2744342.6666666665,2740516.0,2746516.0,145751.33333333334,145742.0,145758.0,0.0,0.0,hard,32,1,0,10000000,sync_on,hard_p32_w1_i0_t10000000
4.1,1267.3267326732673,1267.3267326732673,1267.3267326732673,2740684.0,2740684.0,2740684.0,145733.0,145733.0,145733.0,0.0,0.0,hard,32,1,0,10000000,sync_on,hard_p32_w1_i0_t10000000
4.18,1176.4705882352941,1176.4705882352941,1176.4705882352941,2742544.0,2742544.0,2742544.0,145785.0,145785.0,145785.0,0.0,0.0,hard,32,1,0,10000000,sync_on,hard_p32_w1_i0_t10000000
4.19,1103.3779848573092,1089.108910891089,1117.6470588235295,2744026.0,2740872.0,2747180.0,145808.5,145799.0,145818.0,0.0,0.0,hard,32,1,0,10000000,sync_on,hard_p32_w1_i0_t10000000
4.2,1098.0392156862745,1078.4313725490197,1117.6470588235295,2743948.0,2741296.0,2746600.0,142028.0,142014.0,142042.0,0.0,0.0,hard,32,1,0,10000000,sync_on,hard_p32_w1_i0_t10000000
4.28,1079.2079207920792,1079.2079207920792,1079.2079207920792,2743244.0,2743244.0,2743244.0,145850.0,145850.0,145850.0,0.0,0.0,hard,32,1,0,10000000,sync_on,hard_p32_w1_i0_t10000000
4.29,995.0980392156864,931.372549019608,1058.8235294117649,2744532.0,2741380.0,2747684.0,142093.0,142083.0,142103.0,0.0,0.0,hard,32,1,0,10000000,sync_on,hard_p32_w1_i0_t10000000
4.3,1062.5,1000.0000000000001,1125.0,2744654.0,2742064.0,2747244.0,142089.5,142080.0,142099.0,0.0,0.0,hard,32,1,0,10000000,sync_on,hard_p32_w1_i0_t10000000
4.39,1067.3543689320388,1009.7087378640778,1125.0,2745964.0,2743664.0,2748264.0,142136.5,142126.0,142147.0,0.0,0.0,hard,32,1,0,10000000,sync_on,hard_p32_w1_i0_t10000000
4.4,1102.9411764705883,990.1960784313726,1215.686274509804,2744726.0,2741692.0,2747760.0,142157.5,142154.0,142161.0,0.0,0.0,hard,32,1,0,10000000,sync_on,hard_p32_w1_i0_t10000000
4.41,942.3076923076924,942.3076923076924,942.3076923076924,2742720.0,2742720.0,2742720.0,142129.0,142129.0,142129.0,0.0,0.0,hard,32,1,0,10000000,sync_on,hard_p32_w1_i0_t10000000
4.49,1097.0873786407767,1097.0873786407767,1097.0873786407767,2744556.0,2744556.0,2744556.0,142183.0,142183.0,142183.0,0.0,0.0,hard,32,1,0,10000000,sync_on,hard_p32_w1_i0_t10000000
4.5,1016.3398692810459,921.5686274509804,1068.6274509803923,2746366.6666666665,2742064.0,2748748.0,142207.66666666666,142199.0,142213.0,0.0,0.0,hard,32,1,0,10000000,sync_on,hard_p32_w1_i0_t10000000
4.51,1019.6078431372549,1019.6078431372549,1019.6078431372549,2743304.0,2743304.0,2743304.0,142185.0,142185.0,142185.0,0.0,0.0,hard,32,1,0,10000000,sync_on,hard_p32_w1_i0_t10000000
4.59,950.9803921568628,950.9803921568628,950.9803921568628,2745004.0,2745004.0,2745004.0,142239.0,142239.0,142239.0,0.0,0.0,hard,32,1,0,10000000,sync_on,hard_p32_w1_i0_t10000000
4.6,954.0218727755129,921.5686274509804,1009.8039215686275,2746793.3333333335,2742604.0,2749080.0,142258.0,142251.0,142265.0,0.0,0.0,hard,32,1,0,10000000,sync_on,hard_p32_w1_i0_t10000000
4.61,1039.2156862745098,1039.2156862745098,1039.2156862745098,2743644.0,2743644.0,2743644.0,142243.0,142243.0,142243.0,0.0,0.0,hard,32,1,0,10000000,sync_on,hard_p32_w1_i0_t10000000
4.69,1079.2079207920792,1079.2079207920792,1079.2079207920792,2745428.0,2745428.0,2745428.0,142293.0,142293.0,142293.0,0.0,0.0,hard,32,1,0,10000000,sync_on,hard_p32_w1_i0_t10000000
4.7,1137.6917103475052,1089.108910891089,1186.2745098039215,2746346.0,2742996.0,2749696.0,142313.0,142310.0,142316.0,0.0,0.0,hard,32,1,0,10000000,sync_on,hard_p32_w1_i0_t10000000
4.71,1063.2029222339709,1009.9009900990098,1116.504854368932,2746502.0,2743968.0,2749036.0,142313.5,142300.0,142327.0,0.0,0.0,hard,32,1,0,10000000,sync_on,hard_p32_w1_i0_t10000000
4.79,1137.2549019607843,1137.2549019607843,1137.2549019607843,2746076.0,2746076.0,2746076.0,142355.0,142355.0,142355.0,0.0,0.0,hard,32,1,0,10000000,sync_on,hard_p32_w1_i0_t10000000
4.8,1107.3196268798783,1106.7961165048544,1107.843137254902,2746836.0,2743516.0,2750156.0,142364.0,142363.0,142365.0,0.0,0.0,hard,32,1,0,10000000,sync_on,hard_p32_w1_i0_t10000000
4.81,808.6331620026652,578.4313725490197,1038.8349514563108,2746944.0,2744660.0,2749228.0,142351.0,142350.0,142352.0,0.0,0.0,hard,32,1,0,10000000,sync_on,hard_p32_w1_i0_t10000000
4.9,1082.7165240795925,1019.8019801980197,1145.6310679611652,2748486.0,2746588.0,2750384.0,142412.5,142404.0,142421.0,0.0,0.0,hard,32,1,0,10000000,sync_on,hard_p32_w1_i0_t10000000
4.91,738.292404340377,388.3495145631068,1088.235294117647,2746622.0,2743908.0,2749336.0,142395.5,142366.0,142425.0,0.0,0.0,hard,32,1,0,10000000,sync_on,hard_p32_w1_i0_t10000000
4.92,1245.0980392156864,1245.0980392156864,1245.0980392156864,2745108.0,2745108.0,2745108.0,142404.0,142404.0,142404.0,0.0,0.0,hard,32,1,0,10000000,sync_on,hard_p32_w1_i0_t10000000
5.0,1118.8118811881188,1118.8118811881188,1118.8118811881188,2747344.0,2747344.0,2747344.0,142462.0,142462.0,142462.0,0.0,0.0,hard,32,1,0,10000000,sync_on,hard_p32_w1_i0_t10000000
5.01,683.0065359477125,303.921568627451,1176.4705882352941,2748224.0,2744240.0,2750880.0,142440.33333333334,142385.0,142477.0,0.0,0.0,hard,32,1,0,10000000,sync_on,hard_p32_w1_i0_t10000000
5.02,1039.2156862745098,1039.2156862745098,1039.2156862745098,2745632.0,2745632.0,2745632.0,142462.0,142462.0,142462.0,0.0,0.0,hard,32,1,0,10000000,sync_on,hard_p32_w1_i0_t10000000
5.1,1156.8627450980393,1156.8627450980393,1156.8627450980393,2747700.0,2747700.0,2747700.0,142528.0,142528.0,142528.0,0.0,0.0,hard,32,1,0,10000000,sync_on,hard_p32_w1_i0_t10000000
5.11,743.4799162383401,330.0970873786408,1156.8627450980393,2747902.0,2744376.0,2751428.0,142505.0,142466.0,142544.0,0.0,0.0,hard,32,1,0,10000000,sync_on,hard_p32_w1_i0_t10000000
5.12,735.2941176470589,313.72549019607845,1156.8627450980393,2747818.0,2746032.0,2749604.0,142464.5,142401.0,142528.0,0.0,0.0,hard,32,1,0,10000000,sync_on,hard_p32_w1_i0_t10000000
5.2,1019.6078431372549,1019.6078431372549,1019.6078431372549,2748112.0,2748112.0,2748112.0,142583.0,142583.0,142583.0,0.0,0.0,hard,32,1,0,10000000,sync_on,hard_p32_w1_i0_t10000000
5.21,552.9697315819533,194.1747572815534,911.764705882353,2748110.0,2744416.0,2751804.0,142538.0,142484.0,142592.0,0.0,0.0,hard,32,1,0,10000000,sync_on,hard_p32_w1_i0_t10000000
5.22,694.3069306930693,250.0,1138.6138613861385,2748164.0,2746600.0,2749728.0,142501.0,142416.0,142586.0,0.0,0.0,hard,32,1,0,10000000,sync_on,hard_p32_w1_i0_t10000000
5.3,1196.0784313725492,1196.0784313725492,1196.0784313725492,2748764.0,2748764.0,2748764.0,142635.0,142635.0,142635.0,0.0,0.0,hard,32,1,0,10000000,sync_on,hard_p32_w1_i0_t10000000
5.31,156.86274509803923,156.86274509803923,156.86274509803923,2751976.0,2751976.0,2751976.0,142609.0,142609.0,142609.0,0.0,0.0,hard,32,1,0,10000000,sync_on,hard_p32_w1_i0_t10000000
5.32,591.3147310206134,221.15384615384616,1245.0980392156864,2747245.3333333335,2744644.0,2749808.0,142526.0,142429.0,142653.0,0.0,0.0,hard,32,1,0,10000000,sync_on,hard_p32_w1_i0_t10000000
5.41,1225.4901960784314,1225.4901960784314,1225.4901960784314,2749120.0,2749120.0,2749120.0,142709.0,142709.0,142709.0,0.0,0.0,hard,32,1,0,10000000,sync_on,hard_p32_w1_i0_t10000000
5.42,310.67961165048547,242.71844660194176,378.6407766990292,2748494.0,2744688.0,2752300.0,142572.0,142517.0,142627.0,0.0,0.0,hard,32,1,0,10000000,sync_on,hard_p32_w1_i0_t10000000
5.43,794.3427931292009,223.3009708737864,1365.3846153846155,2748796.0,2747740.0,2749852.0,142581.0,142439.0,142723.0,0.0,0.0,hard,32,1,0,10000000,sync_on,hard_p32_w1_i0_t10000000
5.51,1198.019801980198,1198.019801980198,1198.019801980198,2749580.0,2749580.0,2749580.0,142775.0,142775.0,142775.0,0.0,0.0,hard,32,1,0,10000000,sync_on,hard_p32_w1_i0_t10000000
5.52,240.3846153846154,240.3846153846154,240.3846153846154,2752356.0,2752356.0,2752356.0,142643.0,142643.0,142643.0,0.0,0.0,hard,32,1,0,10000000,sync_on,hard_p32_w1_i0_t10000000
5.53,513.2604323780795,230.76923076923077,1068.6274509803923,2747600.0,2744720.0,2749924.0,142591.33333333334,142460.0,142783.0,0.0,0.0,hard,32,1,0,10000000,sync_on,hard_p32_w1_i0_t10000000
5.61,1097.0873786407767,1097.0873786407767,1097.0873786407767,2749844.0,2749844.0,2749844.0,142835.0,142835.0,142835.0,0.0,0.0,hard,32,1,0,10000000,sync_on,hard_p32_w1_i0_t10000000
5.62,250.0,250.0,250.0,2752480.0,2752480.0,2752480.0,142653.0,142653.0,142653.0,0.0,0.0,hard,32,1,0,10000000,sync_on,hard_p32_w1_i0_t10000000
5.63,526.6087266372817,203.8834951456311,1049.0196078431372,2747781.3333333335,2744752.0,2750208.0,142618.66666666666,142475.0,142836.0,0.0,0.0,hard,32,1,0,10000000,sync_on,hard_p32_w1_i0_t10000000
5.71,1117.6470588235295,1117.6470588235295,1117.6470588235295,2750576.0,2750576.0,2750576.0,142893.0,142893.0,142893.0,0.0,0.0,hard,32,1,0,10000000,sync_on,hard_p32_w1_i0_t10000000
5.73,559.1298256917903,252.42718446601944,1098.0392156862745,2748745.3333333335,2744844.0,2752548.0,142708.33333333334,142565.0,142896.0,0.0,0.0,hard,32,1,0,10000000,sync_on,hard_p32_w1_i0_t10000000
5.74,278.84615384615387,278.84615384615387,278.84615384615387,2750384.0,2750384.0,2750384.0,142480.0,142480.0,142480.0,0.0,0.0,hard,32,1,0,10000000,sync_on,hard_p32_w1_i0_t10000000
5.82,1117.6470588235295,1117.6470588235295,1117.6470588235295,2750888.0,2750888.0,2750888.0,142958.0,142958.0,142958.0,0.0,0.0,hard,32,1,0,10000000,sync_on,hard_p32_w1_i0_t10000000
5.83,722.662141779789,288.46153846153845,1156.8627450980393,2751012.0,2749396.0,2752628.0,142819.0,142681.0,142957.0,0.0,0.0,hard,32,1,0,10000000,sync_on,hard_p32_w1_i0_t10000000
5.84,251.40029873039583,211.53846153846155,291.2621359223301,2747854.0,2745020.0,2750688.0,142540.0,142504.0,142576.0,0.0,0.0,hard,32,1,0,10000000,sync_on,hard_p32_w1_i0_t10000000
5.92,970.2970297029702,970.2970297029702,970.2970297029702,2751160.0,2751160.0,2751160.0,143016.0,143016.0,143016.0,0.0,0.0,hard,32,1,0,10000000,sync_on,hard_p32_w1_i0_t10000000
5.93,135.92233009708738,135.92233009708738,135.92233009708738,2752648.0,2752648.0,2752648.0,142695.0,142695.0,142695.0,0.0,0.0,hard,32,1,0,10000000,sync_on,hard_p32_w1_i0_t10000000
5.94,611.1269750618694,330.0970873786408,892.1568627450981,2747524.0,2745232.0,2749816.0,142805.0,142591.0,143019.0,0.0,0.0,hard,32,1,0,10000000,sync_on,hard_p32_w1_i0_t10000000
5.95,317.3076923076923,317.3076923076923,317.3076923076923,2750768.0,2750768.0,2750768.0,142521.0,142521.0,142521.0,0.0,0.0,hard,32,1,0,10000000,sync_on,hard_p32_w1_i0_t10000000
6.02,1127.450980392157,1127.450980392157,1127.450980392157,2751412.0,2751412.0,2751412.0,143075.0,143075.0,143075.0,0.0,0.0,hard,32,1,0,10000000,sync_on,hard_p32_w1_i0_t10000000
6.04,636.2957430918597,384.61538461538464,1126.2135922330099,2749529.3333333335,2745572.0,2752756.0,142800.33333333334,142608.0,143082.0,0.0,0.0,hard,32,1,0,10000000,sync_on,hard_p32_w1_i0_t10000000
6.05,184.46601941747574,184.46601941747574,184.46601941747574,2750848.0,2750848.0,2750848.0,142535.0,142535.0,142535.0,0.0,0.0,hard,32,1,0,10000000,sync_on,hard_p32_w1_i0_t10000000
6.12,1067.3076923076924,1067.3076923076924,1067.3076923076924,2751792.0,2751792.0,2751792.0,143132.0,143132.0,143132.0,0.0,0.0,hard,32,1,0,10000000,sync_on,hard_p32_w1_i0_t10000000
6.14,597.0873786407767,126.21359223300972,1067.9611650485438,2751652.0,2750536.0,2752768.0,142934.5,142725.0,143144.0,0.0,0.0,hard,32,1,0,10000000,sync_on,hard_p32_w1_i0_t10000000
6.15,269.2307692307692,230.76923076923077,307.6923076923077,2748368.0,2745628.0,2751108.0,142589.0,142553.0,142625.0,0.0,0.0,hard,32,1,0,10000000,sync_on,hard_p32_w1_i0_t10000000
6.23,1123.8095238095239,1123.8095238095239,1123.8095238095239,2752128.0,2752128.0,2752128.0,144319.0,144319.0,144319.0,0.0,0.0,hard,32,1,0,10000000,sync_on,hard_p32_w1_i0_t10000000
6.24,278.84615384615387,278.84615384615387,278.84615384615387,2752948.0,2752948.0,2752948.0,142734.0,142734.0,142734.0,0.0,0.0,hard,32,1,0,10000000,sync_on,hard_p32_w1_i0_t10000000
6.25,704.2642299638303,330.0970873786408,1078.4313725490197,2748278.0,2745708.0,2750848.0,143799.0,142632.0,144966.0,0.0,0.0,hard,32,1,0,10000000,sync_on,hard_p32_w1_i0_t10000000
6.26,182.6923076923077,182.6923076923077,182.6923076923077,2751144.0,2751144.0,2751144.0,142563.0,142563.0,142563.0,0.0,0.0,hard,32,1,0,10000000,sync_on,hard_p32_w1_i0_t10000000
6.33,205.8823529411765,205.8823529411765,205.8823529411765,2752324.0,2752324.0,2752324.0,145278.0,145278.0,145278.0,0.0,0.0,hard,32,1,0,10000000,sync_on,hard_p32_w1_i0_t10000000
6.35,398.8813474107592,230.76923076923077,725.4901960784314,2750009.3333333335,2745812.0,2753052.0,143801.33333333334,142641.0,146013.0,0.0,0.0,hard,32,1,0,10000000,sync_on,hard_p32_w1_i0_t10000000
6.36,201.92307692307693,201.92307692307693,201.92307692307693,2751176.0,2751176.0,2751176.0,142575.0,142575.0,142575.0,0.0,0.0,hard,32,1,0,10000000,sync_on,hard_p32_w1_i0_t10000000
6.43,0.0,0.0,0.0,2752324.0,2752324.0,2752324.0,145278.0,145278.0,145278.0,0.0,0.0,hard,32,1,0,10000000,sync_on,hard_p32_w1_i0_t10000000
6.45,527.7725914861837,278.84615384615387,776.6990291262136,2752360.0,2751576.0,2753144.0,145093.0,142765.0,147421.0,0.0,0.0,hard,32,1,0,10000000,sync_on,hard_p32_w1_i0_t10000000
6.46,300.97087378640776,203.8834951456311,398.05825242718447,2748588.0,2745860.0,2751316.0,142624.0,142586.0,142662.0,0.0,0.0,hard,32,1,0,10000000,sync_on,hard_p32_w1_i0_t10000000
6.54,0.0,0.0,0.0,2752324.0,2752324.0,2752324.0,145278.0,145278.0,145278.0,0.0,0.0,hard,32,1,0,10000000,sync_on,hard_p32_w1_i0_t10000000
6.55,601.8941557205407,213.59223300970876,990.1960784313726,2752508.0,2751844.0,2753172.0,146161.0,142783.0,149539.0,0.0,0.0,hard,32,1,0,10000000,sync_on,hard_p32_w1_i0_t10000000
6.56,278.84615384615387,278.84615384615387,278.84615384615387,2745992.0,2745992.0,2745992.0,142673.0,142673.0,142673.0,0.0,0.0,hard,32,1,0,10000000,sync_on,hard_p32_w1_i0_t10000000
6.57,230.76923076923077,230.76923076923077,230.76923076923077,2751372.0,2751372.0,2751372.0,142600.0,142600.0,142600.0,0.0,0.0,hard,32,1,0,10000000,sync_on,hard_p32_w1_i0_t10000000
6.64,0.0,0.0,0.0,2752324.0,2752324.0,2752324.0,145278.0,145278.0,145278.0,0.0,0.0,hard,32,1,0,10000000,sync_on,hard_p32_w1_i0_t10000000
6.65,617.6470588235295,617.6470588235295,617.6470588235295,2752024.0,2752024.0,2752024.0,150732.0,150732.0,150732.0,0.0,0.0,hard,32,1,0,10000000,sync_on,hard_p32_w1_i0_t10000000
6.66,125.0,125.0,125.0,2753192.0,2753192.0,2753192.0,142798.0,142798.0,142798.0,0.0,0.0,hard,32,1,0,10000000,sync_on,hard_p32_w1_i0_t10000000
6.67,341.34615384615387,298.0769230769231,384.61538461538464,2748828.0,2746152.0,2751504.0,142656.5,142623.0,142690.0,0.0,0.0,hard,32,1,0,10000000,sync_on,hard_p32_w1_i0_t10000000
6.74,0.0,0.0,0.0,2752324.0,2752324.0,2752324.0,145278.0,145278.0,145278.0,0.0,0.0,hard,32,1,0,10000000,sync_on,hard_p32_w1_i0_t10000000
6.76,509.61538461538464,451.92307692307696,567.3076923076924,2752832.0,2752216.0,2753448.0,147308.0,142818.0,151798.0,0.0,0.0,hard,32,1,0,10000000,sync_on,hard_p32_w1_i0_t10000000
6.77,291.2621359223301,291.2621359223301,291.2621359223301,2746324.0,2746324.0,2746324.0,142706.0,142706.0,142706.0,0.0,0.0,hard,32,1,0,10000000,sync_on,hard_p32_w1_i0_t10000000
6.78,330.0970873786408,330.0970873786408,330.0970873786408,2751836.0,2751836.0,2751836.0,142632.0,142632.0,142632.0,0.0,0.0,hard,32,1,0,10000000,sync_on,hard_p32_w1_i0_t10000000
6.85,0.0,0.0,0.0,2752324.0,2752324.0,2752324.0,145278.0,145278.0,145278.0,0.0,0.0,hard,32,1,0,10000000,sync_on,hard_p32_w1_i0_t10000000
6.86,843.1372549019609,843.1372549019609,843.1372549019609,2744872.0,2744872.0,2744872.0,143394.0,143394.0,143394.0,0.0,0.0,hard,32,1,0,10000000,sync_on,hard_p32_w1_i0_t10000000
6.87,265.68334578043317,262.1359223300971,269.2307692307692,2750028.0,2746412.0,2753644.0,142771.0,142720.0,142822.0,0.0,0.0,hard,32,1,0,10000000,sync_on,hard_p32_w1_i0_t10000000
6.88,192.30769230769232,192.30769230769232,192.30769230769232,2752020.0,2752020.0,2752020.0,142647.0,142647.0,142647.0,0.0,0.0,hard,32,1,0,10000000,sync_on,hard_p32_w1_i0_t10000000
6.95,0.0,0.0,0.0,2752324.0,2752324.0,2752324.0,145278.0,145278.0,145278.0,0.0,0.0,hard,32,1,0,10000000,sync_on,hard_p32_w1_i0_t10000000
6.96,1184.4660194174758,1184.4660194174758,1184.4660194174758,2749452.0,2749452.0,2749452.0,143455.0,143455.0,143455.0,0.0,0.0,hard,32,1,0,10000000,sync_on,hard_p32_w1_i0_t10000000
6.97,288.46153846153845,288.46153846153845,288.46153846153845,2753788.0,2753788.0,2753788.0,142846.0,142846.0,142846.0,0.0,0.0,hard,32,1,0,10000000,sync_on,hard_p32_w1_i0_t10000000
6.98,293.2692307692308,240.3846153846154,346.1538461538462,2749292.0,2746504.0,2752080.0,142697.0,142660.0,142734.0,0.0,0.0,hard,32,1,0,10000000,sync_on,hard_p32_w1_i0_t10000000
7.05,0.0,0.0,0.0,2752324.0,2752324.0,2752324.0,145278.0,145278.0,145278.0,0.0,0.0,hard,32,1,0,10000000,sync_on,hard_p32_w1_i0_t10000000
7.07,702.1116138763198,384.61538461538464,1019.6078431372549,2752434.0,2750996.0,2753872.0,143192.5,142867.0,143518.0,0.0,0.0,hard,32,1,0,10000000,sync_on,hard_p32_w1_i0_t10000000
7.08,252.42718446601944,252.42718446601944,252.42718446601944,2746568.0,2746568.0,2746568.0,142745.0,142745.0,142745.0,0.0,0.0,hard,32,1,0,10000000,sync_on,hard_p32_w1_i0_t10000000
7.09,106.79611650485438,106.79611650485438,106.79611650485438,2752128.0,2752128.0,2752128.0,142674.0,142674.0,142674.0,0.0,0.0,hard,32,1,0,10000000,sync_on,hard_p32_w1_i0_t10000000
7.16,0.0,0.0,0.0,2752324.0,2752324.0,2752324.0,145278.0,145278.0,145278.0,0.0,0.0,hard,32,1,0,10000000,sync_on,hard_p32_w1_i0_t10000000
7.17,1213.5922330097087,1213.5922330097087,1213.5922330097087,2752496.0,2752496.0,2752496.0,143578.0,143578.0,143578.0,0.0,0.0,hard,32,1,0,10000000,sync_on,hard_p32_w1_i0_t10000000
7.18,265.68334578043317,262.1359223300971,269.2307692307692,2750294.0,2746664.0,2753924.0,142817.0,142759.0,142875.0,0.0,0.0,hard,32,1,0,10000000,sync_on,hard_p32_w1_i0_t10000000
7.19,375.0,375.0,375.0,2752200.0,2752200.0,2752200.0,142686.0,142686.0,142686.0,0.0,0.0,hard,32,1,0,10000000,sync_on,hard_p32_w1_i0_t10000000
7.26,0.0,0.0,0.0,2752324.0,2752324.0,2752324.0,145278.0,145278.0,145278.0,0.0,0.0,hard,32,1,0,10000000,sync_on,hard_p32_w1_i0_t10000000
7.27,1048.5436893203885,1048.5436893203885,1048.5436893203885,2753416.0,2753416.0,2753416.0,139857.0,139857.0,139857.0,0.0,0.0,hard,32,1,0,10000000,sync_on,hard_p32_w1_i0_t10000000
7.28,192.30769230769232,192.30769230769232,192.30769230769232,2754044.0,2754044.0,2754044.0,142887.0,142887.0,142887.0,0.0,0.0,hard,32,1,0,10000000,sync_on,hard_p32_w1_i0_t10000000
7.29,379.8076923076923,259.61538461538464,500.0,2749570.0,2746832.0,2752308.0,142744.5,142709.0,142780.0,0.0,0.0,hard,32,1,0,10000000,sync_on,hard_p32_w1_i0_t10000000
7.36,153.84615384615384,153.84615384615384,153.84615384615384,2752404.0,2752404.0,2752404.0,145285.0,145285.0,145285.0,0.0,0.0,hard,32,1,0,10000000,sync_on,hard_p32_w1_i0_t10000000
7.37,1147.058823529412,1147.058823529412,1147.058823529412,2754228.0,2754228.0,2754228.0,139915.0,139915.0,139915.0,0.0,0.0,hard,32,1,0,10000000,sync_on,hard_p32_w1_i0_t10000000
7.38,211.53846153846155,211.53846153846155,211.53846153846155,2754140.0,2754140.0,2754140.0,142900.0,142900.0,142900.0,0.0,0.0,hard,32,1,0,10000000,sync_on,hard_p32_w1_i0_t10000000
7.39,281.55339805825247,281.55339805825247,281.55339805825247,2746952.0,2746952.0,2746952.0,142794.0,142794.0,142794.0,0.0,0.0,hard,32,1,0,10000000,sync_on,hard_p32_w1_i0_t10000000
7.4,291.2621359223301,291.2621359223301,291.2621359223301,2752572.0,2752572.0,2752572.0,142724.0,142724.0,142724.0,0.0,0.0,hard,32,1,0,10000000,sync_on,hard_p32_w1_i0_t10000000
7.46,156.86274509803923,156.86274509803923,156.86274509803923,2752476.0,2752476.0,2752476.0,146822.0,146822.0,146822.0,0.0,0.0,hard,32,1,0,10000000,sync_on,hard_p32_w1_i0_t10000000
7.47,1088.235294117647,1088.235294117647,1088.235294117647,2754572.0,2754572.0,2754572.0,139975.0,139975.0,139975.0,0.0,0.0,hard,32,1,0,10000000,sync_on,hard_p32_w1_i0_t10000000
7.49,251.44697535474234,201.92307692307693,300.97087378640776,2750672.0,2747100.0,2754244.0,142860.5,142807.0,142914.0,0.0,0.0,hard,32,1,0,10000000,sync_on,hard_p32_w1_i0_t10000000
7.5,307.6923076923077,307.6923076923077,307.6923076923077,2752676.0,2752676.0,2752676.0,142748.0,142748.0,142748.0,0.0,0.0,hard,32,1,0,10000000,sync_on,hard_p32_w1_i0_t10000000
7.57,145.63106796116506,145.63106796116506,145.63106796116506,2752592.0,2752592.0,2752592.0,147379.0,147379.0,147379.0,0.0,0.0,hard,32,1,0,10000000,sync_on,hard_p32_w1_i0_t10000000
7.58,1300.9708737864078,1300.9708737864078,1300.9708737864078,2755016.0,2755016.0,2755016.0,140043.0,140043.0,140043.0,0.0,0.0,hard,32,1,0,10000000,sync_on,hard_p32_w1_i0_t10000000
7.59,336.53846153846155,336.53846153846155,336.53846153846155,2754412.0,2754412.0,2754412.0,142940.0,142940.0,142940.0,0.0,0.0,hard,32,1,0,10000000,sync_on,hard_p32_w1_i0_t10000000
7.6,233.0097087378641,233.0097087378641,233.0097087378641,2747144.0,2747144.0,2747144.0,142817.0,142817.0,142817.0,0.0,0.0,hard,32,1,0,10000000,sync_on,hard_p32_w1_i0_t10000000
7.61,288.46153846153845,288.46153846153845,288.46153846153845,2752800.0,2752800.0,2752800.0,142755.0,142755.0,142755.0,0.0,0.0,hard,32,1,0,10000000,sync_on,hard_p32_w1_i0_t10000000
7.67,0.0,0.0,0.0,2752592.0,2752592.0,2752592.0,147379.0,147379.0,147379.0,0.0,0.0,hard,32,1,0,10000000,sync_on,hard_p32_w1_i0_t10000000
7.68,1098.0392156862745,1098.0392156862745,1098.0392156862745,2755416.0,2755416.0,2755416.0,140097.0,140097.0,140097.0,0.0,0.0,hard,32,1,0,10000000,sync_on,hard_p32_w1_i0_t10000000
7.7,350.96153846153845,240.3846153846154,461.53846153846155,2750874.0,2747284.0,2754464.0,142894.5,142838.0,142951.0,0.0,0.0,hard,32,1,0,10000000,sync_on,hard_p32_w1_i0_t10000000
7.71,145.63106796116506,145.63106796116506,145.63106796116506,2752868.0,2752868.0,2752868.0,142767.0,142767.0,142767.0,0.0,0.0,hard,32,1,0,10000000,sync_on,hard_p32_w1_i0_t10000000
7.78,567.9611650485438,0.0,1135.9223300970875,2754194.0,2752592.0,2755796.0,143901.5,140424.0,147379.0,0.0,0.0,hard,32,1,0,10000000,sync_on,hard_p32_w1_i0_t10000000
7.8,347.9275578790142,326.92307692307696,368.93203883495147,2750986.0,2747352.0,2754620.0,142907.5,142851.0,142964.0,0.0,0.0,hard,32,1,0,10000000,sync_on,hard_p32_w1_i0_t10000000
7.81,240.3846153846154,240.3846153846154,240.3846153846154,2753132.0,2753132.0,2753132.0,142782.0,142782.0,142782.0,0.0,0.0,hard,32,1,0,10000000,sync_on,hard_p32_w1_i0_t10000000
7.88,519.6078431372549,0.0,1039.2156862745098,2754320.0,2752592.0,2756048.0,141906.0,136433.0,147379.0,0.0,0.0,hard,32,1,0,10000000,sync_on,hard_p32_w1_i0_t10000000
7.9,278.84615384615387,278.84615384615387,278.84615384615387,2754856.0,2754856.0,2754856.0,142977.0,142977.0,142977.0,0.0,0.0,hard,32,1,0,10000000,sync_on,hard_p32_w1_i0_t10000000
7.91,184.46601941747574,184.46601941747574,184.46601941747574,2747472.0,2747472.0,2747472.0,142862.0,142862.0,142862.0,0.0,0.0,hard,32,1,0,10000000,sync_on,hard_p32_w1_i0_t10000000
7.92,259.61538461538464,259.61538461538464,259.61538461538464,2753204.0,2753204.0,2753204.0,142797.0,142797.0,142797.0,0.0,0.0,hard,32,1,0,10000000,sync_on,hard_p32_w1_i0_t10000000
7.98,0.0,0.0,0.0,2752592.0,2752592.0,2752592.0,147379.0,147379.0,147379.0,0.0,0.0,hard,32,1,0,10000000,sync_on,hard_p32_w1_i0_t10000000
7.99,1117.6470588235295,1117.6470588235295,1117.6470588235295,2756616.0,2756616.0,2756616.0,136494.0,136494.0,136494.0,0.0,0.0,hard,32,1,0,10000000,sync_on,hard_p32_w1_i0_t10000000
8.01,290.2352501867065,211.53846153846155,368.93203883495147,2751256.0,2747532.0,2754980.0,142931.0,142876.0,142986.0,0.0,0.0,hard,32,1,0,10000000,sync_on,hard_p32_w1_i0_t10000000
8.02,252.42718446601944,252.42718446601944,252.42718446601944,2753256.0,2753256.0,2753256.0,142809.0,142809.0,142809.0,0.0,0.0,hard,32,1,0,10000000,sync_on,hard_p32_w1_i0_t10000000
8.09,549.0196078431372,0.0,1098.0392156862745,2754712.0,2752592.0,2756832.0,141967.5,136556.0,147379.0,0.0,0.0,hard,32,1,0,10000000,sync_on,hard_p32_w1_i0_t10000000
8.11,57.69230769230769,57.69230769230769,57.69230769230769,2755000.0,2755000.0,2755000.0,142992.0,142992.0,142992.0,0.0,0.0,hard,32,1,0,10000000,sync_on,hard_p32_w1_i0_t10000000
8.12,197.11538461538464,192.30769230769232,201.92307692307693,2750428.0,2747552.0,2753304.0,142855.0,142821.0,142889.0,0.0,0.0,hard,32,1,0,10000000,sync_on,hard_p32_w1_i0_t10000000
8.19,514.7058823529412,0.0,1029.4117647058824,2754830.0,2752592.0,2757068.0,141995.0,136611.0,147379.0,0.0,0.0,hard,32,1,0,10000000,sync_on,hard_p32_w1_i0_t10000000
8.21,0.0,0.0,0.0,2755000.0,2755000.0,2755000.0,142992.0,142992.0,142992.0,0.0,0.0,hard,32,1,0,10000000,sync_on,hard_p32_w1_i0_t10000000
8.22,291.2621359223301,291.2621359223301,291.2621359223301,2747704.0,2747704.0,2747704.0,142904.0,142904.0,142904.0,0.0,0.0,hard,32,1,0,10000000,sync_on,hard_p32_w1_i0_t10000000
8.23,298.0769230769231,298.0769230769231,298.0769230769231,2753364.0,2753364.0,2753364.0,142834.0,142834.0,142834.0,0.0,0.0,hard,32,1,0,10000000,sync_on,hard_p32_w1_i0_t10000000
8.29,578.4313725490197,0.0,1156.8627450980393,2754970.0,2752592.0,2757348.0,142022.5,136666.0,147379.0,0.0,0.0,hard,32,1,0,10000000,sync_on,hard_p32_w1_i0_t10000000
8.32,183.57916355489172,182.6923076923077,184.46601941747574,2751396.0,2747764.0,2755028.0,142963.0,142922.0,143004.0,0.0,0.0,hard,32,1,0,10000000,sync_on,hard_p32_w1_i0_t10000000
8.33,303.921568627451,303.921568627451,303.921568627451,2753520.0,2753520.0,2753520.0,142843.0,142843.0,142843.0,0.0,0.0,hard,32,1,0,10000000,sync_on,hard_p32_w1_i0_t10000000
8.39,1078.4313725490197,1078.4313725490197,1078.4313725490197,2757576.0,2757576.0,2757576.0,136736.0,136736.0,136736.0,0.0,0.0,hard,32,1,0,10000000,sync_on,hard_p32_w1_i0_t10000000
8.4,0.0,0.0,0.0,2752592.0,2752592.0,2752592.0,147379.0,147379.0,147379.0,0.0,0.0,hard,32,1,0,10000000,sync_on,hard_p32_w1_i0_t10000000
8.42,307.6923076923077,307.6923076923077,307.6923076923077,2755084.0,2755084.0,2755084.0,143025.0,143025.0,143025.0,0.0,0.0,hard,32,1,0,10000000,sync_on,hard_p32_w1_i0_t10000000
8.43,291.2621359223301,262.1359223300971,320.3883495145631,2750694.0,2747816.0,2753572.0,142899.0,142858.0,142940.0,0.0,0.0,hard,32,1,0,10000000,sync_on,hard_p32_w1_i0_t10000000
8.5,622.5490196078432,0.0,1245.0980392156864,2755284.0,2752592.0,2757976.0,142083.5,136788.0,147379.0,0.0,0.0,hard,32,1,0,10000000,sync_on,hard_p32_w1_i0_t10000000
8.52,173.0769230769231,173.0769230769231,173.0769230769231,2755092.0,2755092.0,2755092.0,143045.0,143045.0,143045.0,0.0,0.0,hard,32,1,0,10000000,sync_on,hard_p32_w1_i0_t10000000
8.53,182.6923076923077,182.6923076923077,182.6923076923077,2747844.0,2747844.0,2747844.0,142948.0,142948.0,142948.0,0.0,0.0,hard,32,1,0,10000000,sync_on,hard_p32_w1_i0_t10000000
8.54,221.15384615384616,221.15384615384616,221.15384615384616,2753620.0,2753620.0,2753620.0,142877.0,142877.0,142877.0,0.0,0.0,hard,32,1,0,10000000,sync_on,hard_p32_w1_i0_t10000000
8.6,1245.0980392156864,1245.0980392156864,1245.0980392156864,2758484.0,2758484.0,2758484.0,133064.0,133064.0,133064.0,0.0,0.0,hard,32,1,0,10000000,sync_on,hard_p32_w1_i0_t10000000
8.61,221.15384615384616,221.15384615384616,221.15384615384616,2752592.0,2752592.0,2752592.0,147596.0,147596.0,147596.0,0.0,0.0,hard,32,1,0,10000000,sync_on,hard_p32_w1_i0_t10000000
8.63,250.98020911127708,203.8834951456311,298.0769230769231,2751516.0,2747904.0,2755128.0,143007.0,142962.0,143052.0,0.0,0.0,hard,32,1,0,10000000,sync_on,hard_p32_w1_i0_t10000000
8.64,230.76923076923077,230.76923076923077,230.76923076923077,2753656.0,2753656.0,2753656.0,142886.0,142886.0,142886.0,0.0,0.0,hard,32,1,0,10000000,sync_on,hard_p32_w1_i0_t10000000
8.7,1058.8235294117649,1058.8235294117649,1058.8235294117649,2758732.0,2758732.0,2758732.0,133127.0,133127.0,133127.0,0.0,0.0,hard,32,1,0,10000000,sync_on,hard_p32_w1_i0_t10000000
8.71,223.3009708737864,223.3009708737864,223.3009708737864,2752656.0,2752656.0,2752656.0,149436.0,149436.0,149436.0,0.0,0.0,hard,32,1,0,10000000,sync_on,hard_p32_w1_i0_t10000000
8.73,317.3076923076923,317.3076923076923,317.3076923076923,2755240.0,2755240.0,2755240.0,143069.0,143069.0,143069.0,0.0,0.0,hard,32,1,0,10000000,sync_on,hard_p32_w1_i0_t10000000
8.74,256.0679611650486,250.0,262.1359223300971,2750880.0,2748028.0,2753732.0,142937.5,142901.0,142974.0,0.0,0.0,hard,32,1,0,10000000,sync_on,hard_p32_w1_i0_t10000000
8.8,1237.6237623762374,1237.6237623762374,1237.6237623762374,2758948.0,2758948.0,2758948.0,133196.0,133196.0,133196.0,0.0,0.0,hard,32,1,0,10000000,sync_on,hard_p32_w1_i0_t10000000
8.81,48.07692307692308,48.07692307692308,48.07692307692308,2752740.0,2752740.0,2752740.0,149463.0,149463.0,149463.0,0.0,0.0,hard,32,1,0,10000000,sync_on,hard_p32_w1_i0_t10000000
8.84,193.24122479462287,192.30769230769232,194.1747572815534,2751738.0,2748076.0,2755400.0,143037.0,142991.0,143083.0,0.0,0.0,hard,32,1,0,10000000,sync_on,hard_p32_w1_i0_t10000000
8.85,163.46153846153848,163.46153846153848,163.46153846153848,2753768.0,2753768.0,2753768.0,142918.0,142918.0,142918.0,0.0,0.0,hard,32,1,0,10000000,sync_on,hard_p32_w1_i0_t10000000
8.9,1184.4660194174758,1184.4660194174758,1184.4660194174758,2759228.0,2759228.0,2759228.0,133256.0,133256.0,133256.0,0.0,0.0,hard,32,1,0,10000000,sync_on,hard_p32_w1_i0_t10000000
8.91,0.0,0.0,0.0,2752740.0,2752740.0,2752740.0,149463.0,149463.0,149463.0,0.0,0.0,hard,32,1,0,10000000,sync_on,hard_p32_w1_i0_t10000000
8.94,359.2233009708738,359.2233009708738,359.2233009708738,2755476.0,2755476.0,2755476.0,143099.0,143099.0,143099.0,0.0,0.0,hard,32,1,0,10000000,sync_on,hard_p32_w1_i0_t10000000
8.95,331.7307692307693,317.3076923076923,346.1538461538462,2750976.0,2748128.0,2753824.0,142965.0,142931.0,142999.0,0.0,0.0,hard,32,1,0,10000000,sync_on,hard_p32_w1_i0_t10000000
9.01,1166.6666666666667,1166.6666666666667,1166.6666666666667,2759580.0,2759580.0,2759580.0,133304.0,133304.0,133304.0,0.0,0.0,hard,32,1,0,10000000,sync_on,hard_p32_w1_i0_t10000000
9.02,0.0,0.0,0.0,2752740.0,2752740.0,2752740.0,149463.0,149463.0,149463.0,0.0,0.0,hard,32,1,0,10000000,sync_on,hard_p32_w1_i0_t10000000
9.04,163.46153846153848,163.46153846153848,163.46153846153848,2755516.0,2755516.0,2755516.0,143110.0,143110.0,143110.0,0.0,0.0,hard,32,1,0,10000000,sync_on,hard_p32_w1_i0_t10000000
9.05,178.49141150112024,126.21359223300972,230.76923076923077,2751022.0,2748180.0,2753864.0,142982.5,142948.0,143017.0,0.0,0.0,hard,32,1,0,10000000,sync_on,hard_p32_w1_i0_t10000000
9.11,1166.6666666666667,1166.6666666666667,1166.6666666666667,2759856.0,2759856.0,2759856.0,133362.0,133362.0,133362.0,0.0,0.0,hard,32,1,0,10000000,sync_on,hard_p32_w1_i0_t10000000
9.12,0.0,0.0,0.0,2752740.0,2752740.0,2752740.0,149463.0,149463.0,149463.0,0.0,0.0,hard,32,1,0,10000000,sync_on,hard_p32_w1_i0_t10000000
9.15,278.8461538461538,269.2307692307692,288.46153846153845,2751894.0,2748236.0,2755552.0,143082.0,143029.0,143135.0,0.0,0.0,hard,32,1,0,10000000,sync_on,hard_p32_w1_i0_t10000000
9.16,336.53846153846155,336.53846153846155,336.53846153846155,2754020.0,2754020.0,2754020.0,142961.0,142961.0,142961.0,0.0,0.0,hard,32,1,0,10000000,sync_on,hard_p32_w1_i0_t10000000
9.21,1019.6078431372549,1019.6078431372549,1019.6078431372549,2760104.0,2760104.0,2760104.0,133418.0,133418.0,133418.0,0.0,0.0,hard,32,1,0,10000000,sync_on,hard_p32_w1_i0_t10000000
9.23,0.0,0.0,0.0,2752740.0,2752740.0,2752740.0,149463.0,149463.0,149463.0,0.0,0.0,hard,32,1,0,10000000,sync_on,hard_p32_w1_i0_t10000000
9.25,233.0097087378641,233.0097087378641,233.0097087378641,2755608.0,2755608.0,2755608.0,143144.0,143144.0,143144.0,0.0,0.0,hard,32,1,0,10000000,sync_on,hard_p32_w1_i0_t10000000
9.26,255.88125466766243,223.3009708737864,288.46153846153845,2751176.0,2748280.0,2754072.0,143010.5,142975.0,143046.0,0.0,0.0,hard,32,1,0,10000000,sync_on,hard_p32_w1_i0_t10000000
9.31,1158.4158415841584,1158.4158415841584,1158.4158415841584,2760496.0,2760496.0,2760496.0,133478.0,133478.0,133478.0,0.0,0.0,hard,32,1,0,10000000,sync_on,hard_p32_w1_i0_t10000000
9.33,0.0,0.0,0.0,2752740.0,2752740.0,2752740.0,149463.0,149463.0,149463.0,0.0,0.0,hard,32,1,0,10000000,sync_on,hard_p32_w1_i0_t10000000
9.35,163.46153846153848,163.46153846153848,163.46153846153848,2755644.0,2755644.0,2755644.0,143159.0,143159.0,143159.0,0.0,0.0,hard,32,1,0,10000000,sync_on,hard_p32_w1_i0_t10000000
9.36,240.3846153846154,240.3846153846154,240.3846153846154,2748412.0,2748412.0,2748412.0,143064.0,143064.0,143064.0,0.0,0.0,hard,32,1,0,10000000,sync_on,hard_p32_w1_i0_t10000000
9.37,427.1844660194175,427.1844660194175,427.1844660194175,2754248.0,2754248.0,2754248.0,142989.0,142989.0,142989.0,0.0,0.0,hard,32,1,0,10000000,sync_on,hard_p32_w1_i0_t10000000
9.42,1211.5384615384617,1211.5384615384617,1211.5384615384617,2760672.0,2760672.0,2760672.0,133549.0,133549.0,133549.0,0.0,0.0,hard,32,1,0,10000000,sync_on,hard_p32_w1_i0_t10000000
9.43,0.0,0.0,0.0,2752740.0,2752740.0,2752740.0,149463.0,149463.0,149463.0,0.0,0.0,hard,32,1,0,10000000,sync_on,hard_p32_w1_i0_t10000000
9.46,315.5339805825243,310.67961165048547,320.3883495145631,2752204.0,2748544.0,2755864.0,143308.5,143078.0,143539.0,0.0,0.0,hard,32,1,0,10000000,sync_on,hard_p32_w1_i0_t10000000
9.47,182.6923076923077,182.6923076923077,182.6923076923077,2754280.0,2754280.0,2754280.0,143003.0,143003.0,143003.0,0.0,0.0,hard,32,1,0,10000000,sync_on,hard_p32_w1_i0_t10000000
9.52,1126.2135922330099,1126.2135922330099,1126.2135922330099,2760976.0,2760976.0,2760976.0,133607.0,133607.0,133607.0,0.0,0.0,hard,32,1,0,10000000,sync_on,hard_p32_w1_i0_t10000000
9.54,0.0,0.0,0.0,2752740.0,2752740.0,2752740.0,149465.0,149465.0,149465.0,0.0,0.0,hard,32,1,0,10000000,sync_on,hard_p32_w1_i0_t10000000
9.56,192.30769230769232,192.30769230769232,192.30769230769232,2755952.0,2755952.0,2755952.0,145254.0,145254.0,145254.0,0.0,0.0,hard,32,1,0,10000000,sync_on,hard_p32_w1_i0_t10000000
9.57,259.61538461538464,192.30769230769232,326.92307692307696,2751470.0,2748580.0,2754360.0,143055.5,143026.0,143085.0,0.0,0.0,hard,32,1,0,10000000,sync_on,hard_p32_w1_i0_t10000000
9.62,1117.6470588235295,1117.6470588235295,1117.6470588235295,2761220.0,2761220.0,2761220.0,133665.0,133665.0,133665.0,0.0,0.0,hard,32,1,0,10000000,sync_on,hard_p32_w1_i0_t10000000
9.64,0.0,0.0,0.0,2752740.0,2752740.0,2752740.0,149465.0,149465.0,149465.0,0.0,0.0,hard,32,1,0,10000000,sync_on,hard_p32_w1_i0_t10000000
9.66,96.15384615384616,96.15384615384616,96.15384615384616,2755964.0,2755964.0,2755964.0,145259.0,145259.0,145259.0,0.0,0.0,hard,32,1,0,10000000,sync_on,hard_p32_w1_i0_t10000000
9.67,192.30769230769232,192.30769230769232,192.30769230769232,2748728.0,2748728.0,2748728.0,143101.0,143101.0,143101.0,0.0,0.0,hard,32,1,0,10000000,sync_on,hard_p32_w1_i0_t10000000
9.68,291.2621359223301,291.2621359223301,291.2621359223301,2754420.0,2754420.0,2754420.0,143042.0,143042.0,143042.0,0.0,0.0,hard,32,1,0,10000000,sync_on,hard_p32_w1_i0_t10000000
9.72,1196.0784313725492,1196.0784313725492,1196.0784313725492,2761536.0,2761536.0,2761536.0,133725.0,133725.0,133725.0,0.0,0.0,hard,32,1,0,10000000,sync_on,hard_p32_w1_i0_t10000000
9.74,0.0,0.0,0.0,2752740.0,2752740.0,2752740.0,149465.0,149465.0,149465.0,0.0,0.0,hard,32,1,0,10000000,sync_on,hard_p32_w1_i0_t10000000
9.77,166.66666666666669,0.0,333.33333333333337,2752434.0,2748904.0,2755964.0,144183.0,143107.0,145259.0,0.0,0.0,hard,32,1,0,10000000,sync_on,hard_p32_w1_i0_t10000000
9.78,173.0769230769231,173.0769230769231,173.0769230769231,2754456.0,2754456.0,2754456.0,143051.0,143051.0,143051.0,0.0,0.0,hard,32,1,0,10000000,sync_on,hard_p32_w1_i0_t10000000
9.82,1168.3168316831682,1168.3168316831682,1168.3168316831682,2761812.0,2761812.0,2761812.0,133776.0,133776.0,133776.0,0.0,0.0,hard,32,1,0,10000000,sync_on,hard_p32_w1_i0_t10000000
9.85,259.61538461538464,259.61538461538464,259.61538461538464,2752804.0,2752804.0,2752804.0,150398.0,150398.0,150398.0,0.0,0.0,hard,32,1,0,10000000,sync_on,hard_p32_w1_i0_t10000000
9.87,0.0,0.0,0.0,2755964.0,2755964.0,2755964.0,145259.0,145259.0,145259.0,0.0,0.0,hard,32,1,0,10000000,sync_on,hard_p32_w1_i0_t10000000
9.88,197.11538461538464,192.30769230769232,201.92307692307693,2751728.0,2748944.0,2754512.0,143094.0,143062.0,143126.0,0.0,0.0,hard,32,1,0,10000000,sync_on,hard_p32_w1_i0_t10000000
9.93,1127.450980392157,1127.450980392157,1127.450980392157,2762044.0,2762044.0,2762044.0,133835.0,133835.0,133835.0,0.0,0.0,hard,32,1,0,10000000,sync_on,hard_p32_w1_i0_t10000000
9.95,134.6153846153846,134.6153846153846,134.6153846153846,2752948.0,2752948.0,2752948.0,151558.0,151558.0,151558.0,0.0,0.0,hard,32,1,0,10000000,sync_on,hard_p32_w1_i0_t10000000
9.97,0.0,0.0,0.0,2755964.0,2755964.0,2755964.0,145259.0,145259.0,145259.0,0.0,0.0,hard,32,1,0,10000000,sync_on,hard_p32_w1_i0_t10000000
9.98,320.3883495145631,320.3883495145631,320.3883495145631,2749052.0,2749052.0,2749052.0,143142.0,143142.0,143142.0,0.0,0.0,hard,32,1,0,10000000,sync_on,hard_p32_w1_i0_t10000000
9.99,203.8834951456311,203.8834951456311,203.8834951456311,2754576.0,2754576.0,2754576.0,143074.0,143074.0,143074.0,0.0,0.0,hard,32,1,0,10000000,sync_on,hard_p32_w1_i0_t10000000
10.03,1068.6274509803923,1068.6274509803923,1068.6274509803923,2762320.0,2762320.0,2762320.0,133891.0,133891.0,133891.0,0.0,0.0,hard,32,1,0,10000000,sync_on,hard_p32_w1_i0_t10000000
10.05,0.0,0.0,0.0,2752948.0,2752948.0,2752948.0,151558.0,151558.0,151558.0,0.0,0.0,hard,32,1,0,10000000,sync_on,hard_p32_w1_i0_t10000000
10.08,91.34615384615385,0.0,182.6923076923077,2752546.0,2749128.0,2755964.0,144400.0,143541.0,145259.0,0.0,0.0,hard,32,1,0,10000000,sync_on,hard_p32_w1_i0_t10000000
10.09,240.3846153846154,240.3846153846154,240.3846153846154,2754624.0,2754624.0,2754624.0,143091.0,143091.0,143091.0,0.0,0.0,hard,32,1,0,10000000,sync_on,hard_p32_w1_i0_t10000000
10.13,1166.6666666666667,1166.6666666666667,1166.6666666666667,2762592.0,2762592.0,2762592.0,133950.0,133950.0,133950.0,0.0,0.0,hard,32,1,0,10000000,sync_on,hard_p32_w1_i0_t10000000
10.16,0.0,0.0,0.0,2752948.0,2752948.0,2752948.0,151558.0,151558.0,151558.0,0.0,0.0,hard,32,1,0,10000000,sync_on,hard_p32_w1_i0_t10000000
10.18,0.0,0.0,0.0,2755964.0,2755964.0,2755964.0,145259.0,145259.0,145259.0,0.0,0.0,hard,32,1,0,10000000,sync_on,hard_p32_w1_i0_t10000000
10.19,288.46153846153845,288.46153846153845,288.46153846153845,2749272.0,2749272.0,2749272.0,145237.0,145237.0,145237.0,0.0,0.0,hard,32,1,0,10000000,sync_on,hard_p32_w1_i0_t10000000
10.2,384.61538461538464,384.61538461538464,384.61538461538464,2754684.0,2754684.0,2754684.0,143112.0,143112.0,143112.0,0.0,0.0,hard,32,1,0,10000000,sync_on,hard_p32_w1_i0_t10000000
10.23,1196.0784313725492,1196.0784313725492,1196.0784313725492,2762908.0,2762908.0,2762908.0,134003.0,134003.0,134003.0,0.0,0.0,hard,32,1,0,10000000,sync_on,hard_p32_w1_i0_t10000000
10.26,0.0,0.0,0.0,2752948.0,2752948.0,2752948.0,151558.0,151558.0,151558.0,0.0,0.0,hard,32,1,0,10000000,sync_on,hard_p32_w1_i0_t10000000
10.29,0.0,0.0,0.0,2752620.0,2749276.0,2755964.0,145248.0,145237.0,145259.0,0.0,0.0,hard,32,1,0,10000000,sync_on,hard_p32_w1_i0_t10000000
10.3,194.1747572815534,194.1747572815534,194.1747572815534,2754724.0,2754724.0,2754724.0,143124.0,143124.0,143124.0,0.0,0.0,hard,32,1,0,10000000,sync_on,hard_p32_w1_i0_t10000000
10.33,1217.8217821782177,1217.8217821782177,1217.8217821782177,2763224.0,2763224.0,2763224.0,134066.0,134066.0,134066.0,0.0,0.0,hard,32,1,0,10000000,sync_on,hard_p32_w1_i0_t10000000
10.37,0.0,0.0,0.0,2752948.0,2752948.0,2752948.0,151558.0,151558.0,151558.0,0.0,0.0,hard,32,1,0,10000000,sync_on,hard_p32_w1_i0_t10000000
10.39,0.0,0.0,0.0,2752620.0,2749276.0,2755964.0,145248.0,145237.0,145259.0,0.0,0.0,hard,32,1,0,10000000,sync_on,hard_p32_w1_i0_t10000000
10.4,288.46153846153845,288.46153846153845,288.46153846153845,2754776.0,2754776.0,2754776.0,143136.0,143136.0,143136.0,0.0,0.0,hard,32,1,0,10000000,sync_on,hard_p32_w1_i0_t10000000
10.44,1254.9019607843138,1254.9019607843138,1254.9019607843138,2763500.0,2763500.0,2763500.0,134130.0,134130.0,134130.0,0.0,0.0,hard,32,1,0,10000000,sync_on,hard_p32_w1_i0_t10000000
10.47,0.0,0.0,0.0,2752948.0,2752948.0,2752948.0,151558.0,151558.0,151558.0,0.0,0.0,hard,32,1,0,10000000,sync_on,hard_p32_w1_i0_t10000000
10.49,0.0,0.0,0.0,2755964.0,2755964.0,2755964.0,145259.0,145259.0,145259.0,0.0,0.0,hard,32,1,0,10000000,sync_on,hard_p32_w1_i0_t10000000
10.5,0.0,0.0,0.0,2749276.0,2749276.0,2749276.0,145237.0,145237.0,145237.0,0.0,0.0,hard,32,1,0,10000000,sync_on,hard_p32_w1_i0_t10000000
10.51,326.92307692307696,326.92307692307696,326.92307692307696,2755032.0,2755032.0,2755032.0,143654.0,143654.0,143654.0,0.0,0.0,hard,32,1,0,10000000,sync_on,hard_p32_w1_i0_t10000000
10.54,1019.6078431372549,1019.6078431372549,1019.6078431372549,2763800.0,2763800.0,2763800.0,134187.0,134187.0,134187.0,0.0,0.0,hard,32,1,0,10000000,sync_on,hard_p32_w1_i0_t10000000
10.57,0.0,0.0,0.0,2752948.0,2752948.0,2752948.0,151558.0,151558.0,151558.0,0.0,0.0,hard,32,1,0,10000000,sync_on,hard_p32_w1_i0_t10000000
10.6,0.0,0.0,0.0,2752620.0,2749276.0,2755964.0,145248.0,145237.0,145259.0,0.0,0.0,hard,32,1,0,10000000,sync_on,hard_p32_w1_i0_t10000000
10.61,194.1747572815534,194.1747572815534,194.1747572815534,2755104.0,2755104.0,2755104.0,145233.0,145233.0,145233.0,0.0,0.0,hard,32,1,0,10000000,sync_on,hard_p32_w1_i0_t10000000
10.64,1098.0392156862745,1098.0392156862745,1098.0392156862745,2764128.0,2764128.0,2764128.0,134252.0,134252.0,134252.0,0.0,0.0,hard,32,1,0,10000000,sync_on,hard_p32_w1_i0_t10000000
10.68,0.0,0.0,0.0,2752948.0,2752948.0,2752948.0,151558.0,151558.0,151558.0,0.0,0.0,hard,32,1,0,10000000,sync_on,hard_p32_w1_i0_t10000000
10.7,144.23076923076923,144.23076923076923,144.23076923076923,2755988.0,2755988.0,2755988.0,145789.0,145789.0,145789.0,0.0,0.0,hard,32,1,0,10000000,sync_on,hard_p32_w1_i0_t10000000
10.71,0.0,0.0,0.0,2752190.0,2749276.0,2755104.0,145235.0,145233.0,145237.0,0.0,0.0,hard,32,1,0,10000000,sync_on,hard_p32_w1_i0_t10000000
10.74,1116.504854368932,1116.504854368932,1116.504854368932,2764368.0,2764368.0,2764368.0,134313.0,134313.0,134313.0,0.0,0.0,hard,32,1,0,10000000,sync_on,hard_p32_w1_i0_t10000000
10.78,0.0,0.0,0.0,2752948.0,2752948.0,2752948.0,151558.0,151558.0,151558.0,0.0,0.0,hard,32,1,0,10000000,sync_on,hard_p32_w1_i0_t10000000
10.8,201.92307692307693,201.92307692307693,201.92307692307693,2756120.0,2756120.0,2756120.0,147351.0,147351.0,147351.0,0.0,0.0,hard,32,1,0,10000000,sync_on,hard_p32_w1_i0_t10000000
10.81,0.0,0.0,0.0,2749276.0,2749276.0,2749276.0,145237.0,145237.0,145237.0,0.0,0.0,hard,32,1,0,10000000,sync_on,hard_p32_w1_i0_t10000000
10.82,0.0,0.0,0.0,2755104.0,2755104.0,2755104.0,145233.0,145233.0,145233.0,0.0,0.0,hard,32,1,0,10000000,sync_on,hard_p32_w1_i0_t10000000
10.84,1000.0000000000001,1000.0000000000001,1000.0000000000001,2764656.0,2764656.0,2764656.0,134363.0,134363.0,134363.0,0.0,0.0,hard,32,1,0,10000000,sync_on,hard_p32_w1_i0_t10000000
10.88,0.0,0.0,0.0,2752948.0,2752948.0,2752948.0,151558.0,151558.0,151558.0,0.0,0.0,hard,32,1,0,10000000,sync_on,hard_p32_w1_i0_t10000000
10.91,14.563106796116505,0.0,29.12621359223301,2752704.0,2749276.0,2756132.0,146294.0,145237.0,147351.0,0.0,0.0,hard,32,1,0,10000000,sync_on,hard_p32_w1_i0_t10000000
10.92,0.0,0.0,0.0,2755104.0,2755104.0,2755104.0,145233.0,145233.0,145233.0,0.0,0.0,hard,32,1,0,10000000,sync_on,hard_p32_w1_i0_t10000000
10.95,1038.8349514563108,1038.8349514563108,1038.8349514563108,2764896.0,2764896.0,2764896.0,134413.0,134413.0,134413.0,0.0,0.0,hard,32,1,0,10000000,sync_on,hard_p32_w1_i0_t10000000
10.99,76.92307692307692,76.92307692307692,76.92307692307692,2752948.0,2752948.0,2752948.0,151558.0,151558.0,151558.0,0.0,0.0,hard,32,1,0,10000000,sync_on,hard_p32_w1_i0_t10000000
11.01,0.0,0.0,0.0,2756132.0,2756132.0,2756132.0,147351.0,147351.0,147351.0,0.0,0.0,hard,32,1,0,10000000,sync_on,hard_p32_w1_i0_t10000000
11.02,0.0,0.0,0.0,2752190.0,2749276.0,2755104.0,145235.0,145233.0,145237.0,0.0,0.0,hard,32,1,0,10000000,sync_on,hard_p32_w1_i0_t10000000
11.05,1201.923076923077,1201.923076923077,1201.923076923077,2765244.0,2765244.0,2765244.0,134471.0,134471.0,134471.0,0.0,0.0,hard,32,1,0,10000000,sync_on,hard_p32_w1_i0_t10000000
11.09,106.79611650485438,106.79611650485438,106.79611650485438,2752984.0,2752984.0,2752984.0,152301.0,152301.0,152301.0,0.0,0.0,hard,32,1,0,10000000,sync_on,hard_p32_w1_i0_t10000000
11.12,0.0,0.0,0.0,2752704.0,2749276.0,2756132.0,146294.0,145237.0,147351.0,0.0,0.0,hard,32,1,0,10000000,sync_on,hard_p32_w1_i0_t10000000
11.13,0.0,0.0,0.0,2755104.0,2755104.0,2755104.0,145233.0,145233.0,145233.0,0.0,0.0,hard,32,1,0,10000000,sync_on,hard_p32_w1_i0_t10000000
11.15,1227.7227722772277,1227.7227722772277,1227.7227722772277,2765544.0,2765544.0,2765544.0,134528.0,134528.0,134528.0,0.0,0.0,hard,32,1,0,10000000,sync_on,hard_p32_w1_i0_t10000000
11.2,0.0,0.0,0.0,2752984.0,2752984.0,2752984.0,152301.0,152301.0,152301.0,0.0,0.0,hard,32,1,0,10000000,sync_on,hard_p32_w1_i0_t10000000
11.22,120.1923076923077,0.0,240.3846153846154,2752730.0,2749328.0,2756132.0,146300.0,145249.0,147351.0,0.0,0.0,hard,32,1,0,10000000,sync_on,hard_p32_w1_i0_t10000000
11.23,0.0,0.0,0.0,2755104.0,2755104.0,2755104.0,145233.0,145233.0,145233.0,0.0,0.0,hard,32,1,0,10000000,sync_on,hard_p32_w1_i0_t10000000
11.25,1058.8235294117649,1058.8235294117649,1058.8235294117649,2765756.0,2765756.0,2765756.0,134626.0,134626.0,134626.0,0.0,0.0,hard,32,1,0,10000000,sync_on,hard_p32_w1_i0_t10000000
11.3,0.0,0.0,0.0,2752984.0,2752984.0,2752984.0,152301.0,152301.0,152301.0,0.0,0.0,hard,32,1,0,10000000,sync_on,hard_p32_w1_i0_t10000000
11.32,0.0,0.0,0.0,2756132.0,2756132.0,2756132.0,147351.0,147351.0,147351.0,0.0,0.0,hard,32,1,0,10000000,sync_on,hard_p32_w1_i0_t10000000
11.33,173.0769230769231,173.0769230769231,173.0769230769231,2749436.0,2749436.0,2749436.0,147197.0,147197.0,147197.0,0.0,0.0,hard,32,1,0,10000000,sync_on,hard_p32_w1_i0_t10000000
11.34,0.0,0.0,0.0,2755104.0,2755104.0,2755104.0,145233.0,145233.0,145233.0,0.0,0.0,hard,32,1,0,10000000,sync_on,hard_p32_w1_i0_t10000000
11.36,794.1176470588235,794.1176470588235,794.1176470588235,2766044.0,2766044.0,2766044.0,136480.0,136480.0,136480.0,0.0,0.0,hard,32,1,0,10000000,sync_on,hard_p32_w1_i0_t10000000
11.4,48.54368932038835,48.54368932038835,48.54368932038835,2752988.0,2752988.0,2752988.0,152305.0,152305.0,152305.0,0.0,0.0,hard,32,1,0,10000000,sync_on,hard_p32_w1_i0_t10000000
11.43,0.0,0.0,0.0,2752808.0,2749484.0,2756132.0,147341.5,147332.0,147351.0,0.0,0.0,hard,32,1,0,10000000,sync_on,hard_p32_w1_i0_t10000000
11.44,0.0,0.0,0.0,2755104.0,2755104.0,2755104.0,145233.0,145233.0,145233.0,0.0,0.0,hard,32,1,0,10000000,sync_on,hard_p32_w1_i0_t10000000
11.46,1000.0000000000001,1000.0000000000001,1000.0000000000001,2764584.0,2764584.0,2764584.0,134690.0,134690.0,134690.0,0.0,0.0,hard,32,1,0,10000000,sync_on,hard_p32_w1_i0_t10000000
11.51,96.15384615384616,96.15384615384616,96.15384615384616,2753008.0,2753008.0,2753008.0,152313.0,152313.0,152313.0,0.0,0.0,hard,32,1,0,10000000,sync_on,hard_p32_w1_i0_t10000000
11.53,0.0,0.0,0.0,2756132.0,2756132.0,2756132.0,147351.0,147351.0,147351.0,0.0,0.0,hard,32,1,0,10000000,sync_on,hard_p32_w1_i0_t10000000
11.54,0.0,0.0,0.0,2752294.0,2749484.0,2755104.0,146284.0,145236.0,147332.0,0.0,0.0,hard,32,1,0,10000000,sync_on,hard_p32_w1_i0_t10000000
11.56,961.1650485436894,961.1650485436894,961.1650485436894,2764844.0,2764844.0,2764844.0,135190.0,135190.0,135190.0,0.0,0.0,hard,32,1,0,10000000,sync_on,hard_p32_w1_i0_t10000000
11.61,298.0769230769231,298.0769230769231,298.0769230769231,2745588.0,2745588.0,2745588.0,143257.0,143257.0,143257.0,0.0,0.0,hard,32,1,0,10000000,sync_on,hard_p32_w1_i0_t10000000
11.63,0.0,0.0,0.0,2756132.0,2756132.0,2756132.0,147351.0,147351.0,147351.0,0.0,0.0,hard,32,1,0,10000000,sync_on,hard_p32_w1_i0_t10000000
11.64,0.0,0.0,0.0,2749484.0,2749484.0,2749484.0,147332.0,147332.0,147332.0,0.0,0.0,hard,32,1,0,10000000,sync_on,hard_p32_w1_i0_t10000000
11.65,9.615384615384615,9.615384615384615,9.615384615384615,2755104.0,2755104.0,2755104.0,145236.0,145236.0,145236.0,0.0,0.0,hard,32,1,0,10000000,sync_on,hard_p32_w1_i0_t10000000
11.66,617.6470588235295,617.6470588235295,617.6470588235295,2765472.0,2765472.0,2765472.0,136611.0,136611.0,136611.0,0.0,0.0,hard,32,1,0,10000000,sync_on,hard_p32_w1_i0_t10000000
11.71,233.0097087378641,233.0097087378641,233.0097087378641,2746828.0,2746828.0,2746828.0,143270.0,143270.0,143270.0,0.0,0.0,hard,32,1,0,10000000,sync_on,hard_p32_w1_i0_t10000000
11.74,0.0,0.0,0.0,2752808.0,2749484.0,2756132.0,147344.5,147332.0,147357.0,0.0,0.0,hard,32,1,0,10000000,sync_on,hard_p32_w1_i0_t10000000
11.75,184.46601941747574,184.46601941747574,184.46601941747574,2755280.0,2755280.0,2755280.0,147324.0,147324.0,147324.0,0.0,0.0,hard,32,1,0,10000000,sync_on,hard_p32_w1_i0_t10000000
11.77,931.372549019608,931.372549019608,931.372549019608,2764140.0,2764140.0,2764140.0,136655.0,136655.0,136655.0,0.0,0.0,hard,32,1,0,10000000,sync_on,hard_p32_w1_i0_t10000000
11.82,307.6923076923077,307.6923076923077,307.6923076923077,2748044.0,2748044.0,2748044.0,143284.0,143284.0,143284.0,0.0,0.0,hard,32,1,0,10000000,sync_on,hard_p32_w1_i0_t10000000
11.84,0.0,0.0,0.0,2756132.0,2756132.0,2756132.0,147357.0,147357.0,147357.0,0.0,0.0,hard,32,1,0,10000000,sync_on,hard_p32_w1_i0_t10000000
11.85,0.0,0.0,0.0,2752382.0,2749484.0,2755280.0,147328.0,147324.0,147332.0,0.0,0.0,hard,32,1,0,10000000,sync_on,hard_p32_w1_i0_t10000000
11.87,970.5882352941177,970.5882352941177,970.5882352941177,2763104.0,2763104.0,2763104.0,134846.0,134846.0,134846.0,0.0,0.0,hard,32,1,0,10000000,sync_on,hard_p32_w1_i0_t10000000
11.92,182.6923076923077,182.6923076923077,182.6923076923077,2748988.0,2748988.0,2748988.0,143293.0,143293.0,143293.0,0.0,0.0,hard,32,1,0,10000000,sync_on,hard_p32_w1_i0_t10000000
11.94,317.3076923076923,317.3076923076923,317.3076923076923,2756268.0,2756268.0,2756268.0,148791.0,148791.0,148791.0,0.0,0.0,hard,32,1,0,10000000,sync_on,hard_p32_w1_i0_t10000000
11.95,0.0,0.0,0.0,2749484.0,2749484.0,2749484.0,147332.0,147332.0,147332.0,0.0,0.0,hard,32,1,0,10000000,sync_on,hard_p32_w1_i0_t10000000
11.96,0.0,0.0,0.0,2755280.0,2755280.0,2755280.0,147324.0,147324.0,147324.0,0.0,0.0,hard,32,1,0,10000000,sync_on,hard_p32_w1_i0_t10000000
11.97,1098.0392156862745,1098.0392156862745,1098.0392156862745,2763616.0,2763616.0,2763616.0,135166.0,135166.0,135166.0,0.0,0.0,hard,32,1,0,10000000,sync_on,hard_p32_w1_i0_t10000000
12.02,427.1844660194175,427.1844660194175,427.1844660194175,2750328.0,2750328.0,2750328.0,143312.0,143312.0,143312.0,0.0,0.0,hard,32,1,0,10000000,sync_on,hard_p32_w1_i0_t10000000
12.05,33.980582524271846,0.0,67.96116504854369,2752944.0,2749484.0,2756404.0,148387.0,147332.0,149442.0,0.0,0.0,hard,32,1,0,10000000,sync_on,hard_p32_w1_i0_t10000000
12.06,0.0,0.0,0.0,2755280.0,2755280.0,2755280.0,147324.0,147324.0,147324.0,0.0,0.0,hard,32,1,0,10000000,sync_on,hard_p32_w1_i0_t10000000
12.07,932.0388349514564,932.0388349514564,932.0388349514564,2764156.0,2764156.0,2764156.0,136793.0,136793.0,136793.0,0.0,0.0,hard,32,1,0,10000000,sync_on,hard_p32_w1_i0_t10000000
12.13,307.6923076923077,307.6923076923077,307.6923076923077,2750840.0,2750840.0,2750840.0,143328.0,143328.0,143328.0,0.0,0.0,hard,32,1,0,10000000,sync_on,hard_p32_w1_i0_t10000000
12.15,0.0,0.0,0.0,2756404.0,2756404.0,2756404.0,149442.0,149442.0,149442.0,0.0,0.0,hard,32,1,0,10000000,sync_on,hard_p32_w1_i0_t10000000
12.16,0.0,0.0,0.0,2752382.0,2749484.0,2755280.0,147328.0,147324.0,147332.0,0.0,0.0,hard,32,1,0,10000000,sync_on,hard_p32_w1_i0_t10000000
12.18,893.2038834951456,893.2038834951456,893.2038834951456,2762884.0,2762884.0,2762884.0,131221.0,131221.0,131221.0,0.0,0.0,hard,32,1,0,10000000,sync_on,hard_p32_w1_i0_t10000000
12.23,349.5145631067961,349.5145631067961,349.5145631067961,2751332.0,2751332.0,2751332.0,143342.0,143342.0,143342.0,0.0,0.0,hard,32,1,0,10000000,sync_on,hard_p32_w1_i0_t10000000
12.26,0.0,0.0,0.0,2752944.0,2749484.0,2756404.0,148387.0,147332.0,149442.0,0.0,0.0,hard,32,1,0,10000000,sync_on,hard_p32_w1_i0_t10000000
12.27,0.0,0.0,0.0,2755280.0,2755280.0,2755280.0,147324.0,147324.0,147324.0,0.0,0.0,hard,32,1,0,10000000,sync_on,hard_p32_w1_i0_t10000000
12.28,1127.450980392157,1127.450980392157,1127.450980392157,2763280.0,2763280.0,2763280.0,132667.0,132667.0,132667.0,0.0,0.0,hard,32,1,0,10000000,sync_on,hard_p32_w1_i0_t10000000
12.34,317.3076923076923,317.3076923076923,317.3076923076923,2752096.0,2752096.0,2752096.0,143357.0,143357.0,143357.0,0.0,0.0,hard,32,1,0,10000000,sync_on,hard_p32_w1_i0_t10000000
12.36,0.0,0.0,0.0,2756404.0,2756404.0,2756404.0,149442.0,149442.0,149442.0,0.0,0.0,hard,32,1,0,10000000,sync_on,hard_p32_w1_i0_t10000000
12.37,0.0,0.0,0.0,2752382.0,2749484.0,2755280.0,147328.0,147324.0,147332.0,0.0,0.0,hard,32,1,0,10000000,sync_on,hard_p32_w1_i0_t10000000
12.38,627.4509803921569,627.4509803921569,627.4509803921569,2761864.0,2761864.0,2761864.0,131313.0,131313.0,131313.0,0.0,0.0,hard,32,1,0,10000000,sync_on,hard_p32_w1_i0_t10000000
12.44,368.93203883495147,368.93203883495147,368.93203883495147,2752348.0,2752348.0,2752348.0,143372.0,143372.0,143372.0,0.0,0.0,hard,32,1,0,10000000,sync_on,hard_p32_w1_i0_t10000000
12.46,0.0,0.0,0.0,2756404.0,2756404.0,2756404.0,149442.0,149442.0,149442.0,0.0,0.0,hard,32,1,0,10000000,sync_on,hard_p32_w1_i0_t10000000
12.47,165.0485436893204,0.0,330.0970873786408,2752414.0,2749548.0,2755280.0,147936.0,147324.0,148548.0,0.0,0.0,hard,32,1,0,10000000,sync_on,hard_p32_w1_i0_t10000000
12.48,1125.0,1125.0,1125.0,2762624.0,2762624.0,2762624.0,131794.0,131794.0,131794.0,0.0,0.0,hard,32,1,0,10000000,sync_on,hard_p32_w1_i0_t10000000
12.54,269.2307692307692,269.2307692307692,269.2307692307692,2752792.0,2752792.0,2752792.0,143383.0,143383.0,143383.0,0.0,0.0,hard,32,1,0,10000000,sync_on,hard_p32_w1_i0_t10000000
12.57,24.03846153846154,0.0,48.07692307692308,2753026.0,2749648.0,2756404.0,149431.5,149421.0,149442.0,0.0,0.0,hard,32,1,0,10000000,sync_on,hard_p32_w1_i0_t10000000
12.58,0.0,0.0,0.0,2755280.0,2755280.0,2755280.0,147324.0,147324.0,147324.0,0.0,0.0,hard,32,1,0,10000000,sync_on,hard_p32_w1_i0_t10000000
12.59,647.0588235294118,647.0588235294118,647.0588235294118,2763156.0,2763156.0,2763156.0,133250.0,133250.0,133250.0,0.0,0.0,hard,32,1,0,10000000,sync_on,hard_p32_w1_i0_t10000000
12.65,230.76923076923077,230.76923076923077,230.76923076923077,2752904.0,2752904.0,2752904.0,143395.0,143395.0,143395.0,0.0,0.0,hard,32,1,0,10000000,sync_on,hard_p32_w1_i0_t10000000
12.67,0.0,0.0,0.0,2756404.0,2756404.0,2756404.0,149442.0,149442.0,149442.0,0.0,0.0,hard,32,1,0,10000000,sync_on,hard_p32_w1_i0_t10000000
12.68,0.0,0.0,0.0,2752464.0,2749648.0,2755280.0,148372.5,147324.0,149421.0,0.0,0.0,hard,32,1,0,10000000,sync_on,hard_p32_w1_i0_t10000000
12.69,1205.8823529411766,1205.8823529411766,1205.8823529411766,2761844.0,2761844.0,2761844.0,131456.0,131456.0,131456.0,0.0,0.0,hard,32,1,0,10000000,sync_on,hard_p32_w1_i0_t10000000
12.75,252.42718446601944,252.42718446601944,252.42718446601944,2753108.0,2753108.0,2753108.0,143413.0,143413.0,143413.0,0.0,0.0,hard,32,1,0,10000000,sync_on,hard_p32_w1_i0_t10000000
12.77,0.0,0.0,0.0,2756404.0,2756404.0,2756404.0,149442.0,149442.0,149442.0,0.0,0.0,hard,32,1,0,10000000,sync_on,hard_p32_w1_i0_t10000000
12.78,0.0,0.0,0.0,2749648.0,2749648.0,2749648.0,149421.0,149421.0,149421.0,0.0,0.0,hard,32,1,0,10000000,sync_on,hard_p32_w1_i0_t10000000
12.79,617.6470588235295,0.0,1235.294117647059,2758870.0,2755280.0,2762460.0,139571.5,131819.0,147324.0,0.0,0.0,hard,32,1,0,10000000,sync_on,hard_p32_w1_i0_t10000000
12.85,240.3846153846154,240.3846153846154,240.3846153846154,2753404.0,2753404.0,2753404.0,143430.0,143430.0,143430.0,0.0,0.0,hard,32,1,0,10000000,sync_on,hard_p32_w1_i0_t10000000
12.88,0.0,0.0,0.0,2753026.0,2749648.0,2756404.0,149431.5,149421.0,149442.0,0.0,0.0,hard,32,1,0,10000000,sync_on,hard_p32_w1_i0_t10000000
12.89,424.90005711022275,320.3883495145631,529.4117647058824,2759018.0,2755344.0,2762692.0,141046.5,133393.0,148700.0,0.0,0.0,hard,32,1,0,10000000,sync_on,hard_p32_w1_i0_t10000000
12.96,300.97087378640776,300.97087378640776,300.97087378640776,2753532.0,2753532.0,2753532.0,143447.0,143447.0,143447.0,0.0,0.0,hard,32,1,0,10000000,sync_on,hard_p32_w1_i0_t10000000
12.98,106.79611650485438,106.79611650485438,106.79611650485438,2756448.0,2756448.0,2756448.0,149454.0,149454.0,149454.0,0.0,0.0,hard,32,1,0,10000000,sync_on,hard_p32_w1_i0_t10000000
12.99,413.86606920587514,0.0,1126.2135922330099,2755536.0,2749648.0,2761548.0,143480.66666666666,131606.0,149421.0,0.0,0.0,hard,32,1,0,10000000,sync_on,hard_p32_w1_i0_t10000000
13.06,173.0769230769231,173.0769230769231,173.0769230769231,2753560.0,2753560.0,2753560.0,143450.0,143450.0,143450.0,0.0,0.0,hard,32,1,0,10000000,sync_on,hard_p32_w1_i0_t10000000
13.08,0.0,0.0,0.0,2756440.0,2756440.0,2756440.0,150524.0,150524.0,150524.0,0.0,0.0,hard,32,1,0,10000000,sync_on,hard_p32_w1_i0_t10000000
13.09,0.0,0.0,0.0,2749648.0,2749648.0,2749648.0,149421.0,149421.0,149421.0,0.0,0.0,hard,32,1,0,10000000,sync_on,hard_p32_w1_i0_t10000000
13.1,651.9607843137255,0.0,1303.921568627451,2759060.0,2755412.0,2762708.0,140541.5,131668.0,149415.0,0.0,0.0,hard,32,1,0,10000000,sync_on,hard_p32_w1_i0_t10000000
13.16,153.84615384615384,153.84615384615384,153.84615384615384,2753860.0,2753860.0,2753860.0,143462.0,143462.0,143462.0,0.0,0.0,hard,32,1,0,10000000,sync_on,hard_p32_w1_i0_t10000000
13.19,134.6153846153846,0.0,269.2307692307692,2753132.0,2749648.0,2756616.0,150480.5,149421.0,151540.0,0.0,0.0,hard,32,1,0,10000000,sync_on,hard_p32_w1_i0_t10000000
13.2,558.252427184466,0.0,1116.504854368932,2759452.0,2755412.0,2763492.0,140573.0,131731.0,149415.0,0.0,0.0,hard,32,1,0,10000000,sync_on,hard_p32_w1_i0_t10000000
13.27,233.0097087378641,233.0097087378641,233.0097087378641,2753984.0,2753984.0,2753984.0,143478.0,143478.0,143478.0,0.0,0.0,hard,32,1,0,10000000,sync_on,hard_p32_w1_i0_t10000000
13.29,0.0,0.0,0.0,2756616.0,2756616.0,2756616.0,151540.0,151540.0,151540.0,0.0,0.0,hard,32,1,0,10000000,sync_on,hard_p32_w1_i0_t10000000
13.3,366.01307189542484,0.0,1098.0392156862745,2756534.6666666665,2749648.0,2764544.0,143539.66666666666,131783.0,149421.0,0.0,0.0,hard,32,1,0,10000000,sync_on,hard_p32_w1_i0_t10000000
13.37,403.84615384615387,403.84615384615387,403.84615384615387,2754188.0,2754188.0,2754188.0,143496.0,143496.0,143496.0,0.0,0.0,hard,32,1,0,10000000,sync_on,hard_p32_w1_i0_t10000000
13.39,0.0,0.0,0.0,2756616.0,2756616.0,2756616.0,151540.0,151540.0,151540.0,0.0,0.0,hard,32,1,0,10000000,sync_on,hard_p32_w1_i0_t10000000
13.4,576.9230769230769,0.0,1153.8461538461538,2757420.0,2749648.0,2765192.0,140631.5,131842.0,149421.0,0.0,0.0,hard,32,1,0,10000000,sync_on,hard_p32_w1_i0_t10000000
13.41,0.0,0.0,0.0,2755412.0,2755412.0,2755412.0,149415.0,149415.0,149415.0,0.0,0.0,hard,32,1,0,10000000,sync_on,hard_p32_w1_i0_t10000000
13.47,262.1359223300971,262.1359223300971,262.1359223300971,2754248.0,2754248.0,2754248.0,143506.0,143506.0,143506.0,0.0,0.0,hard,32,1,0,10000000,sync_on,hard_p32_w1_i0_t10000000
13.5,0.0,0.0,0.0,2756616.0,2756616.0,2756616.0,151540.0,151540.0,151540.0,0.0,0.0,hard,32,1,0,10000000,sync_on,hard_p32_w1_i0_t10000000
13.51,375.5027652086476,0.0,1078.4313725490197,2757030.6666666665,2749664.0,2766016.0,143582.33333333334,131906.0,149426.0,0.0,0.0,hard,32,1,0,10000000,sync_on,hard_p32_w1_i0_t10000000
13.58,288.46153846153845,288.46153846153845,288.46153846153845,2754380.0,2754380.0,2754380.0,143522.0,143522.0,143522.0,0.0,0.0,hard,32,1,0,10000000,sync_on,hard_p32_w1_i0_t10000000
13.6,0.0,0.0,0.0,2756616.0,2756616.0,2756616.0,151540.0,151540.0,151540.0,0.0,0.0,hard,32,1,0,10000000,sync_on,hard_p32_w1_i0_t10000000
13.61,632.3529411764706,0.0,1264.7058823529412,2758160.0,2749664.0,2766656.0,140697.0,131968.0,149426.0,0.0,0.0,hard,32,1,0,10000000,sync_on,hard_p32_w1_i0_t10000000
13.62,0.0,0.0,0.0,2755412.0,2755412.0,2755412.0,149415.0,149415.0,149415.0,0.0,0.0,hard,32,1,0,10000000,sync_on,hard_p32_w1_i0_t10000000
13.68,365.3846153846154,365.3846153846154,365.3846153846154,2754552.0,2754552.0,2754552.0,143540.0,143540.0,143540.0,0.0,0.0,hard,32,1,0,10000000,sync_on,hard_p32_w1_i0_t10000000
13.71,352.9411764705883,0.0,1058.8235294117649,2757742.6666666665,2749664.0,2766948.0,144330.0,132024.0,151540.0,0.0,0.0,hard,32,1,0,10000000,sync_on,hard_p32_w1_i0_t10000000
13.72,0.0,0.0,0.0,2755412.0,2755412.0,2755412.0,149415.0,149415.0,149415.0,0.0,0.0,hard,32,1,0,10000000,sync_on,hard_p32_w1_i0_t10000000
13.79,349.5145631067961,349.5145631067961,349.5145631067961,2754664.0,2754664.0,2754664.0,143815.0,143815.0,143815.0,0.0,0.0,hard,32,1,0,10000000,sync_on,hard_p32_w1_i0_t10000000
13.81,534.3137254901961,0.0,1068.6274509803923,2762096.0,2756616.0,2767576.0,141813.5,132087.0,151540.0,0.0,0.0,hard,32,1,0,10000000,sync_on,hard_p32_w1_i0_t10000000
13.82,72.11538461538461,0.0,144.23076923076923,2752546.0,2749680.0,2755412.0,150266.5,149415.0,151118.0,0.0,0.0,hard,32,1,0,10000000,sync_on,hard_p32_w1_i0_t10000000
13.89,0.0,0.0,0.0,2754664.0,2754664.0,2754664.0,143815.0,143815.0,143815.0,0.0,0.0,hard,32,1,0,10000000,sync_on,hard_p32_w1_i0_t10000000
13.91,0.0,0.0,0.0,2756616.0,2756616.0,2756616.0,151540.0,151540.0,151540.0,0.0,0.0,hard,32,1,0,10000000,sync_on,hard_p32_w1_i0_t10000000
13.92,543.455937266617,48.07692307692308,1038.8349514563108,2758950.0,2749752.0,2768148.0,141831.5,132153.0,151510.0,0.0,0.0,hard,32,1,0,10000000,sync_on,hard_p32_w1_i0_t10000000
13.93,0.0,0.0,0.0,2755412.0,2755412.0,2755412.0,149415.0,149415.0,149415.0,0.0,0.0,hard,32,1,0,10000000,sync_on,hard_p32_w1_i0_t10000000
13.99,135.92233009708738,135.92233009708738,135.92233009708738,2754724.0,2754724.0,2754724.0,143824.0,143824.0,143824.0,0.0,0.0,hard,32,1,0,10000000,sync_on,hard_p32_w1_i0_t10000000
14.02,359.0054767239233,0.0,1067.3076923076924,2758304.0,2749752.0,2768544.0,145090.33333333334,132221.0,151540.0,0.0,0.0,hard,32,1,0,10000000,sync_on,hard_p32_w1_i0_t10000000
14.03,153.84615384615384,153.84615384615384,153.84615384615384,2755452.0,2755452.0,2755452.0,149944.0,149944.0,149944.0,0.0,0.0,hard,32,1,0,10000000,sync_on,hard_p32_w1_i0_t10000000
14.1,259.61538461538464,259.61538461538464,259.61538461538464,2754780.0,2754780.0,2754780.0,139798.0,139798.0,139798.0,0.0,0.0,hard,32,1,0,10000000,sync_on,hard_p32_w1_i0_t10000000
14.12,564.3564356435643,0.0,1128.7128712871286,2762888.0,2756616.0,2769160.0,140022.5,128505.0,151540.0,0.0,0.0,hard,32,1,0,10000000,sync_on,hard_p32_w1_i0_t10000000
14.13,48.54368932038835,0.0,97.0873786407767,2752640.0,2749752.0,2755528.0,151508.5,151507.0,151510.0,0.0,0.0,hard,32,1,0,10000000,sync_on,hard_p32_w1_i0_t10000000
14.2,461.53846153846155,461.53846153846155,461.53846153846155,2754944.0,2754944.0,2754944.0,139823.0,139823.0,139823.0,0.0,0.0,hard,32,1,0,10000000,sync_on,hard_p32_w1_i0_t10000000
14.22,675.5663430420713,184.46601941747574,1166.6666666666667,2763072.0,2756636.0,2769508.0,140175.5,128572.0,151779.0,0.0,0.0,hard,32,1,0,10000000,sync_on,hard_p32_w1_i0_t10000000
14.23,0.0,0.0,0.0,2749752.0,2749752.0,2749752.0,151510.0,151510.0,151510.0,0.0,0.0,hard,32,1,0,10000000,sync_on,hard_p32_w1_i0_t10000000
14.24,0.0,0.0,0.0,2755528.0,2755528.0,2755528.0,151507.0,151507.0,151507.0,0.0,0.0,hard,32,1,0,10000000,sync_on,hard_p32_w1_i0_t10000000
14.3,233.0097087378641,233.0097087378641,233.0097087378641,2755048.0,2755048.0,2755048.0,139835.0,139835.0,139835.0,0.0,0.0,hard,32,1,0,10000000,sync_on,hard_p32_w1_i0_t10000000
14.33,400.9210853871048,0.0,1087.378640776699,2758774.6666666665,2749752.0,2769904.0,144144.66666666666,128636.0,152288.0,0.0,0.0,hard,32,1,0,10000000,sync_on,hard_p32_w1_i0_t10000000
14.34,0.0,0.0,0.0,2755528.0,2755528.0,2755528.0,151507.0,151507.0,151507.0,0.0,0.0,hard,32,1,0,10000000,sync_on,hard_p32_w1_i0_t10000000
14.41,278.84615384615387,278.84615384615387,278.84615384615387,2755112.0,2755112.0,2755112.0,139846.0,139846.0,139846.0,0.0,0.0,hard,32,1,0,10000000,sync_on,hard_p32_w1_i0_t10000000
14.43,553.3980582524272,0.0,1106.7961165048544,2763436.0,2756668.0,2770204.0,140494.0,128700.0,152288.0,0.0,0.0,hard,32,1,0,10000000,sync_on,hard_p32_w1_i0_t10000000
14.44,0.0,0.0,0.0,2752640.0,2749752.0,2755528.0,151508.5,151507.0,151510.0,0.0,0.0,hard,32,1,0,10000000,sync_on,hard_p32_w1_i0_t10000000
14.51,288.46153846153845,288.46153846153845,288.46153846153845,2755392.0,2755392.0,2755392.0,139864.0,139864.0,139864.0,0.0,0.0,hard,32,1,0,10000000,sync_on,hard_p32_w1_i0_t10000000
14.53,1264.7058823529412,1264.7058823529412,1264.7058823529412,2770808.0,2770808.0,2770808.0,128764.0,128764.0,128764.0,0.0,0.0,hard,32,1,0,10000000,sync_on,hard_p32_w1_i0_t10000000
14.54,0.0,0.0,0.0,2753210.0,2749752.0,2756668.0,151899.0,151510.0,152288.0,0.0,0.0,hard,32,1,0,10000000,sync_on,hard_p32_w1_i0_t10000000
14.55,0.0,0.0,0.0,2755528.0,2755528.0,2755528.0,151507.0,151507.0,151507.0,0.0,0.0,hard,32,1,0,10000000,sync_on,hard_p32_w1_i0_t10000000
14.61,281.55339805825247,281.55339805825247,281.55339805825247,2755436.0,2755436.0,2755436.0,139879.0,139879.0,139879.0,0.0,0.0,hard,32,1,0,10000000,sync_on,hard_p32_w1_i0_t10000000
14.63,1247.5247524752474,1247.5247524752474,1247.5247524752474,2771500.0,2771500.0,2771500.0,128824.0,128824.0,128824.0,0.0,0.0,hard,32,1,0,10000000,sync_on,hard_p32_w1_i0_t10000000
14.64,0.0,0.0,0.0,2753210.0,2749752.0,2756668.0,151899.0,151510.0,152288.0,0.0,0.0,hard,32,1,0,10000000,sync_on,hard_p32_w1_i0_t10000000
14.65,0.0,0.0,0.0,2755528.0,2755528.0,2755528.0,151507.0,151507.0,151507.0,0.0,0.0,hard,32,1,0,10000000,sync_on,hard_p32_w1_i0_t10000000
14.72,173.0769230769231,173.0769230769231,173.0769230769231,2755464.0,2755464.0,2755464.0,139890.0,139890.0,139890.0,0.0,0.0,hard,32,1,0,10000000,sync_on,hard_p32_w1_i0_t10000000
14.73,1019.6078431372549,1019.6078431372549,1019.6078431372549,2771692.0,2771692.0,2771692.0,128883.0,128883.0,128883.0,0.0,0.0,hard,32,1,0,10000000,sync_on,hard_p32_w1_i0_t10000000
14.74,298.0769230769231,298.0769230769231,298.0769230769231,2748060.0,2748060.0,2748060.0,143234.0,143234.0,143234.0,0.0,0.0,hard,32,1,0,10000000,sync_on,hard_p32_w1_i0_t10000000
14.75,0.0,0.0,0.0,2749752.0,2749752.0,2749752.0,151510.0,151510.0,151510.0,0.0,0.0,hard,32,1,0,10000000,sync_on,hard_p32_w1_i0_t10000000
14.76,0.0,0.0,0.0,2755528.0,2755528.0,2755528.0,151507.0,151507.0,151507.0,0.0,0.0,hard,32,1,0,10000000,sync_on,hard_p32_w1_i0_t10000000
14.82,349.5145631067961,349.5145631067961,349.5145631067961,2755580.0,2755580.0,2755580.0,139907.0,139907.0,139907.0,0.0,0.0,hard,32,1,0,10000000,sync_on,hard_p32_w1_i0_t10000000
14.84,1088.235294117647,1088.235294117647,1088.235294117647,2772120.0,2772120.0,2772120.0,128932.0,128932.0,128932.0,0.0,0.0,hard,32,1,0,10000000,sync_on,hard_p32_w1_i0_t10000000
14.85,111.6504854368932,97.0873786407767,126.21359223300972,2749328.0,2748896.0,2749760.0,147379.0,143240.0,151518.0,0.0,0.0,hard,32,1,0,10000000,sync_on,hard_p32_w1_i0_t10000000
14.86,0.0,0.0,0.0,2755528.0,2755528.0,2755528.0,151507.0,151507.0,151507.0,0.0,0.0,hard,32,1,0,10000000,sync_on,hard_p32_w1_i0_t10000000
14.93,201.92307692307693,201.92307692307693,201.92307692307693,2755636.0,2755636.0,2755636.0,139914.0,139914.0,139914.0,0.0,0.0,hard,32,1,0,10000000,sync_on,hard_p32_w1_i0_t10000000
14.94,1019.8019801980197,1019.8019801980197,1019.8019801980197,2772336.0,2772336.0,2772336.0,128993.0,128993.0,128993.0,0.0,0.0,hard,32,1,0,10000000,sync_on,hard_p32_w1_i0_t10000000
14.95,269.2307692307692,269.2307692307692,269.2307692307692,2750172.0,2750172.0,2750172.0,143253.0,143253.0,143253.0,0.0,0.0,hard,32,1,0,10000000,sync_on,hard_p32_w1_i0_t10000000
14.96,53.39805825242719,0.0,106.79611650485438,2752644.0,2749760.0,2755528.0,151864.0,151507.0,152221.0,0.0,0.0,hard,32,1,0,10000000,sync_on,hard_p32_w1_i0_t10000000
15.03,336.53846153846155,336.53846153846155,336.53846153846155,2755708.0,2755708.0,2755708.0,139930.0,139930.0,139930.0,0.0,0.0,hard,32,1,0,10000000,sync_on,hard_p32_w1_i0_t10000000
15.04,826.9230769230769,826.9230769230769,826.9230769230769,2773092.0,2773092.0,2773092.0,130874.0,130874.0,130874.0,0.0,0.0,hard,32,1,0,10000000,sync_on,hard_p32_w1_i0_t10000000
15.05,259.61538461538464,259.61538461538464,259.61538461538464,2751372.0,2751372.0,2751372.0,143270.0,143270.0,143270.0,0.0,0.0,hard,32,1,0,10000000,sync_on,hard_p32_w1_i0_t10000000
15.06,19.23076923076923,19.23076923076923,19.23076923076923,2749796.0,2749796.0,2749796.0,152262.0,152262.0,152262.0,0.0,0.0,hard,32,1,0,10000000,sync_on,hard_p32_w1_i0_t10000000
15.07,0.0,0.0,0.0,2755528.0,2755528.0,2755528.0,151507.0,151507.0,151507.0,0.0,0.0,hard,32,1,0,10000000,sync_on,hard_p32_w1_i0_t10000000
15.13,262.1359223300971,262.1359223300971,262.1359223300971,2755788.0,2755788.0,2755788.0,139946.0,139946.0,139946.0,0.0,0.0,hard,32,1,0,10000000,sync_on,hard_p32_w1_i0_t10000000
15.14,990.1960784313726,990.1960784313726,990.1960784313726,2771700.0,2771700.0,2771700.0,130920.0,130920.0,130920.0,0.0,0.0,hard,32,1,0,10000000,sync_on,hard_p32_w1_i0_t10000000
15.16,58.25242718446602,0.0,116.50485436893204,2750782.0,2749796.0,2751768.0,147770.0,143278.0,152262.0,0.0,0.0,hard,32,1,0,10000000,sync_on,hard_p32_w1_i0_t10000000
15.17,211.53846153846155,211.53846153846155,211.53846153846155,2755576.0,2755576.0,2755576.0,151663.0,151663.0,151663.0,0.0,0.0,hard,32,1,0,10000000,sync_on,hard_p32_w1_i0_t10000000
15.24,259.61538461538464,259.61538461538464,259.61538461538464,2755904.0,2755904.0,2755904.0,139959.0,139959.0,139959.0,0.0,0.0,hard,32,1,0,10000000,sync_on,hard_p32_w1_i0_t10000000
15.25,601.9417475728155,601.9417475728155,601.9417475728155,2770296.0,2770296.0,2770296.0,129105.0,129105.0,129105.0,0.0,0.0,hard,32,1,0,10000000,sync_on,hard_p32_w1_i0_t10000000
15.26,230.76923076923077,230.76923076923077,230.76923076923077,2752720.0,2752720.0,2752720.0,143287.0,143287.0,143287.0,0.0,0.0,hard,32,1,0,10000000,sync_on,hard_p32_w1_i0_t10000000
15.27,105.76923076923077,28.846153846153847,182.6923076923077,2752754.0,2749800.0,2755708.0,152260.0,152258.0,152262.0,0.0,0.0,hard,32,1,0,10000000,sync_on,hard_p32_w1_i0_t10000000
15.34,271.84466019417476,271.84466019417476,271.84466019417476,2755960.0,2755960.0,2755960.0,139975.0,139975.0,139975.0,0.0,0.0,hard,32,1,0,10000000,sync_on,hard_p32_w1_i0_t10000000
15.35,1048.5436893203885,1048.5436893203885,1048.5436893203885,2770860.0,2770860.0,2770860.0,129154.0,129154.0,129154.0,0.0,0.0,hard,32,1,0,10000000,sync_on,hard_p32_w1_i0_t10000000
15.36,223.3009708737864,223.3009708737864,223.3009708737864,2753728.0,2753728.0,2753728.0,143306.0,143306.0,143306.0,0.0,0.0,hard,32,1,0,10000000,sync_on,hard_p32_w1_i0_t10000000
15.37,76.92307692307692,76.92307692307692,76.92307692307692,2749832.0,2749832.0,2749832.0,152262.0,152262.0,152262.0,0.0,0.0,hard,32,1,0,10000000,sync_on,hard_p32_w1_i0_t10000000
15.38,0.0,0.0,0.0,2755708.0,2755708.0,2755708.0,152258.0,152258.0,152258.0,0.0,0.0,hard,32,1,0,10000000,sync_on,hard_p32_w1_i0_t10000000
15.44,307.6923076923077,307.6923076923077,307.6923076923077,2756016.0,2756016.0,2756016.0,139988.0,139988.0,139988.0,0.0,0.0,hard,32,1,0,10000000,sync_on,hard_p32_w1_i0_t10000000
15.45,1176.4705882352941,1176.4705882352941,1176.4705882352941,2771508.0,2771508.0,2771508.0,129224.0,129224.0,129224.0,0.0,0.0,hard,32,1,0,10000000,sync_on,hard_p32_w1_i0_t10000000
15.47,289.44174757281553,203.8834951456311,375.0,2748164.0,2741764.0,2754564.0,143264.0,143208.0,143320.0,0.0,0.0,hard,32,1,0,10000000,sync_on,hard_p32_w1_i0_t10000000
15.48,0.0,0.0,0.0,2755708.0,2755708.0,2755708.0,152258.0,152258.0,152258.0,0.0,0.0,hard,32,1,0,10000000,sync_on,hard_p32_w1_i0_t10000000
15.55,749.9057315233786,509.61538461538464,990.1960784313726,2764142.0,2756244.0,2772040.0,134644.5,129280.0,140009.0,0.0,0.0,hard,32,1,0,10000000,sync_on,hard_p32_w1_i0_t10000000
15.57,250.0,250.0,250.0,2755064.0,2755064.0,2755064.0,143330.0,143330.0,143330.0,0.0,0.0,hard,32,1,0,10000000,sync_on,hard_p32_w1_i0_t10000000
15.58,163.46153846153848,163.46153846153848,163.46153846153848,2743020.0,2743020.0,2743020.0,143219.0,143219.0,143219.0,0.0,0.0,hard,32,1,0,10000000,sync_on,hard_p32_w1_i0_t10000000
15.59,38.46153846153846,38.46153846153846,38.46153846153846,2755780.0,2755780.0,2755780.0,152258.0,152258.0,152258.0,0.0,0.0,hard,32,1,0,10000000,sync_on,hard_p32_w1_i0_t10000000
15.65,679.8496097468113,310.67961165048547,1049.0196078431372,2764352.0,2756380.0,2772324.0,134678.5,129334.0,140023.0,0.0,0.0,hard,32,1,0,10000000,sync_on,hard_p32_w1_i0_t10000000
15.68,237.86407766990294,184.46601941747574,291.2621359223301,2749838.0,2744300.0,2755376.0,143290.0,143234.0,143346.0,0.0,0.0,hard,32,1,0,10000000,sync_on,hard_p32_w1_i0_t10000000
15.69,87.37864077669903,87.37864077669903,87.37864077669903,2754952.0,2754952.0,2754952.0,145909.0,145909.0,145909.0,0.0,0.0,hard,32,1,0,10000000,sync_on,hard_p32_w1_i0_t10000000
15.75,259.61538461538464,259.61538461538464,259.61538461538464,2756460.0,2756460.0,2756460.0,140038.0,140038.0,140038.0,0.0,0.0,hard,32,1,0,10000000,sync_on,hard_p32_w1_i0_t10000000
15.76,1205.8823529411766,1205.8823529411766,1205.8823529411766,2772936.0,2772936.0,2772936.0,129394.0,129394.0,129394.0,0.0,0.0,hard,32,1,0,10000000,sync_on,hard_p32_w1_i0_t10000000
15.78,225.96153846153845,115.38461538461539,336.53846153846155,2750226.0,2744904.0,2755548.0,143303.0,143249.0,143357.0,0.0,0.0,hard,32,1,0,10000000,sync_on,hard_p32_w1_i0_t10000000
15.79,163.46153846153848,163.46153846153848,163.46153846153848,2747924.0,2747924.0,2747924.0,143211.0,143211.0,143211.0,0.0,0.0,hard,32,1,0,10000000,sync_on,hard_p32_w1_i0_t10000000
15.86,841.5191319246146,330.0970873786408,1352.9411764705883,2765126.0,2756532.0,2773720.0,134749.0,129451.0,140047.0,0.0,0.0,hard,32,1,0,10000000,sync_on,hard_p32_w1_i0_t10000000
15.88,240.3846153846154,240.3846153846154,240.3846153846154,2755856.0,2755856.0,2755856.0,143373.0,143373.0,143373.0,0.0,0.0,hard,32,1,0,10000000,sync_on,hard_p32_w1_i0_t10000000
15.89,403.84615384615387,403.84615384615387,403.84615384615387,2746180.0,2746180.0,2746180.0,143269.0,143269.0,143269.0,0.0,0.0,hard,32,1,0,10000000,sync_on,hard_p32_w1_i0_t10000000
15.9,173.0769230769231,173.0769230769231,173.0769230769231,2749052.0,2749052.0,2749052.0,143226.0,143226.0,143226.0,0.0,0.0,hard,32,1,0,10000000,sync_on,hard_p32_w1_i0_t10000000
15.96,674.7905559786748,230.76923076923077,1118.8118811881188,2765468.0,2756596.0,2774340.0,134790.5,129517.0,140064.0,0.0,0.0,hard,32,1,0,10000000,sync_on,hard_p32_w1_i0_t10000000
15.99,291.2621359223301,281.55339805825247,300.97087378640776,2751634.0,2746952.0,2756316.0,143330.0,143274.0,143386.0,0.0,0.0,hard,32,1,0,10000000,sync_on,hard_p32_w1_i0_t10000000
16.0,359.2233009708738,359.2233009708738,359.2233009708738,2750868.0,2750868.0,2750868.0,143245.0,143245.0,143245.0,0.0,0.0,hard,32,1,0,10000000,sync_on,hard_p32_w1_i0_t10000000
16.06,737.8640776699029,300.97087378640776,1174.7572815533981,2765790.0,2756664.0,2774916.0,134830.5,129585.0,140076.0,0.0,0.0,hard,32,1,0,10000000,sync_on,hard_p32_w1_i0_t10000000
16.09,274.03846153846155,201.92307692307693,346.1538461538462,2752074.0,2747432.0,2756716.0,143345.5,143288.0,143403.0,0.0,0.0,hard,32,1,0,10000000,sync_on,hard_p32_w1_i0_t10000000
16.1,307.6923076923077,307.6923076923077,307.6923076923077,2751724.0,2751724.0,2751724.0,143257.0,143257.0,143257.0,0.0,0.0,hard,32,1,0,10000000,sync_on,hard_p32_w1_i0_t10000000
16.16,1196.0784313725492,1196.0784313725492,1196.0784313725492,2775248.0,2775248.0,2775248.0,129642.0,129642.0,129642.0,0.0,0.0,hard,32,1,0,10000000,sync_on,hard_p32_w1_i0_t10000000
16.17,307.6923076923077,307.6923076923077,307.6923076923077,2756772.0,2756772.0,2756772.0,140097.0,140097.0,140097.0,0.0,0.0,hard,32,1,0,10000000,sync_on,hard_p32_w1_i0_t10000000
16.19,262.1359223300971,262.1359223300971,262.1359223300971,2756840.0,2756840.0,2756840.0,143419.0,143419.0,143419.0,0.0,0.0,hard,32,1,0,10000000,sync_on,hard_p32_w1_i0_t10000000
16.2,194.1747572815534,194.1747572815534,194.1747572815534,2747980.0,2747980.0,2747980.0,143301.0,143301.0,143301.0,0.0,0.0,hard,32,1,0,10000000,sync_on,hard_p32_w1_i0_t10000000
16.21,221.15384615384616,221.15384615384616,221.15384615384616,2752780.0,2752780.0,2752780.0,143270.0,143270.0,143270.0,0.0,0.0,hard,32,1,0,10000000,sync_on,hard_p32_w1_i0_t10000000
16.27,694.449733434882,240.3846153846154,1148.5148514851485,2766248.0,2756816.0,2775680.0,134904.5,129698.0,140111.0,0.0,0.0,hard,32,1,0,10000000,sync_on,hard_p32_w1_i0_t10000000
16.3,250.0,230.76923076923077,269.2307692307692,2752716.0,2748384.0,2757048.0,143373.0,143317.0,143429.0,0.0,0.0,hard,32,1,0,10000000,sync_on,hard_p32_w1_i0_t10000000
16.31,349.5145631067961,349.5145631067961,349.5145631067961,2753496.0,2753496.0,2753496.0,143284.0,143284.0,143284.0,0.0,0.0,hard,32,1,0,10000000,sync_on,hard_p32_w1_i0_t10000000
16.37,1067.9611650485438,1067.9611650485438,1067.9611650485438,2776016.0,2776016.0,2776016.0,129760.0,129760.0,129760.0,0.0,0.0,hard,32,1,0,10000000,sync_on,hard_p32_w1_i0_t10000000
16.38,359.2233009708738,359.2233009708738,359.2233009708738,2756944.0,2756944.0,2756944.0,140128.0,140128.0,140128.0,0.0,0.0,hard,32,1,0,10000000,sync_on,hard_p32_w1_i0_t10000000
16.4,134.6153846153846,134.6153846153846,134.6153846153846,2757140.0,2757140.0,2757140.0,143445.0,143445.0,143445.0,0.0,0.0,hard,32,1,0,10000000,sync_on,hard_p32_w1_i0_t10000000
16.41,222.46079163554893,173.0769230769231,271.84466019417476,2751458.0,2748852.0,2754064.0,143314.5,143297.0,143332.0,0.0,0.0,hard,32,1,0,10000000,sync_on,hard_p32_w1_i0_t10000000
16.47,1198.019801980198,1198.019801980198,1198.019801980198,2776440.0,2776440.0,2776440.0,130488.0,130488.0,130488.0,0.0,0.0,hard,32,1,0,10000000,sync_on,hard_p32_w1_i0_t10000000
16.48,365.3846153846154,365.3846153846154,365.3846153846154,2757068.0,2757068.0,2757068.0,140148.0,140148.0,140148.0,0.0,0.0,hard,32,1,0,10000000,sync_on,hard_p32_w1_i0_t10000000
16.5,271.84466019417476,271.84466019417476,271.84466019417476,2757244.0,2757244.0,2757244.0,143457.0,143457.0,143457.0,0.0,0.0,hard,32,1,0,10000000,sync_on,hard_p32_w1_i0_t10000000
16.51,250.0,250.0,250.0,2749040.0,2749040.0,2749040.0,143350.0,143350.0,143350.0,0.0,0.0,hard,32,1,0,10000000,sync_on,hard_p32_w1_i0_t10000000
16.52,221.15384615384616,221.15384615384616,221.15384615384616,2754572.0,2754572.0,2754572.0,143310.0,143310.0,143310.0,0.0,0.0,hard,32,1,0,10000000,sync_on,hard_p32_w1_i0_t10000000
16.57,578.4313725490197,578.4313725490197,578.4313725490197,2776940.0,2776940.0,2776940.0,131678.0,131678.0,131678.0,0.0,0.0,hard,32,1,0,10000000,sync_on,hard_p32_w1_i0_t10000000
16.58,288.46153846153845,288.46153846153845,288.46153846153845,2757156.0,2757156.0,2757156.0,140160.0,140160.0,140160.0,0.0,0.0,hard,32,1,0,10000000,sync_on,hard_p32_w1_i0_t10000000
16.61,235.5769230769231,173.0769230769231,298.0769230769231,2753426.0,2749340.0,2757512.0,143418.5,143359.0,143478.0,0.0,0.0,hard,32,1,0,10000000,sync_on,hard_p32_w1_i0_t10000000
16.62,330.0970873786408,330.0970873786408,330.0970873786408,2754992.0,2754992.0,2754992.0,143329.0,143329.0,143329.0,0.0,0.0,hard,32,1,0,10000000,sync_on,hard_p32_w1_i0_t10000000
16.67,1108.9108910891089,1108.9108910891089,1108.9108910891089,2775640.0,2775640.0,2775640.0,130152.0,130152.0,130152.0,0.0,0.0,hard,32,1,0,10000000,sync_on,hard_p32_w1_i0_t10000000
16.69,320.3883495145631,320.3883495145631,320.3883495145631,2757316.0,2757316.0,2757316.0,140176.0,140176.0,140176.0,0.0,0.0,hard,32,1,0,10000000,sync_on,hard_p32_w1_i0_t10000000
16.71,201.92307692307693,201.92307692307693,201.92307692307693,2757556.0,2757556.0,2757556.0,143490.0,143490.0,143490.0,0.0,0.0,hard,32,1,0,10000000,sync_on,hard_p32_w1_i0_t10000000
16.72,427.1844660194175,427.1844660194175,427.1844660194175,2749828.0,2749828.0,2749828.0,143386.0,143386.0,143386.0,0.0,0.0,hard,32,1,0,10000000,sync_on,hard_p32_w1_i0_t10000000
16.73,298.0769230769231,298.0769230769231,298.0769230769231,2755128.0,2755128.0,2755128.0,143346.0,143346.0,143346.0,0.0,0.0,hard,32,1,0,10000000,sync_on,hard_p32_w1_i0_t10000000
16.77,911.764705882353,911.764705882353,911.764705882353,2776040.0,2776040.0,2776040.0,122391.0,122391.0,122391.0,0.0,0.0,hard,32,1,0,10000000,sync_on,hard_p32_w1_i0_t10000000
16.79,250.0,250.0,250.0,2757364.0,2757364.0,2757364.0,140187.0,140187.0,140187.0,0.0,0.0,hard,32,1,0,10000000,sync_on,hard_p32_w1_i0_t10000000
16.82,183.71919342793132,153.84615384615384,213.59223300970876,2753922.0,2749984.0,2757860.0,143452.0,143400.0,143504.0,0.0,0.0,hard,32,1,0,10000000,sync_on,hard_p32_w1_i0_t10000000
16.83,307.6923076923077,307.6923076923077,307.6923076923077,2755500.0,2755500.0,2755500.0,143356.0,143356.0,143356.0,0.0,0.0,hard,32,1,0,10000000,sync_on,hard_p32_w1_i0_t10000000
16.88,1196.0784313725492,1196.0784313725492,1196.0784313725492,2776608.0,2776608.0,2776608.0,122457.0,122457.0,122457.0,0.0,0.0,hard,32,1,0,10000000,sync_on,hard_p32_w1_i0_t10000000
16.89,403.84615384615387,403.84615384615387,403.84615384615387,2757504.0,2757504.0,2757504.0,140205.0,140205.0,140205.0,0.0,0.0,hard,32,1,0,10000000,sync_on,hard_p32_w1_i0_t10000000
16.92,326.9230769230769,269.2307692307692,384.61538461538464,2754062.0,2750188.0,2757936.0,143470.0,143419.0,143521.0,0.0,0.0,hard,32,1,0,10000000,sync_on,hard_p32_w1_i0_t10000000
16.93,456.3106796116505,456.3106796116505,456.3106796116505,2755968.0,2755968.0,2755968.0,143379.0,143379.0,143379.0,0.0,0.0,hard,32,1,0,10000000,sync_on,hard_p32_w1_i0_t10000000
16.98,1316.8316831683167,1316.8316831683167,1316.8316831683167,2777000.0,2777000.0,2777000.0,122513.0,122513.0,122513.0,0.0,0.0,hard,32,1,0,10000000,sync_on,hard_p32_w1_i0_t10000000
17.0,291.2621359223301,291.2621359223301,291.2621359223301,2757564.0,2757564.0,2757564.0,140225.0,140225.0,140225.0,0.0,0.0,hard,32,1,0,10000000,sync_on,hard_p32_w1_i0_t10000000
17.02,394.2307692307692,394.2307692307692,394.2307692307692,2758136.0,2758136.0,2758136.0,143535.0,143535.0,143535.0,0.0,0.0,hard,32,1,0,10000000,sync_on,hard_p32_w1_i0_t10000000
17.03,221.15384615384616,221.15384615384616,221.15384615384616,2750376.0,2750376.0,2750376.0,143430.0,143430.0,143430.0,0.0,0.0,hard,32,1,0,10000000,sync_on,hard_p32_w1_i0_t10000000
17.04,288.46153846153845,288.46153846153845,288.46153846153845,2756236.0,2756236.0,2756236.0,143393.0,143393.0,143393.0,0.0,0.0,hard,32,1,0,10000000,sync_on,hard_p32_w1_i0_t10000000
17.08,1196.0784313725492,1196.0784313725492,1196.0784313725492,2777296.0,2777296.0,2777296.0,122575.0,122575.0,122575.0,0.0,0.0,hard,32,1,0,10000000,sync_on,hard_p32_w1_i0_t10000000
17.1,250.0,250.0,250.0,2757628.0,2757628.0,2757628.0,140233.0,140233.0,140233.0,0.0,0.0,hard,32,1,0,10000000,sync_on,hard_p32_w1_i0_t10000000
17.13,233.0097087378641,194.1747572815534,271.84466019417476,2754390.0,2750508.0,2758272.0,143495.0,143443.0,143547.0,0.0,0.0,hard,32,1,0,10000000,sync_on,hard_p32_w1_i0_t10000000
17.14,250.0,250.0,250.0,2756484.0,2756484.0,2756484.0,143406.0,143406.0,143406.0,0.0,0.0,hard,32,1,0,10000000,sync_on,hard_p32_w1_i0_t10000000
17.18,1230.7692307692307,1230.7692307692307,1230.7692307692307,2777756.0,2777756.0,2777756.0,122634.0,122634.0,122634.0,0.0,0.0,hard,32,1,0,10000000,sync_on,hard_p32_w1_i0_t10000000
17.2,330.0970873786408,330.0970873786408,330.0970873786408,2757704.0,2757704.0,2757704.0,140250.0,140250.0,140250.0,0.0,0.0,hard,32,1,0,10000000,sync_on,hard_p32_w1_i0_t10000000
17.23,269.2307692307692,230.76923076923077,307.6923076923077,2754472.0,2750620.0,2758324.0,143508.5,143461.0,143556.0,0.0,0.0,hard,32,1,0,10000000,sync_on,hard_p32_w1_i0_t10000000
17.24,398.05825242718447,398.05825242718447,398.05825242718447,2756776.0,2756776.0,2756776.0,143417.0,143417.0,143417.0,0.0,0.0,hard,32,1,0,10000000,sync_on,hard_p32_w1_i0_t10000000
17.29,1215.686274509804,1215.686274509804,1215.686274509804,2778228.0,2778228.0,2778228.0,122688.0,122688.0,122688.0,0.0,0.0,hard,32,1,0,10000000,sync_on,hard_p32_w1_i0_t10000000
17.31,269.2307692307692,269.2307692307692,269.2307692307692,2757780.0,2757780.0,2757780.0,140263.0,140263.0,140263.0,0.0,0.0,hard,32,1,0,10000000,sync_on,hard_p32_w1_i0_t10000000
17.33,413.46153846153845,413.46153846153845,413.46153846153845,2758668.0,2758668.0,2758668.0,143574.0,143574.0,143574.0,0.0,0.0,hard,32,1,0,10000000,sync_on,hard_p32_w1_i0_t10000000
17.34,317.3076923076923,317.3076923076923,317.3076923076923,2750900.0,2750900.0,2750900.0,143477.0,143477.0,143477.0,0.0,0.0,hard,32,1,0,10000000,sync_on,hard_p32_w1_i0_t10000000
17.35,192.30769230769232,192.30769230769232,192.30769230769232,2756956.0,2756956.0,2756956.0,143435.0,143435.0,143435.0,0.0,0.0,hard,32,1,0,10000000,sync_on,hard_p32_w1_i0_t10000000
17.39,1098.0392156862745,1098.0392156862745,1098.0392156862745,2778688.0,2778688.0,2778688.0,122743.0,122743.0,122743.0,0.0,0.0,hard,32,1,0,10000000,sync_on,hard_p32_w1_i0_t10000000
17.41,368.93203883495147,368.93203883495147,368.93203883495147,2757864.0,2757864.0,2757864.0,140285.0,140285.0,140285.0,0.0,0.0,hard,32,1,0,10000000,sync_on,hard_p32_w1_i0_t10000000
17.44,281.55339805825247,262.1359223300971,300.97087378640776,2754886.0,2751036.0,2758736.0,143546.0,143499.0,143593.0,0.0,0.0,hard,32,1,0,10000000,sync_on,hard_p32_w1_i0_t10000000
17.45,432.69230769230774,432.69230769230774,432.69230769230774,2757264.0,2757264.0,2757264.0,143451.0,143451.0,143451.0,0.0,0.0,hard,32,1,0,10000000,sync_on,hard_p32_w1_i0_t10000000
17.49,1168.3168316831682,1168.3168316831682,1168.3168316831682,2779176.0,2779176.0,2779176.0,122799.0,122799.0,122799.0,0.0,0.0,hard,32,1,0,10000000,sync_on,hard_p32_w1_i0_t10000000
17.52,346.1538461538462,346.1538461538462,346.1538461538462,2757928.0,2757928.0,2757928.0,140307.0,140307.0,140307.0,0.0,0.0,hard,32,1,0,10000000,sync_on,hard_p32_w1_i0_t10000000
17.54,461.53846153846155,461.53846153846155,461.53846153846155,2758852.0,2758852.0,2758852.0,143601.0,143601.0,143601.0,0.0,0.0,hard,32,1,0,10000000,sync_on,hard_p32_w1_i0_t10000000
17.55,236.6038088125467,213.59223300970876,259.61538461538464,2754224.0,2751084.0,2757364.0,143486.0,143466.0,143506.0,0.0,0.0,hard,32,1,0,10000000,sync_on,hard_p32_w1_i0_t10000000
17.59,1127.450980392157,1127.450980392157,1127.450980392157,2779584.0,2779584.0,2779584.0,122848.0,122848.0,122848.0,0.0,0.0,hard,32,1,0,10000000,sync_on,hard_p32_w1_i0_t10000000
17.62,240.3846153846154,240.3846153846154,240.3846153846154,2757956.0,2757956.0,2757956.0,140316.0,140316.0,140316.0,0.0,0.0,hard,32,1,0,10000000,sync_on,hard_p32_w1_i0_t10000000
17.64,174.75728155339806,174.75728155339806,174.75728155339806,2758896.0,2758896.0,2758896.0,143619.0,143619.0,143619.0,0.0,0.0,hard,32,1,0,10000000,sync_on,hard_p32_w1_i0_t10000000
17.65,240.3846153846154,240.3846153846154,240.3846153846154,2751124.0,2751124.0,2751124.0,143518.0,143518.0,143518.0,0.0,0.0,hard,32,1,0,10000000,sync_on,hard_p32_w1_i0_t10000000
17.66,423.0769230769231,423.0769230769231,423.0769230769231,2757476.0,2757476.0,2757476.0,143479.0,143479.0,143479.0,0.0,0.0,hard,32,1,0,10000000,sync_on,hard_p32_w1_i0_t10000000
17.69,1313.7254901960785,1313.7254901960785,1313.7254901960785,2779968.0,2779968.0,2779968.0,122906.0,122906.0,122906.0,0.0,0.0,hard,32,1,0,10000000,sync_on,hard_p32_w1_i0_t10000000
17.72,281.55339805825247,281.55339805825247,281.55339805825247,2758024.0,2758024.0,2758024.0,140329.0,140329.0,140329.0,0.0,0.0,hard,32,1,0,10000000,sync_on,hard_p32_w1_i0_t10000000
17.75,338.21882001493657,326.92307692307696,349.5145631067961,2755172.0,2751384.0,2758960.0,143585.0,143536.0,143634.0,0.0,0.0,hard,32,1,0,10000000,sync_on,hard_p32_w1_i0_t10000000
17.76,291.2621359223301,291.2621359223301,291.2621359223301,2757692.0,2757692.0,2757692.0,143487.0,143487.0,143487.0,0.0,0.0,hard,32,1,0,10000000,sync_on,hard_p32_w1_i0_t10000000
17.79,1089.108910891089,1089.108910891089,1089.108910891089,2780228.0,2780228.0,2780228.0,122959.0,122959.0,122959.0,0.0,0.0,hard,32,1,0,10000000,sync_on,hard_p32_w1_i0_t10000000
17.83,173.0769230769231,173.0769230769231,173.0769230769231,2758048.0,2758048.0,2758048.0,140342.0,140342.0,140342.0,0.0,0.0,hard,32,1,0,10000000,sync_on,hard_p32_w1_i0_t10000000
17.85,163.46153846153848,163.46153846153848,163.46153846153848,2759064.0,2759064.0,2759064.0,143645.0,143645.0,143645.0,0.0,0.0,hard,32,1,0,10000000,sync_on,hard_p32_w1_i0_t10000000
17.86,278.8461538461538,269.2307692307692,288.46153846153845,2754620.0,2751484.0,2757756.0,143525.0,143502.0,143548.0,0.0,0.0,hard,32,1,0,10000000,sync_on,hard_p32_w1_i0_t10000000
17.9,1088.235294117647,1088.235294117647,1088.235294117647,2780636.0,2780636.0,2780636.0,123022.0,123022.0,123022.0,0.0,0.0,hard,32,1,0,10000000,sync_on,hard_p32_w1_i0_t10000000
17.93,269.2307692307692,269.2307692307692,269.2307692307692,2758196.0,2758196.0,2758196.0,140360.0,140360.0,140360.0,0.0,0.0,hard,32,1,0,10000000,sync_on,hard_p32_w1_i0_t10000000
17.95,388.3495145631068,388.3495145631068,388.3495145631068,2759256.0,2759256.0,2759256.0,143667.0,143667.0,143667.0,0.0,0.0,hard,32,1,0,10000000,sync_on,hard_p32_w1_i0_t10000000
17.96,259.61538461538464,259.61538461538464,259.61538461538464,2751560.0,2751560.0,2751560.0,143564.0,143564.0,143564.0,0.0,0.0,hard,32,1,0,10000000,sync_on,hard_p32_w1_i0_t10000000
17.97,278.84615384615387,278.84615384615387,278.84615384615387,2757812.0,2757812.0,2757812.0,143523.0,143523.0,143523.0,0.0,0.0,hard,32,1,0,10000000,sync_on,hard_p32_w1_i0_t10000000
18.0,1237.6237623762374,1237.6237623762374,1237.6237623762374,2780964.0,2780964.0,2780964.0,123093.0,123093.0,123093.0,0.0,0.0,hard,32,1,0,10000000,sync_on,hard_p32_w1_i0_t10000000
18.03,194.1747572815534,194.1747572815534,194.1747572815534,2758288.0,2758288.0,2758288.0,140629.0,140629.0,140629.0,0.0,0.0,hard,32,1,0,10000000,sync_on,hard_p32_w1_i0_t10000000
18.06,323.7490664675131,307.6923076923077,339.80582524271847,2755606.0,2751700.0,2759512.0,143632.0,143582.0,143682.0,0.0,0.0,hard,32,1,0,10000000,sync_on,hard_p32_w1_i0_t10000000
18.07,223.3009708737864,223.3009708737864,223.3009708737864,2757844.0,2757844.0,2757844.0,143538.0,143538.0,143538.0,0.0,0.0,hard,32,1,0,10000000,sync_on,hard_p32_w1_i0_t10000000
18.1,1176.4705882352941,1176.4705882352941,1176.4705882352941,2781476.0,2781476.0,2781476.0,123153.0,123153.0,123153.0,0.0,0.0,hard,32,1,0,10000000,sync_on,hard_p32_w1_i0_t10000000
18.14,153.84615384615384,153.84615384615384,153.84615384615384,2758352.0,2758352.0,2758352.0,140632.0,140632.0,140632.0,0.0,0.0,hard,32,1,0,10000000,sync_on,hard_p32_w1_i0_t10000000
18.16,355.7692307692308,355.7692307692308,355.7692307692308,2759672.0,2759672.0,2759672.0,143695.0,143695.0,143695.0,0.0,0.0,hard,32,1,0,10000000,sync_on,hard_p32_w1_i0_t10000000
18.17,394.2307692307692,394.2307692307692,394.2307692307692,2751820.0,2751820.0,2751820.0,143596.0,143596.0,143596.0,0.0,0.0,hard,32,1,0,10000000,sync_on,hard_p32_w1_i0_t10000000
18.18,278.84615384615387,278.84615384615387,278.84615384615387,2758072.0,2758072.0,2758072.0,143557.0,143557.0,143557.0,0.0,0.0,hard,32,1,0,10000000,sync_on,hard_p32_w1_i0_t10000000
18.2,1098.0392156862745,1098.0392156862745,1098.0392156862745,2781684.0,2781684.0,2781684.0,124434.0,124434.0,124434.0,0.0,0.0,hard,32,1,0,10000000,sync_on,hard_p32_w1_i0_t10000000
18.24,153.84615384615384,153.84615384615384,153.84615384615384,2758416.0,2758416.0,2758416.0,136598.0,136598.0,136598.0,0.0,0.0,hard,32,1,0,10000000,sync_on,hard_p32_w1_i0_t10000000
18.27,357.40291262135923,339.80582524271847,375.0,2755914.0,2752020.0,2759808.0,143663.0,143612.0,143714.0,0.0,0.0,hard,32,1,0,10000000,sync_on,hard_p32_w1_i0_t10000000
18.28,384.61538461538464,384.61538461538464,384.61538461538464,2758200.0,2758200.0,2758200.0,143574.0,143574.0,143574.0,0.0,0.0,hard,32,1,0,10000000,sync_on,hard_p32_w1_i0_t10000000
18.3,519.6078431372549,519.6078431372549,519.6078431372549,2780252.0,2780252.0,2780252.0,123228.0,123228.0,123228.0,0.0,0.0,hard,32,1,0,10000000,sync_on,hard_p32_w1_i0_t10000000
18.34,213.59223300970876,213.59223300970876,213.59223300970876,2758484.0,2758484.0,2758484.0,136612.0,136612.0,136612.0,0.0,0.0,hard,32,1,0,10000000,sync_on,hard_p32_w1_i0_t10000000
18.37,250.0,250.0,250.0,2759836.0,2759836.0,2759836.0,143724.0,143724.0,143724.0,0.0,0.0,hard,32,1,0,10000000,sync_on,hard_p32_w1_i0_t10000000
18.38,223.3009708737864,184.46601941747574,262.1359223300971,2755144.0,2752040.0,2758248.0,143604.5,143585.0,143624.0,0.0,0.0,hard,32,1,0,10000000,sync_on,hard_p32_w1_i0_t10000000
18.41,1058.8235294117649,1058.8235294117649,1058.8235294117649,2780604.0,2780604.0,2780604.0,123286.0,123286.0,123286.0,0.0,0.0,hard,32,1,0,10000000,sync_on,hard_p32_w1_i0_t10000000
18.45,230.76923076923077,230.76923076923077,230.76923076923077,2758516.0,2758516.0,2758516.0,136624.0,136624.0,136624.0,0.0,0.0,hard,32,1,0,10000000,sync_on,hard_p32_w1_i0_t10000000
18.47,250.0,250.0,250.0,2759888.0,2759888.0,2759888.0,143747.0,143747.0,143747.0,0.0,0.0,hard,32,1,0,10000000,sync_on,hard_p32_w1_i0_t10000000
18.48,259.61538461538464,259.61538461538464,259.61538461538464,2752164.0,2752164.0,2752164.0,143644.0,143644.0,143644.0,0.0,0.0,hard,32,1,0,10000000,sync_on,hard_p32_w1_i0_t10000000
18.49,0.0,0.0,0.0,2758248.0,2758248.0,2758248.0,143585.0,143585.0,143585.0,0.0,0.0,hard,32,1,0,10000000,sync_on,hard_p32_w1_i0_t10000000
18.51,1088.235294117647,1088.235294117647,1088.235294117647,2780852.0,2780852.0,2780852.0,123349.0,123349.0,123349.0,0.0,0.0,hard,32,1,0,10000000,sync_on,hard_p32_w1_i0_t10000000
18.55,349.5145631067961,349.5145631067961,349.5145631067961,2758640.0,2758640.0,2758640.0,136647.0,136647.0,136647.0,0.0,0.0,hard,32,1,0,10000000,sync_on,hard_p32_w1_i0_t10000000
18.58,305.8252427184466,242.71844660194176,368.93203883495147,2756142.0,2752328.0,2759956.0,143710.5,143664.0,143757.0,0.0,0.0,hard,32,1,0,10000000,sync_on,hard_p32_w1_i0_t10000000
18.59,115.38461538461539,115.38461538461539,115.38461538461539,2758252.0,2758252.0,2758252.0,143590.0,143590.0,143590.0,0.0,0.0,hard,32,1,0,10000000,sync_on,hard_p32_w1_i0_t10000000
18.61,1145.6310679611652,1145.6310679611652,1145.6310679611652,2781348.0,2781348.0,2781348.0,123411.0,123411.0,123411.0,0.0,0.0,hard,32,1,0,10000000,sync_on,hard_p32_w1_i0_t10000000
18.66,423.0769230769231,423.0769230769231,423.0769230769231,2758704.0,2758704.0,2758704.0,136659.0,136659.0,136659.0,0.0,0.0,hard,32,1,0,10000000,sync_on,hard_p32_w1_i0_t10000000
18.68,269.2307692307692,269.2307692307692,269.2307692307692,2760116.0,2760116.0,2760116.0,143773.0,143773.0,143773.0,0.0,0.0,hard,32,1,0,10000000,sync_on,hard_p32_w1_i0_t10000000
18.69,173.73039581777448,135.92233009708738,211.53846153846155,2755416.0,2752556.0,2758276.0,143637.5,143597.0,143678.0,0.0,0.0,hard,32,1,0,10000000,sync_on,hard_p32_w1_i0_t10000000
18.71,1313.7254901960785,1313.7254901960785,1313.7254901960785,2781668.0,2781668.0,2781668.0,123471.0,123471.0,123471.0,0.0,0.0,hard,32,1,0,10000000,sync_on,hard_p32_w1_i0_t10000000
18.76,194.1747572815534,194.1747572815534,194.1747572815534,2758744.0,2758744.0,2758744.0,136672.0,136672.0,136672.0,0.0,0.0,hard,32,1,0,10000000,sync_on,hard_p32_w1_i0_t10000000
18.79,313.94697535474234,300.97087378640776,326.92307692307696,2756464.0,2752744.0,2760184.0,143737.0,143685.0,143789.0,0.0,0.0,hard,32,1,0,10000000,sync_on,hard_p32_w1_i0_t10000000
18.8,182.6923076923077,182.6923076923077,182.6923076923077,2758288.0,2758288.0,2758288.0,143613.0,143613.0,143613.0,0.0,0.0,hard,32,1,0,10000000,sync_on,hard_p32_w1_i0_t10000000
18.82,1174.7572815533981,1174.7572815533981,1174.7572815533981,2782212.0,2782212.0,2782212.0,123880.0,123880.0,123880.0,0.0,0.0,hard,32,1,0,10000000,sync_on,hard_p32_w1_i0_t10000000
18.86,115.38461538461539,115.38461538461539,115.38461538461539,2758744.0,2758744.0,2758744.0,136678.0,136678.0,136678.0,0.0,0.0,hard,32,1,0,10000000,sync_on,hard_p32_w1_i0_t10000000
18.89,228.0153099327857,28.846153846153847,427.1844660194175,2756538.0,2752760.0,2760316.0,143750.0,143696.0,143804.0,0.0,0.0,hard,32,1,0,10000000,sync_on,hard_p32_w1_i0_t10000000
18.9,223.3009708737864,223.3009708737864,223.3009708737864,2758392.0,2758392.0,2758392.0,143623.0,143623.0,143623.0,0.0,0.0,hard,32,1,0,10000000,sync_on,hard_p32_w1_i0_t10000000
18.92,950.4950495049504,950.4950495049504,950.4950495049504,2781576.0,2781576.0,2781576.0,123577.0,123577.0,123577.0,0.0,0.0,hard,32,1,0,10000000,sync_on,hard_p32_w1_i0_t10000000
18.96,378.6407766990292,378.6407766990292,378.6407766990292,2758812.0,2758812.0,2758812.0,136696.0,136696.0,136696.0,0.0,0.0,hard,32,1,0,10000000,sync_on,hard_p32_w1_i0_t10000000
18.99,288.46153846153845,288.46153846153845,288.46153846153845,2760420.0,2760420.0,2760420.0,143819.0,143819.0,143819.0,0.0,0.0,hard,32,1,0,10000000,sync_on,hard_p32_w1_i0_t10000000
19.0,278.84615384615387,182.6923076923077,375.0,2755648.0,2752772.0,2758524.0,143675.0,143646.0,143704.0,0.0,0.0,hard,32,1,0,10000000,sync_on,hard_p32_w1_i0_t10000000
19.02,1156.8627450980393,1156.8627450980393,1156.8627450980393,2781868.0,2781868.0,2781868.0,123635.0,123635.0,123635.0,0.0,0.0,hard,32,1,0,10000000,sync_on,hard_p32_w1_i0_t10000000
19.07,230.76923076923077,230.76923076923077,230.76923076923077,2758848.0,2758848.0,2758848.0,136710.0,136710.0,136710.0,0.0,0.0,hard,32,1,0,10000000,sync_on,hard_p32_w1_i0_t10000000
19.09,233.0097087378641,233.0097087378641,233.0097087378641,2760472.0,2760472.0,2760472.0,143831.0,143831.0,143831.0,0.0,0.0,hard,32,1,0,10000000,sync_on,hard_p32_w1_i0_t10000000
19.1,242.71844660194176,242.71844660194176,242.71844660194176,2752808.0,2752808.0,2752808.0,143721.0,143721.0,143721.0,0.0,0.0,hard,32,1,0,10000000,sync_on,hard_p32_w1_i0_t10000000
19.11,355.7692307692308,355.7692307692308,355.7692307692308,2758808.0,2758808.0,2758808.0,143658.0,143658.0,143658.0,0.0,0.0,hard,32,1,0,10000000,sync_on,hard_p32_w1_i0_t10000000
19.12,1115.3846153846155,1115.3846153846155,1115.3846153846155,2782272.0,2782272.0,2782272.0,123695.0,123695.0,123695.0,0.0,0.0,hard,32,1,0,10000000,sync_on,hard_p32_w1_i0_t10000000
19.17,153.84615384615384,153.84615384615384,153.84615384615384,2758884.0,2758884.0,2758884.0,136723.0,136723.0,136723.0,0.0,0.0,hard,32,1,0,10000000,sync_on,hard_p32_w1_i0_t10000000
19.2,259.61538461538464,230.76923076923077,288.46153846153845,2756718.0,2752888.0,2760548.0,143790.0,143736.0,143844.0,0.0,0.0,hard,32,1,0,10000000,sync_on,hard_p32_w1_i0_t10000000
19.21,145.63106796116506,145.63106796116506,145.63106796116506,2758944.0,2758944.0,2758944.0,143929.0,143929.0,143929.0,0.0,0.0,hard,32,1,0,10000000,sync_on,hard_p32_w1_i0_t10000000
19.22,1108.9108910891089,1108.9108910891089,1108.9108910891089,2782696.0,2782696.0,2782696.0,123753.0,123753.0,123753.0,0.0,0.0,hard,32,1,0,10000000,sync_on,hard_p32_w1_i0_t10000000
19.28,417.4757281553398,417.4757281553398,417.4757281553398,2758948.0,2758948.0,2758948.0,136740.0,136740.0,136740.0,0.0,0.0,hard,32,1,0,10000000,sync_on,hard_p32_w1_i0_t10000000
19.3,174.75728155339806,174.75728155339806,174.75728155339806,2760596.0,2760596.0,2760596.0,143855.0,143855.0,143855.0,0.0,0.0,hard,32,1,0,10000000,sync_on,hard_p32_w1_i0_t10000000
19.31,155.33980582524273,155.33980582524273,155.33980582524273,2752944.0,2752944.0,2752944.0,143743.0,143743.0,143743.0,0.0,0.0,hard,32,1,0,10000000,sync_on,hard_p32_w1_i0_t10000000
19.32,105.76923076923077,105.76923076923077,105.76923076923077,2758992.0,2758992.0,2758992.0,143937.0,143937.0,143937.0,0.0,0.0,hard,32,1,0,10000000,sync_on,hard_p32_w1_i0_t10000000
19.33,1184.4660194174758,1184.4660194174758,1184.4660194174758,2783248.0,2783248.0,2783248.0,123806.0,123806.0,123806.0,0.0,0.0,hard,32,1,0,10000000,sync_on,hard_p32_w1_i0_t10000000
19.38,259.61538461538464,259.61538461538464,259.61538461538464,2759020.0,2759020.0,2759020.0,136756.0,136756.0,136756.0,0.0,0.0,hard,32,1,0,10000000,sync_on,hard_p32_w1_i0_t10000000
19.41,278.84615384615387,259.61538461538464,298.0769230769231,2756856.0,2752972.0,2760740.0,143814.0,143759.0,143869.0,0.0,0.0,hard,32,1,0,10000000,sync_on,hard_p32_w1_i0_t10000000
19.42,106.79611650485438,106.79611650485438,106.79611650485438,2759036.0,2759036.0,2759036.0,143945.0,143945.0,143945.0,0.0,0.0,hard,32,1,0,10000000,sync_on,hard_p32_w1_i0_t10000000
19.43,1194.1747572815534,1194.1747572815534,1194.1747572815534,2783780.0,2783780.0,2783780.0,123875.0,123875.0,123875.0,0.0,0.0,hard,32,1,0,10000000,sync_on,hard_p32_w1_i0_t10000000
19.48,250.0,250.0,250.0,2759140.0,2759140.0,2759140.0,136767.0,136767.0,136767.0,0.0,0.0,hard,32,1,0,10000000,sync_on,hard_p32_w1_i0_t10000000
19.51,333.2244212098581,310.67961165048547,355.7692307692308,2756940.0,2753068.0,2760812.0,143829.5,143773.0,143886.0,0.0,0.0,hard,32,1,0,10000000,sync_on,hard_p32_w1_i0_t10000000
19.52,384.61538461538464,384.61538461538464,384.61538461538464,2759304.0,2759304.0,2759304.0,139919.0,139919.0,139919.0,0.0,0.0,hard,32,1,0,10000000,sync_on,hard_p32_w1_i0_t10000000
19.53,617.6470588235295,617.6470588235295,617.6470588235295,2784048.0,2784048.0,2784048.0,123909.0,123909.0,123909.0,0.0,0.0,hard,32,1,0,10000000,sync_on,hard_p32_w1_i0_t10000000
19.59,213.59223300970876,213.59223300970876,213.59223300970876,2759224.0,2759224.0,2759224.0,136777.0,136777.0,136777.0,0.0,0.0,hard,32,1,0,10000000,sync_on,hard_p32_w1_i0_t10000000
19.61,252.42718446601944,252.42718446601944,252.42718446601944,2760908.0,2760908.0,2760908.0,143904.0,143904.0,143904.0,0.0,0.0,hard,32,1,0,10000000,sync_on,hard_p32_w1_i0_t10000000
19.62,346.1538461538462,346.1538461538462,346.1538461538462,2753216.0,2753216.0,2753216.0,143792.0,143792.0,143792.0,0.0,0.0,hard,32,1,0,10000000,sync_on,hard_p32_w1_i0_t10000000
19.63,311.08597285067873,269.2307692307692,352.94117647058823,2771766.0,2759380.0,2784152.0,132494.5,125052.0,139937.0,0.0,0.0,hard,32,1,0,10000000,sync_on,hard_p32_w1_i0_t10000000
19.69,259.61538461538464,259.61538461538464,259.61538461538464,2759392.0,2759392.0,2759392.0,136796.0,136796.0,136796.0,0.0,0.0,hard,32,1,0,10000000,sync_on,hard_p32_w1_i0_t10000000
19.72,312.5,288.46153846153845,336.53846153846155,2757162.0,2753324.0,2761000.0,143866.5,143816.0,143917.0,0.0,0.0,hard,32,1,0,10000000,sync_on,hard_p32_w1_i0_t10000000
19.73,271.84466019417476,271.84466019417476,271.84466019417476,2759504.0,2759504.0,2759504.0,139951.0,139951.0,139951.0,0.0,0.0,hard,32,1,0,10000000,sync_on,hard_p32_w1_i0_t10000000
19.74,97.0873786407767,97.0873786407767,97.0873786407767,2784528.0,2784528.0,2784528.0,125767.0,125767.0,125767.0,0.0,0.0,hard,32,1,0,10000000,sync_on,hard_p32_w1_i0_t10000000
19.79,233.0097087378641,233.0097087378641,233.0097087378641,2759452.0,2759452.0,2759452.0,136810.0,136810.0,136810.0,0.0,0.0,hard,32,1,0,10000000,sync_on,hard_p32_w1_i0_t10000000
19.82,298.0769230769231,298.0769230769231,298.0769230769231,2761192.0,2761192.0,2761192.0,143925.0,143925.0,143925.0,0.0,0.0,hard,32,1,0,10000000,sync_on,hard_p32_w1_i0_t10000000
19.83,269.2307692307692,240.3846153846154,298.0769230769231,2756452.0,2753368.0,2759536.0,141892.5,139961.0,143824.0,0.0,0.0,hard,32,1,0,10000000,sync_on,hard_p32_w1_i0_t10000000
19.84,0.0,0.0,0.0,2784528.0,2784528.0,2784528.0,125767.0,125767.0,125767.0,0.0,0.0,hard,32,1,0,10000000,sync_on,hard_p32_w1_i0_t10000000
19.9,288.46153846153845,288.46153846153845,288.46153846153845,2759512.0,2759512.0,2759512.0,136827.0,136827.0,136827.0,0.0,0.0,hard,32,1,0,10000000,sync_on,hard_p32_w1_i0_t10000000
19.92,48.54368932038835,48.54368932038835,48.54368932038835,2761248.0,2761248.0,2761248.0,144197.0,144197.0,144197.0,0.0,0.0,hard,32,1,0,10000000,sync_on,hard_p32_w1_i0_t10000000
19.93,291.2621359223301,291.2621359223301,291.2621359223301,2753464.0,2753464.0,2753464.0,143837.0,143837.0,143837.0,0.0,0.0,hard,32,1,0,10000000,sync_on,hard_p32_w1_i0_t10000000
19.94,120.1923076923077,0.0,240.3846153846154,2772052.0,2759576.0,2784528.0,132874.5,125767.0,139982.0,0.0,0.0,hard,32,1,0,10000000,sync_on,hard_p32_w1_i0_t10000000
20.0,230.76923076923077,230.76923076923077,230.76923076923077,2759552.0,2759552.0,2759552.0,136841.0,136841.0,136841.0,0.0,0.0,hard,32,1,0,10000000,sync_on,hard_p32_w1_i0_t10000000
20.03,100.96153846153845,48.07692307692308,153.84615384615384,2757364.0,2753480.0,2761248.0,144026.0,143855.0,144197.0,0.0,0.0,hard,32,1,0,10000000,sync_on,hard_p32_w1_i0_t10000000
20.04,359.2233009708738,359.2233009708738,359.2233009708738,2759656.0,2759656.0,2759656.0,139995.0,139995.0,139995.0,0.0,0.0,hard,32,1,0,10000000,sync_on,hard_p32_w1_i0_t10000000
20.05,0.0,0.0,0.0,2784528.0,2784528.0,2784528.0,125767.0,125767.0,125767.0,0.0,0.0,hard,32,1,0,10000000,sync_on,hard_p32_w1_i0_t10000000
20.11,262.1359223300971,262.1359223300971,262.1359223300971,2759600.0,2759600.0,2759600.0,136858.0,136858.0,136858.0,0.0,0.0,hard,32,1,0,10000000,sync_on,hard_p32_w1_i0_t10000000
20.13,288.46153846153845,288.46153846153845,288.46153846153845,2761320.0,2761320.0,2761320.0,140171.0,140171.0,140171.0,0.0,0.0,hard,32,1,0,10000000,sync_on,hard_p32_w1_i0_t10000000
20.14,355.7692307692308,317.3076923076923,394.2307692307692,2756790.0,2753720.0,2759860.0,141943.0,140017.0,143869.0,0.0,0.0,hard,32,1,0,10000000,sync_on,hard_p32_w1_i0_t10000000
20.15,0.0,0.0,0.0,2784528.0,2784528.0,2784528.0,125767.0,125767.0,125767.0,0.0,0.0,hard,32,1,0,10000000,sync_on,hard_p32_w1_i0_t10000000
20.21,201.92307692307693,201.92307692307693,201.92307692307693,2759632.0,2759632.0,2759632.0,136868.0,136868.0,136868.0,0.0,0.0,hard,32,1,0,10000000,sync_on,hard_p32_w1_i0_t10000000
20.23,271.84466019417476,271.84466019417476,271.84466019417476,2761444.0,2761444.0,2761444.0,140184.0,140184.0,140184.0,0.0,0.0,hard,32,1,0,10000000,sync_on,hard_p32_w1_i0_t10000000
20.24,194.1747572815534,194.1747572815534,194.1747572815534,2753752.0,2753752.0,2753752.0,143874.0,143874.0,143874.0,0.0,0.0,hard,32,1,0,10000000,sync_on,hard_p32_w1_i0_t10000000
20.25,139.42307692307693,0.0,278.84615384615387,2772236.0,2759944.0,2784528.0,132900.5,125767.0,140034.0,0.0,0.0,hard,32,1,0,10000000,sync_on,hard_p32_w1_i0_t10000000
20.31,307.6923076923077,307.6923076923077,307.6923076923077,2759680.0,2759680.0,2759680.0,136889.0,136889.0,136889.0,0.0,0.0,hard,32,1,0,10000000,sync_on,hard_p32_w1_i0_t10000000
20.34,206.73076923076923,192.30769230769232,221.15384615384616,2757632.0,2753784.0,2761480.0,142042.0,140194.0,143890.0,0.0,0.0,hard,32,1,0,10000000,sync_on,hard_p32_w1_i0_t10000000
20.35,281.55339805825247,281.55339805825247,281.55339805825247,2759988.0,2759988.0,2759988.0,140048.0,140048.0,140048.0,0.0,0.0,hard,32,1,0,10000000,sync_on,hard_p32_w1_i0_t10000000
20.36,0.0,0.0,0.0,2784528.0,2784528.0,2784528.0,125767.0,125767.0,125767.0,0.0,0.0,hard,32,1,0,10000000,sync_on,hard_p32_w1_i0_t10000000
20.42,281.55339805825247,281.55339805825247,281.55339805825247,2759720.0,2759720.0,2759720.0,136898.0,136898.0,136898.0,0.0,0.0,hard,32,1,0,10000000,sync_on,hard_p32_w1_i0_t10000000
20.44,317.3076923076923,317.3076923076923,317.3076923076923,2761612.0,2761612.0,2761612.0,140218.0,140218.0,140218.0,0.0,0.0,hard,32,1,0,10000000,sync_on,hard_p32_w1_i0_t10000000
20.45,233.0097087378641,233.0097087378641,233.0097087378641,2753896.0,2753896.0,2753896.0,143902.0,143902.0,143902.0,0.0,0.0,hard,32,1,0,10000000,sync_on,hard_p32_w1_i0_t10000000
20.46,163.46153846153848,0.0,326.92307692307696,2772302.0,2760076.0,2784528.0,132912.0,125767.0,140057.0,0.0,0.0,hard,32,1,0,10000000,sync_on,hard_p32_w1_i0_t10000000
20.52,250.0,250.0,250.0,2759808.0,2759808.0,2759808.0,136910.0,136910.0,136910.0,0.0,0.0,hard,32,1,0,10000000,sync_on,hard_p32_w1_i0_t10000000
20.55,270.8644510828977,201.92307692307693,339.80582524271847,2757796.0,2753920.0,2761672.0,142078.0,140231.0,143925.0,0.0,0.0,hard,32,1,0,10000000,sync_on,hard_p32_w1_i0_t10000000
20.56,134.6153846153846,0.0,269.2307692307692,2772330.0,2760132.0,2784528.0,132920.5,125767.0,140074.0,0.0,0.0,hard,32,1,0,10000000,sync_on,hard_p32_w1_i0_t10000000
20.62,262.1359223300971,262.1359223300971,262.1359223300971,2759896.0,2759896.0,2759896.0,136930.0,136930.0,136930.0,0.0,0.0,hard,32,1,0,10000000,sync_on,hard_p32_w1_i0_t10000000
20.65,163.46153846153848,163.46153846153848,163.46153846153848,2761692.0,2761692.0,2761692.0,140246.0,140246.0,140246.0,0.0,0.0,hard,32,1,0,10000000,sync_on,hard_p32_w1_i0_t10000000
20.66,209.73363206372915,145.63106796116506,291.2621359223301,2766282.6666666665,2753956.0,2784696.0,136602.66666666666,125778.0,143941.0,0.0,0.0,hard,32,1,0,10000000,sync_on,hard_p32_w1_i0_t10000000
20.73,269.2307692307692,269.2307692307692,269.2307692307692,2759932.0,2759932.0,2759932.0,136934.0,136934.0,136934.0,0.0,0.0,hard,32,1,0,10000000,sync_on,hard_p32_w1_i0_t10000000
20.75,269.2307692307692,269.2307692307692,269.2307692307692,2761812.0,2761812.0,2761812.0,140263.0,140263.0,140263.0,0.0,0.0,hard,32,1,0,10000000,sync_on,hard_p32_w1_i0_t10000000
20.76,271.84466019417476,271.84466019417476,271.84466019417476,2754048.0,2754048.0,2754048.0,143953.0,143953.0,143953.0,0.0,0.0,hard,32,1,0,10000000,sync_on,hard_p32_w1_i0_t10000000
20.77,231.51605675877522,155.33980582524273,307.6923076923077,2771694.0,2760436.0,2782952.0,132153.0,124197.0,140109.0,0.0,0.0,hard,32,1,0,10000000,sync_on,hard_p32_w1_i0_t10000000
20.83,192.30769230769232,192.30769230769232,192.30769230769232,2759972.0,2759972.0,2759972.0,136945.0,136945.0,136945.0,0.0,0.0,hard,32,1,0,10000000,sync_on,hard_p32_w1_i0_t10000000
20.86,245.19230769230768,201.92307692307693,288.46153846153845,2758038.0,2754160.0,2761916.0,142122.5,140278.0,143967.0,0.0,0.0,hard,32,1,0,10000000,sync_on,hard_p32_w1_i0_t10000000
20.87,130.9746079163555,19.23076923076923,242.71844660194176,2771746.0,2760540.0,2782952.0,132161.0,124202.0,140120.0,0.0,0.0,hard,32,1,0,10000000,sync_on,hard_p32_w1_i0_t10000000
20.93,233.0097087378641,233.0097087378641,233.0097087378641,2760016.0,2760016.0,2760016.0,136958.0,136958.0,136958.0,0.0,0.0,hard,32,1,0,10000000,sync_on,hard_p32_w1_i0_t10000000
20.96,246.4058999253174,240.3846153846154,252.42718446601944,2758086.0,2754220.0,2761952.0,142134.0,140287.0,143981.0,0.0,0.0,hard,32,1,0,10000000,sync_on,hard_p32_w1_i0_t10000000
20.97,278.84615384615387,278.84615384615387,278.84615384615387,2760628.0,2760628.0,2760628.0,140131.0,140131.0,140131.0,0.0,0.0,hard,32,1,0,10000000,sync_on,hard_p32_w1_i0_t10000000
20.98,155.33980582524273,155.33980582524273,155.33980582524273,2783076.0,2783076.0,2783076.0,120173.0,120173.0,120173.0,0.0,0.0,hard,32,1,0,10000000,sync_on,hard_p32_w1_i0_t10000000
21.04,317.3076923076923,317.3076923076923,317.3076923076923,2760136.0,2760136.0,2760136.0,136974.0,136974.0,136974.0,0.0,0.0,hard,32,1,0,10000000,sync_on,hard_p32_w1_i0_t10000000
21.07,207.7109783420463,203.8834951456311,211.53846153846155,2758138.0,2754280.0,2761996.0,142146.0,140303.0,143989.0,0.0,0.0,hard,32,1,0,10000000,sync_on,hard_p32_w1_i0_t10000000
21.08,198.04891710231516,194.1747572815534,201.92307692307693,2772024.0,2760804.0,2783244.0,130166.5,120179.0,140154.0,0.0,0.0,hard,32,1,0,10000000,sync_on,hard_p32_w1_i0_t10000000
21.14,213.59223300970876,213.59223300970876,213.59223300970876,2760176.0,2760176.0,2760176.0,136988.0,136988.0,136988.0,0.0,0.0,hard,32,1,0,10000000,sync_on,hard_p32_w1_i0_t10000000
21.17,323.46900672143397,281.55339805825247,365.3846153846154,2758284.0,2754488.0,2762080.0,142164.0,140327.0,144001.0,0.0,0.0,hard,32,1,0,10000000,sync_on,hard_p32_w1_i0_t10000000
21.18,198.88909634055267,28.846153846153847,368.93203883495147,2772070.0,2760884.0,2783256.0,130175.0,120179.0,140171.0,0.0,0.0,hard,32,1,0,10000000,sync_on,hard_p32_w1_i0_t10000000
21.25,221.15384615384616,221.15384615384616,221.15384615384616,2760216.0,2760216.0,2760216.0,137006.0,137006.0,137006.0,0.0,0.0,hard,32,1,0,10000000,sync_on,hard_p32_w1_i0_t10000000
21.27,192.30769230769232,192.30769230769232,192.30769230769232,2762108.0,2762108.0,2762108.0,140335.0,140335.0,140335.0,0.0,0.0,hard,32,1,0,10000000,sync_on,hard_p32_w1_i0_t10000000
21.28,125.0,125.0,125.0,2754496.0,2754496.0,2754496.0,144012.0,144012.0,144012.0,0.0,0.0,hard,32,1,0,10000000,sync_on,hard_p32_w1_i0_t10000000
21.29,197.72218073188947,126.21359223300972,269.2307692307692,2772146.0,2761004.0,2783288.0,130185.0,120187.0,140183.0,0.0,0.0,hard,32,1,0,10000000,sync_on,hard_p32_w1_i0_t10000000
21.35,352.94117647058823,352.94117647058823,352.94117647058823,2760352.0,2760352.0,2760352.0,137024.0,137024.0,137024.0,0.0,0.0,hard,32,1,0,10000000,sync_on,hard_p32_w1_i0_t10000000
21.38,260.82897684839435,252.42718446601944,269.2307692307692,2758404.0,2754600.0,2762208.0,142191.0,140352.0,144030.0,0.0,0.0,hard,32,1,0,10000000,sync_on,hard_p32_w1_i0_t10000000
21.39,231.8427931292009,223.3009708737864,240.3846153846154,2772184.0,2761036.0,2783332.0,130198.0,120199.0,140197.0,0.0,0.0,hard,32,1,0,10000000,sync_on,hard_p32_w1_i0_t10000000
21.45,346.1538461538462,346.1538461538462,346.1538461538462,2760476.0,2760476.0,2760476.0,137040.0,137040.0,137040.0,0.0,0.0,hard,32,1,0,10000000,sync_on,hard_p32_w1_i0_t10000000
21.48,261.0156833457804,230.76923076923077,291.2621359223301,2758516.0,2754764.0,2762268.0,142204.5,140364.0,144045.0,0.0,0.0,hard,32,1,0,10000000,sync_on,hard_p32_w1_i0_t10000000
21.49,286.4077669902913,281.55339805825247,291.2621359223301,2772248.0,2761116.0,2783380.0,130217.5,120219.0,140216.0,0.0,0.0,hard,32,1,0,10000000,sync_on,hard_p32_w1_i0_t10000000
21.55,135.92233009708738,135.92233009708738,135.92233009708738,2760500.0,2760500.0,2760500.0,137055.0,137055.0,137055.0,0.0,0.0,hard,32,1,0,10000000,sync_on,hard_p32_w1_i0_t10000000
21.58,259.61538461538464,259.61538461538464,259.61538461538464,2762376.0,2762376.0,2762376.0,140645.0,140645.0,140645.0,0.0,0.0,hard,32,1,0,10000000,sync_on,hard_p32_w1_i0_t10000000
21.59,331.7307692307692,288.46153846153845,375.0,2769172.0,2754840.0,2783504.0,132147.5,120235.0,144060.0,0.0,0.0,hard,32,1,0,10000000,sync_on,hard_p32_w1_i0_t10000000
21.6,278.84615384615387,278.84615384615387,278.84615384615387,2761180.0,2761180.0,2761180.0,140232.0,140232.0,140232.0,0.0,0.0,hard,32,1,0,10000000,sync_on,hard_p32_w1_i0_t10000000
21.66,57.69230769230769,57.69230769230769,57.69230769230769,2760500.0,2760500.0,2760500.0,137055.0,137055.0,137055.0,0.0,0.0,hard,32,1,0,10000000,sync_on,hard_p32_w1_i0_t10000000
21.69,203.8834951456311,0.0,407.7669902912622,2758722.0,2755068.0,2762376.0,142364.5,140645.0,144084.0,0.0,0.0,hard,32,1,0,10000000,sync_on,hard_p32_w1_i0_t10000000
21.7,198.6090365944735,86.53846153846155,310.67961165048547,2772406.0,2761192.0,2783620.0,130245.5,120251.0,140240.0,0.0,0.0,hard,32,1,0,10000000,sync_on,hard_p32_w1_i0_t10000000
21.76,134.6153846153846,134.6153846153846,134.6153846153846,2760588.0,2760588.0,2760588.0,137329.0,137329.0,137329.0,0.0,0.0,hard,32,1,0,10000000,sync_on,hard_p32_w1_i0_t10000000
21.79,251.12023898431664,233.0097087378641,269.2307692307692,2758826.0,2755192.0,2762460.0,142371.5,140651.0,144092.0,0.0,0.0,hard,32,1,0,10000000,sync_on,hard_p32_w1_i0_t10000000
21.8,305.82524271844665,203.8834951456311,407.7669902912622,2772498.0,2761220.0,2783776.0,130257.5,120260.0,140255.0,0.0,0.0,hard,32,1,0,10000000,sync_on,hard_p32_w1_i0_t10000000
21.86,0.0,0.0,0.0,2760588.0,2760588.0,2760588.0,137329.0,137329.0,137329.0,0.0,0.0,hard,32,1,0,10000000,sync_on,hard_p32_w1_i0_t10000000
21.9,170.36967886482452,155.33980582524273,182.6923076923077,2767192.0,2755240.0,2783860.0,133668.33333333334,120276.0,144102.0,0.0,0.0,hard,32,1,0,10000000,sync_on,hard_p32_w1_i0_t10000000
21.91,240.3846153846154,240.3846153846154,240.3846153846154,2761268.0,2761268.0,2761268.0,140266.0,140266.0,140266.0,0.0,0.0,hard,32,1,0,10000000,sync_on,hard_p32_w1_i0_t10000000
21.97,144.23076923076923,144.23076923076923,144.23076923076923,2760620.0,2760620.0,2760620.0,137335.0,137335.0,137335.0,0.0,0.0,hard,32,1,0,10000000,sync_on,hard_p32_w1_i0_t10000000
22.0,266.1501120238985,173.0769230769231,359.2233009708738,2759008.0,2755392.0,2762624.0,140512.5,136641.0,144384.0,0.0,0.0,hard,32,1,0,10000000,sync_on,hard_p32_w1_i0_t10000000
22.01,300.97087378640776,281.55339805825247,320.3883495145631,2772648.0,2761336.0,2783960.0,130285.5,120289.0,140282.0,0.0,0.0,hard,32,1,0,10000000,sync_on,hard_p32_w1_i0_t10000000
22.07,134.6153846153846,134.6153846153846,134.6153846153846,2760644.0,2760644.0,2760644.0,133310.0,133310.0,133310.0,0.0,0.0,hard,32,1,0,10000000,sync_on,hard_p32_w1_i0_t10000000
22.11,149.57524271844662,19.23076923076923,223.3009708737864,2765868.0,2755408.0,2784036.0,135411.5,120306.0,144384.0,0.0,0.0,hard,32,1,0,10000000,sync_on,hard_p32_w1_i0_t10000000
22.18,388.3495145631068,388.3495145631068,388.3495145631068,2760708.0,2760708.0,2760708.0,133330.0,133330.0,133330.0,0.0,0.0,hard,32,1,0,10000000,sync_on,hard_p32_w1_i0_t10000000
22.21,283.0781677869057,211.53846153846155,320.3883495145631,2767460.0,2755516.0,2784164.0,133793.33333333334,120323.0,144390.0,0.0,0.0,hard,32,1,0,10000000,sync_on,hard_p32_w1_i0_t10000000
22.22,134.6153846153846,134.6153846153846,134.6153846153846,2761480.0,2761480.0,2761480.0,140576.0,140576.0,140576.0,0.0,0.0,hard,32,1,0,10000000,sync_on,hard_p32_w1_i0_t10000000
22.28,250.0,250.0,250.0,2760808.0,2760808.0,2760808.0,133345.0,133345.0,133345.0,0.0,0.0,hard,32,1,0,10000000,sync_on,hard_p32_w1_i0_t10000000
22.31,268.2276794212831,254.90196078431373,281.55339805825247,2759172.0,2755620.0,2762724.0,138521.0,136682.0,140360.0,0.0,0.0,hard,32,1,0,10000000,sync_on,hard_p32_w1_i0_t10000000
22.32,135.5955937266617,67.3076923076923,203.8834951456311,2772910.0,2761484.0,2784336.0,130457.0,120338.0,140576.0,0.0,0.0,hard,32,1,0,10000000,sync_on,hard_p32_w1_i0_t10000000
22.38,291.2621359223301,291.2621359223301,291.2621359223301,2760936.0,2760936.0,2760936.0,133354.0,133354.0,133354.0,0.0,0.0,hard,32,1,0,10000000,sync_on,hard_p32_w1_i0_t10000000
22.41,278.84615384615387,278.84615384615387,278.84615384615387,2762800.0,2762800.0,2762800.0,136959.0,136959.0,136959.0,0.0,0.0,hard,32,1,0,10000000,sync_on,hard_p32_w1_i0_t10000000
22.42,192.30769230769232,192.30769230769232,192.30769230769232,2770006.0,2755660.0,2784352.0,130375.5,120351.0,140400.0,0.0,0.0,hard,32,1,0,10000000,sync_on,hard_p32_w1_i0_t10000000
22.43,106.79611650485438,106.79611650485438,106.79611650485438,2761508.0,2761508.0,2761508.0,140587.0,140587.0,140587.0,0.0,0.0,hard,32,1,0,10000000,sync_on,hard_p32_w1_i0_t10000000
22.49,298.0769230769231,298.0769230769231,298.0769230769231,2760980.0,2760980.0,2760980.0,133367.0,133367.0,133367.0,0.0,0.0,hard,32,1,0,10000000,sync_on,hard_p32_w1_i0_t10000000
22.52,139.15857605177996,0.0,262.1359223300971,2767706.6666666665,2755688.0,2784528.0,132653.33333333334,120364.0,140636.0,0.0,0.0,hard,32,1,0,10000000,sync_on,hard_p32_w1_i0_t10000000
22.53,307.6923076923077,307.6923076923077,307.6923076923077,2761580.0,2761580.0,2761580.0,136562.0,136562.0,136562.0,0.0,0.0,hard,32,1,0,10000000,sync_on,hard_p32_w1_i0_t10000000
22.59,336.53846153846155,336.53846153846155,336.53846153846155,2761136.0,2761136.0,2761136.0,133380.0,133380.0,133380.0,0.0,0.0,hard,32,1,0,10000000,sync_on,hard_p32_w1_i0_t10000000
22.62,53.0713218820015,38.834951456310684,67.3076923076923,2759314.0,2755720.0,2762908.0,138806.5,136968.0,140645.0,0.0,0.0,hard,32,1,0,10000000,sync_on,hard_p32_w1_i0_t10000000
22.63,290.18857356236,221.15384615384616,359.2233009708738,2773118.0,2761616.0,2784620.0,128477.0,120385.0,136569.0,0.0,0.0,hard,32,1,0,10000000,sync_on,hard_p32_w1_i0_t10000000
22.69,223.3009708737864,223.3009708737864,223.3009708737864,2761176.0,2761176.0,2761176.0,133394.0,133394.0,133394.0,0.0,0.0,hard,32,1,0,10000000,sync_on,hard_p32_w1_i0_t10000000
22.73,302.0599950211601,242.71844660194176,365.3846153846154,2767820.0,2755768.0,2784736.0,129985.66666666667,120399.0,136619.0,0.0,0.0,hard,32,1,0,10000000,sync_on,hard_p32_w1_i0_t10000000
22.74,233.0097087378641,233.0097087378641,233.0097087378641,2761736.0,2761736.0,2761736.0,136591.0,136591.0,136591.0,0.0,0.0,hard,32,1,0,10000000,sync_on,hard_p32_w1_i0_t10000000
22.8,336.53846153846155,336.53846153846155,336.53846153846155,2761356.0,2761356.0,2761356.0,133414.0,133414.0,133414.0,0.0,0.0,hard,32,1,0,10000000,sync_on,hard_p32_w1_i0_t10000000
22.83,286.9678864824496,116.50485436893204,417.4757281553398,2767928.0,2755772.0,2784932.0,129999.0,120423.0,136627.0,0.0,0.0,hard,32,1,0,10000000,sync_on,hard_p32_w1_i0_t10000000
22.84,326.92307692307696,326.92307692307696,326.92307692307696,2761796.0,2761796.0,2761796.0,136602.0,136602.0,136602.0,0.0,0.0,hard,32,1,0,10000000,sync_on,hard_p32_w1_i0_t10000000
22.9,230.76923076923077,230.76923076923077,230.76923076923077,2761412.0,2761412.0,2761412.0,133430.0,133430.0,133430.0,0.0,0.0,hard,32,1,0,10000000,sync_on,hard_p32_w1_i0_t10000000
22.93,343.306572068708,278.84615384615387,407.7669902912622,2759584.0,2755976.0,2763192.0,134804.0,132968.0,136640.0,0.0,0.0,hard,32,1,0,10000000,sync_on,hard_p32_w1_i0_t10000000
22.94,246.26587005227782,223.3009708737864,269.2307692307692,2773444.0,2761892.0,2784996.0,128635.5,120648.0,136623.0,0.0,0.0,hard,32,1,0,10000000,sync_on,hard_p32_w1_i0_t10000000
23.0,349.5145631067961,349.5145631067961,349.5145631067961,2761480.0,2761480.0,2761480.0,133441.0,133441.0,133441.0,0.0,0.0,hard,32,1,0,10000000,sync_on,hard_p32_w1_i0_t10000000
23.04,73.74906646751307,0.0,211.53846153846155,2768073.3333333335,2756032.0,2784996.0,130108.33333333333,120702.0,136654.0,0.0,0.0,hard,32,1,0,10000000,sync_on,hard_p32_w1_i0_t10000000
23.05,259.61538461538464,259.61538461538464,259.61538461538464,2761956.0,2761956.0,2761956.0,136635.0,136635.0,136635.0,0.0,0.0,hard,32,1,0,10000000,sync_on,hard_p32_w1_i0_t10000000
23.11,182.6923076923077,182.6923076923077,182.6923076923077,2761508.0,2761508.0,2761508.0,133454.0,133454.0,133454.0,0.0,0.0,hard,32,1,0,10000000,sync_on,hard_p32_w1_i0_t10000000
23.14,296.832213094349,278.84615384615387,320.3883495145631,2768146.6666666665,2756060.0,2785140.0,130122.0,120706.0,136679.0,0.0,0.0,hard,32,1,0,10000000,sync_on,hard_p32_w1_i0_t10000000
23.15,326.92307692307696,326.92307692307696,326.92307692307696,2762012.0,2762012.0,2762012.0,136657.0,136657.0,136657.0,0.0,0.0,hard,32,1,0,10000000,sync_on,hard_p32_w1_i0_t10000000
23.21,278.84615384615387,278.84615384615387,278.84615384615387,2761652.0,2761652.0,2761652.0,133467.0,133467.0,133467.0,0.0,0.0,hard,32,1,0,10000000,sync_on,hard_p32_w1_i0_t10000000
23.24,213.59223300970876,213.59223300970876,213.59223300970876,2763268.0,2763268.0,2763268.0,132991.0,132991.0,132991.0,0.0,0.0,hard,32,1,0,10000000,sync_on,hard_p32_w1_i0_t10000000
23.25,243.58974358974362,144.23076923076923,346.1538461538462,2767793.3333333335,2756152.0,2785164.0,130099.0,116940.0,136689.0,0.0,0.0,hard,32,1,0,10000000,sync_on,hard_p32_w1_i0_t10000000
23.32,281.55339805825247,281.55339805825247,281.55339805825247,2761728.0,2761728.0,2761728.0,133481.0,133481.0,133481.0,0.0,0.0,hard,32,1,0,10000000,sync_on,hard_p32_w1_i0_t10000000
23.35,128.2051282051282,0.0,259.61538461538464,2768221.3333333335,2756164.0,2785164.0,128882.66666666667,116940.0,136705.0,0.0,0.0,hard,32,1,0,10000000,sync_on,hard_p32_w1_i0_t10000000
23.36,233.0097087378641,233.0097087378641,233.0097087378641,2762112.0,2762112.0,2762112.0,136679.0,136679.0,136679.0,0.0,0.0,hard,32,1,0,10000000,sync_on,hard_p32_w1_i0_t10000000
23.42,298.0769230769231,298.0769230769231,298.0769230769231,2761792.0,2761792.0,2761792.0,133493.0,133493.0,133493.0,0.0,0.0,hard,32,1,0,10000000,sync_on,hard_p32_w1_i0_t10000000
23.45,203.29225790390842,97.0873786407767,330.0970873786408,2768278.6666666665,2756212.0,2785256.0,128898.0,116956.0,136716.0,0.0,0.0,hard,32,1,0,10000000,sync_on,hard_p32_w1_i0_t10000000
23.46,182.6923076923077,182.6923076923077,182.6923076923077,2762280.0,2762280.0,2762280.0,136956.0,136956.0,136956.0,0.0,0.0,hard,32,1,0,10000000,sync_on,hard_p32_w1_i0_t10000000
23.52,271.84466019417476,271.84466019417476,271.84466019417476,2761852.0,2761852.0,2761852.0,133503.0,133503.0,133503.0,0.0,0.0,hard,32,1,0,10000000,sync_on,hard_p32_w1_i0_t10000000
23.55,330.0970873786408,330.0970873786408,330.0970873786408,2763432.0,2763432.0,2763432.0,133032.0,133032.0,133032.0,0.0,0.0,hard,32,1,0,10000000,sync_on,hard_p32_w1_i0_t10000000
23.56,298.0769230769231,221.15384615384616,375.0,2770844.0,2756312.0,2785376.0,124963.5,113195.0,136732.0,0.0,0.0,hard,32,1,0,10000000,sync_on,hard_p32_w1_i0_t10000000
23.57,19.417475728155342,19.417475728155342,19.417475728155342,2762280.0,2762280.0,2762280.0,136956.0,136956.0,136956.0,0.0,0.0,hard,32,1,0,10000000,sync_on,hard_p32_w1_i0_t10000000
23.63,173.0769230769231,173.0769230769231,173.0769230769231,2761880.0,2761880.0,2761880.0,133517.0,133517.0,133517.0,0.0,0.0,hard,32,1,0,10000000,sync_on,hard_p32_w1_i0_t10000000
23.66,231.70276325616132,194.1747572815534,269.2307692307692,2759896.0,2756328.0,2763464.0,134897.5,133052.0,136743.0,0.0,0.0,hard,32,1,0,10000000,sync_on,hard_p32_w1_i0_t10000000
23.67,0.0,0.0,0.0,2762280.0,2762280.0,2762280.0,136956.0,136956.0,136956.0,0.0,0.0,hard,32,1,0,10000000,sync_on,hard_p32_w1_i0_t10000000
23.68,24.193548387096776,24.193548387096776,24.193548387096776,2785388.0,2785388.0,2785388.0,113195.0,113195.0,113195.0,0.0,0.0,hard,32,1,0,10000000,sync_on,hard_p32_w1_i0_t10000000
23.73,182.6923076923077,182.6923076923077,182.6923076923077,2761896.0,2761896.0,2761896.0,133533.0,133533.0,133533.0,0.0,0.0,hard,32,1,0,10000000,sync_on,hard_p32_w1_i0_t10000000
23.76,235.5769230769231,221.15384615384616,250.0,2759932.0,2756360.0,2763504.0,134912.0,133062.0,136762.0,0.0,0.0,hard,32,1,0,10000000,sync_on,hard_p32_w1_i0_t10000000
23.77,230.76923076923077,230.76923076923077,230.76923076923077,2762336.0,2762336.0,2762336.0,136971.0,136971.0,136971.0,0.0,0.0,hard,32,1,0,10000000,sync_on,hard_p32_w1_i0_t10000000
23.78,174.75728155339806,174.75728155339806,174.75728155339806,2785448.0,2785448.0,2785448.0,113203.0,113203.0,113203.0,0.0,0.0,hard,32,1,0,10000000,sync_on,hard_p32_w1_i0_t10000000
23.83,368.93203883495147,368.93203883495147,368.93203883495147,2762008.0,2762008.0,2762008.0,133547.0,133547.0,133547.0,0.0,0.0,hard,32,1,0,10000000,sync_on,hard_p32_w1_i0_t10000000
23.87,228.15533980582524,223.3009708737864,233.0097087378641,2759962.0,2756396.0,2763528.0,134927.5,133076.0,136779.0,0.0,0.0,hard,32,1,0,10000000,sync_on,hard_p32_w1_i0_t10000000
23.88,300.97087378640776,300.97087378640776,300.97087378640776,2762540.0,2762540.0,2762540.0,132946.0,132946.0,132946.0,0.0,0.0,hard,32,1,0,10000000,sync_on,hard_p32_w1_i0_t10000000
23.89,300.97087378640776,300.97087378640776,300.97087378640776,2785652.0,2785652.0,2785652.0,109176.0,109176.0,109176.0,0.0,0.0,hard,32,1,0,10000000,sync_on,hard_p32_w1_i0_t10000000
23.94,182.6923076923077,182.6923076923077,182.6923076923077,2762044.0,2762044.0,2762044.0,133560.0,133560.0,133560.0,0.0,0.0,hard,32,1,0,10000000,sync_on,hard_p32_w1_i0_t10000000
23.97,278.8461538461538,269.2307692307692,288.46153846153845,2760066.0,2756528.0,2763604.0,134943.0,133093.0,136793.0,0.0,0.0,hard,32,1,0,10000000,sync_on,hard_p32_w1_i0_t10000000
23.98,230.76923076923077,230.76923076923077,230.76923076923077,2762584.0,2762584.0,2762584.0,132957.0,132957.0,132957.0,0.0,0.0,hard,32,1,0,10000000,sync_on,hard_p32_w1_i0_t10000000
23.99,155.33980582524273,155.33980582524273,155.33980582524273,2785676.0,2785676.0,2785676.0,109192.0,109192.0,109192.0,0.0,0.0,hard,32,1,0,10000000,sync_on,hard_p32_w1_i0_t10000000
24.04,221.15384615384616,221.15384615384616,221.15384615384616,2762112.0,2762112.0,2762112.0,133578.0,133578.0,133578.0,0.0,0.0,hard,32,1,0,10000000,sync_on,hard_p32_w1_i0_t10000000
24.07,298.0769230769231,259.61538461538464,336.53846153846155,2760100.0,2756548.0,2763652.0,134956.0,133107.0,136805.0,0.0,0.0,hard,32,1,0,10000000,sync_on,hard_p32_w1_i0_t10000000
24.08,307.6923076923077,307.6923076923077,307.6923076923077,2762652.0,2762652.0,2762652.0,132970.0,132970.0,132970.0,0.0,0.0,hard,32,1,0,10000000,sync_on,hard_p32_w1_i0_t10000000
24.09,413.46153846153845,413.46153846153845,413.46153846153845,2785804.0,2785804.0,2785804.0,109210.0,109210.0,109210.0,0.0,0.0,hard,32,1,0,10000000,sync_on,hard_p32_w1_i0_t10000000
24.14,320.3883495145631,320.3883495145631,320.3883495145631,2762320.0,2762320.0,2762320.0,133595.0,133595.0,133595.0,0.0,0.0,hard,32,1,0,10000000,sync_on,hard_p32_w1_i0_t10000000
24.18,251.91374159820762,105.76923076923077,398.05825242718447,2760142.0,2756556.0,2763728.0,134970.5,133122.0,136819.0,0.0,0.0,hard,32,1,0,10000000,sync_on,hard_p32_w1_i0_t10000000
24.19,359.2233009708738,359.2233009708738,359.2233009708738,2762724.0,2762724.0,2762724.0,132986.0,132986.0,132986.0,0.0,0.0,hard,32,1,0,10000000,sync_on,hard_p32_w1_i0_t10000000
24.2,203.8834951456311,203.8834951456311,203.8834951456311,2785900.0,2785900.0,2785900.0,109219.0,109219.0,109219.0,0.0,0.0,hard,32,1,0,10000000,sync_on,hard_p32_w1_i0_t10000000
24.25,259.61538461538464,259.61538461538464,259.61538461538464,2762356.0,2762356.0,2762356.0,133606.0,133606.0,133606.0,0.0,0.0,hard,32,1,0,10000000,sync_on,hard_p32_w1_i0_t10000000
24.28,328.79014189693805,269.2307692307692,388.3495145631068,2760252.0,2756716.0,2763788.0,134987.0,133136.0,136838.0,0.0,0.0,hard,32,1,0,10000000,sync_on,hard_p32_w1_i0_t10000000
24.29,326.92307692307696,326.92307692307696,326.92307692307696,2762792.0,2762792.0,2762792.0,133002.0,133002.0,133002.0,0.0,0.0,hard,32,1,0,10000000,sync_on,hard_p32_w1_i0_t10000000
24.3,310.67961165048547,310.67961165048547,310.67961165048547,2786176.0,2786176.0,2786176.0,109240.0,109240.0,109240.0,0.0,0.0,hard,32,1,0,10000000,sync_on,hard_p32_w1_i0_t10000000
24.35,173.0769230769231,173.0769230769231,173.0769230769231,2762388.0,2762388.0,2762388.0,133618.0,133618.0,133618.0,0.0,0.0,hard,32,1,0,10000000,sync_on,hard_p32_w1_i0_t10000000
24.38,436.8932038834952,436.8932038834952,436.8932038834952,2763864.0,2763864.0,2763864.0,133149.0,133149.0,133149.0,0.0,0.0,hard,32,1,0,10000000,sync_on,hard_p32_w1_i0_t10000000
24.39,288.46153846153845,269.2307692307692,307.6923076923077,2759834.0,2756772.0,2762896.0,134932.5,133019.0,136846.0,0.0,0.0,hard,32,1,0,10000000,sync_on,hard_p32_w1_i0_t10000000
24.4,317.3076923076923,317.3076923076923,317.3076923076923,2786244.0,2786244.0,2786244.0,109249.0,109249.0,109249.0,0.0,0.0,hard,32,1,0,10000000,sync_on,hard_p32_w1_i0_t10000000
24.46,310.67961165048547,310.67961165048547,310.67961165048547,2762464.0,2762464.0,2762464.0,133638.0,133638.0,133638.0,0.0,0.0,hard,32,1,0,10000000,sync_on,hard_p32_w1_i0_t10000000
24.49,274.03846153846155,192.30769230769232,355.7692307692308,2760374.0,2756848.0,2763900.0,135010.0,133163.0,136857.0,0.0,0.0,hard,32,1,0,10000000,sync_on,hard_p32_w1_i0_t10000000
24.5,359.2233009708738,359.2233009708738,359.2233009708738,2762968.0,2762968.0,2762968.0,133035.0,133035.0,133035.0,0.0,0.0,hard,32,1,0,10000000,sync_on,hard_p32_w1_i0_t10000000
24.51,203.8834951456311,203.8834951456311,203.8834951456311,2786348.0,2786348.0,2786348.0,109263.0,109263.0,109263.0,0.0,0.0,hard,32,1,0,10000000,sync_on,hard_p32_w1_i0_t10000000
24.56,394.2307692307692,394.2307692307692,394.2307692307692,2762552.0,2762552.0,2762552.0,133655.0,133655.0,133655.0,0.0,0.0,hard,32,1,0,10000000,sync_on,hard_p32_w1_i0_t10000000
24.59,226.89507094846903,194.1747572815534,259.61538461538464,2760418.0,2756888.0,2763948.0,135023.5,133175.0,136872.0,0.0,0.0,hard,32,1,0,10000000,sync_on,hard_p32_w1_i0_t10000000
24.6,320.3883495145631,320.3883495145631,320.3883495145631,2763024.0,2763024.0,2763024.0,133047.0,133047.0,133047.0,0.0,0.0,hard,32,1,0,10000000,sync_on,hard_p32_w1_i0_t10000000
24.61,349.5145631067961,349.5145631067961,349.5145631067961,2786624.0,2786624.0,2786624.0,109281.0,109281.0,109281.0,0.0,0.0,hard,32,1,0,10000000,sync_on,hard_p32_w1_i0_t10000000
24.66,355.7692307692308,355.7692307692308,355.7692307692308,2762656.0,2762656.0,2762656.0,133668.0,133668.0,133668.0,0.0,0.0,hard,32,1,0,10000000,sync_on,hard_p32_w1_i0_t10000000
24.7,225.97709733632064,173.0769230769231,252.42718446601944,2761318.6666666665,2756908.0,2764004.0,134381.66666666666,133067.0,136885.0,0.0,0.0,hard,32,1,0,10000000,sync_on,hard_p32_w1_i0_t10000000
24.71,417.4757281553398,417.4757281553398,417.4757281553398,2786848.0,2786848.0,2786848.0,109296.0,109296.0,109296.0,0.0,0.0,hard,32,1,0,10000000,sync_on,hard_p32_w1_i0_t10000000
24.77,262.1359223300971,262.1359223300971,262.1359223300971,2762724.0,2762724.0,2762724.0,133684.0,133684.0,133684.0,0.0,0.0,hard,32,1,0,10000000,sync_on,hard_p32_w1_i0_t10000000
24.8,357.40291262135923,339.80582524271847,375.0,2760516.0,2756976.0,2764056.0,135054.0,133207.0,136901.0,0.0,0.0,hard,32,1,0,10000000,sync_on,hard_p32_w1_i0_t10000000
24.81,221.15384615384616,221.15384615384616,221.15384615384616,2763068.0,2763068.0,2763068.0,133078.0,133078.0,133078.0,0.0,0.0,hard,32,1,0,10000000,sync_on,hard_p32_w1_i0_t10000000
24.82,173.0769230769231,173.0769230769231,173.0769230769231,2786956.0,2786956.0,2786956.0,109307.0,109307.0,109307.0,0.0,0.0,hard,32,1,0,10000000,sync_on,hard_p32_w1_i0_t10000000
24.87,307.6923076923077,307.6923076923077,307.6923076923077,2762840.0,2762840.0,2762840.0,133701.0,133701.0,133701.0,0.0,0.0,hard,32,1,0,10000000,sync_on,hard_p32_w1_i0_t10000000
24.9,246.87266616878267,144.23076923076923,349.5145631067961,2760580.0,2756996.0,2764164.0,135069.5,133227.0,136912.0,0.0,0.0,hard,32,1,0,10000000,sync_on,hard_p32_w1_i0_t10000000
24.91,144.23076923076923,144.23076923076923,144.23076923076923,2763100.0,2763100.0,2763100.0,133090.0,133090.0,133090.0,0.0,0.0,hard,32,1,0,10000000,sync_on,hard_p32_w1_i0_t10000000
24.92,213.59223300970876,213.59223300970876,213.59223300970876,2786968.0,2786968.0,2786968.0,109320.0,109320.0,109320.0,0.0,0.0,hard,32,1,0,10000000,sync_on,hard_p32_w1_i0_t10000000
24.97,310.67961165048547,310.67961165048547,310.67961165048547,2762924.0,2762924.0,2762924.0,133719.0,133719.0,133719.0,0.0,0.0,hard,32,1,0,10000000,sync_on,hard_p32_w1_i0_t10000000
25.01,360.5769230769231,240.3846153846154,480.7692307692308,2760654.0,2757104.0,2764204.0,135083.5,133238.0,136929.0,0.0,0.0,hard,32,1,0,10000000,sync_on,hard_p32_w1_i0_t10000000
25.02,247.5728155339806,203.8834951456311,291.2621359223301,2775108.0,2763132.0,2787084.0,121219.5,109332.0,133107.0,0.0,0.0,hard,32,1,0,10000000,sync_on,hard_p32_w1_i0_t10000000
25.08,346.1538461538462,346.1538461538462,346.1538461538462,2763052.0,2763052.0,2763052.0,133731.0,133731.0,133731.0,0.0,0.0,hard,32,1,0,10000000,sync_on,hard_p32_w1_i0_t10000000
25.11,366.9249439880508,320.3883495145631,413.46153846153845,2760812.0,2757240.0,2764384.0,135105.0,133261.0,136949.0,0.0,0.0,hard,32,1,0,10000000,sync_on,hard_p32_w1_i0_t10000000
25.12,307.6923076923077,307.6923076923077,307.6923076923077,2763164.0,2763164.0,2763164.0,133125.0,133125.0,133125.0,0.0,0.0,hard,32,1,0,10000000,sync_on,hard_p32_w1_i0_t10000000
25.13,310.67961165048547,310.67961165048547,310.67961165048547,2787272.0,2787272.0,2787272.0,109351.0,109351.0,109351.0,0.0,0.0,hard,32,1,0,10000000,sync_on,hard_p32_w1_i0_t10000000
25.18,355.7692307692308,355.7692307692308,355.7692307692308,2763184.0,2763184.0,2763184.0,133745.0,133745.0,133745.0,0.0,0.0,hard,32,1,0,10000000,sync_on,hard_p32_w1_i0_t10000000
25.21,245.1923076923077,192.30769230769232,298.0769230769231,2760878.0,2757352.0,2764404.0,135121.0,133277.0,136965.0,0.0,0.0,hard,32,1,0,10000000,sync_on,hard_p32_w1_i0_t10000000
25.22,201.92307692307693,201.92307692307693,201.92307692307693,2763212.0,2763212.0,2763212.0,133130.0,133130.0,133130.0,0.0,0.0,hard,32,1,0,10000000,sync_on,hard_p32_w1_i0_t10000000
25.23,259.61538461538464,259.61538461538464,259.61538461538464,2787452.0,2787452.0,2787452.0,109365.0,109365.0,109365.0,0.0,0.0,hard,32,1,0,10000000,sync_on,hard_p32_w1_i0_t10000000
25.29,330.0970873786408,330.0970873786408,330.0970873786408,2763288.0,2763288.0,2763288.0,133759.0,133759.0,133759.0,0.0,0.0,hard,32,1,0,10000000,sync_on,hard_p32_w1_i0_t10000000
25.32,262.13592233009706,223.3009708737864,300.97087378640776,2760924.0,2757404.0,2764444.0,135133.0,133288.0,136978.0,0.0,0.0,hard,32,1,0,10000000,sync_on,hard_p32_w1_i0_t10000000
25.33,247.5728155339806,223.3009708737864,271.84466019417476,2775398.0,2763312.0,2787484.0,121263.0,109381.0,133145.0,0.0,0.0,hard,32,1,0,10000000,sync_on,hard_p32_w1_i0_t10000000
25.39,317.3076923076923,317.3076923076923,317.3076923076923,2763352.0,2763352.0,2763352.0,133782.0,133782.0,133782.0,0.0,0.0,hard,32,1,0,10000000,sync_on,hard_p32_w1_i0_t10000000
25.42,250.0,96.15384615384616,403.84615384615387,2761002.0,2757420.0,2764584.0,135146.0,133303.0,136989.0,0.0,0.0,hard,32,1,0,10000000,sync_on,hard_p32_w1_i0_t10000000
25.43,201.92307692307693,201.92307692307693,201.92307692307693,2763344.0,2763344.0,2763344.0,133166.0,133166.0,133166.0,0.0,0.0,hard,32,1,0,10000000,sync_on,hard_p32_w1_i0_t10000000
25.44,291.2621359223301,291.2621359223301,291.2621359223301,2787516.0,2787516.0,2787516.0,109395.0,109395.0,109395.0,0.0,0.0,hard,32,1,0,10000000,sync_on,hard_p32_w1_i0_t10000000
25.49,213.59223300970876,213.59223300970876,213.59223300970876,2763396.0,2763396.0,2763396.0,133787.0,133787.0,133787.0,0.0,0.0,hard,32,1,0,10000000,sync_on,hard_p32_w1_i0_t10000000
25.52,328.18334578043317,262.1359223300971,394.2307692307692,2761050.0,2757460.0,2764640.0,135159.5,133316.0,137003.0,0.0,0.0,hard,32,1,0,10000000,sync_on,hard_p32_w1_i0_t10000000
25.53,346.1538461538462,346.1538461538462,346.1538461538462,2763416.0,2763416.0,2763416.0,133180.0,133180.0,133180.0,0.0,0.0,hard,32,1,0,10000000,sync_on,hard_p32_w1_i0_t10000000
25.54,252.42718446601944,252.42718446601944,252.42718446601944,2787656.0,2787656.0,2787656.0,109405.0,109405.0,109405.0,0.0,0.0,hard,32,1,0,10000000,sync_on,hard_p32_w1_i0_t10000000
25.6,269.2307692307692,269.2307692307692,269.2307692307692,2763488.0,2763488.0,2763488.0,133803.0,133803.0,133803.0,0.0,0.0,hard,32,1,0,10000000,sync_on,hard_p32_w1_i0_t10000000
25.63,227.08177744585512,221.15384615384616,233.0097087378641,2761102.0,2757512.0,2764692.0,135177.5,133333.0,137022.0,0.0,0.0,hard,32,1,0,10000000,sync_on,hard_p32_w1_i0_t10000000
25.64,242.01829723674385,144.23076923076923,339.80582524271847,2775568.0,2763468.0,2787668.0,121308.0,109421.0,133195.0,0.0,0.0,hard,32,1,0,10000000,sync_on,hard_p32_w1_i0_t10000000
25.7,144.23076923076923,144.23076923076923,144.23076923076923,2763520.0,2763520.0,2763520.0,133812.0,133812.0,133812.0,0.0,0.0,hard,32,1,0,10000000,sync_on,hard_p32_w1_i0_t10000000
25.73,307.69230769230774,288.46153846153845,326.92307692307696,2761194.0,2757632.0,2764756.0,135188.0,133346.0,137030.0,0.0,0.0,hard,32,1,0,10000000,sync_on,hard_p32_w1_i0_t10000000
25.74,336.53846153846155,336.53846153846155,336.53846153846155,2763548.0,2763548.0,2763548.0,133210.0,133210.0,133210.0,0.0,0.0,hard,32,1,0,10000000,sync_on,hard_p32_w1_i0_t10000000
25.75,368.93203883495147,368.93203883495147,368.93203883495147,2787736.0,2787736.0,2787736.0,109436.0,109436.0,109436.0,0.0,0.0,hard,32,1,0,10000000,sync_on,hard_p32_w1_i0_t10000000
25.8,300.97087378640776,300.97087378640776,300.97087378640776,2763620.0,2763620.0,2763620.0,133828.0,133828.0,133828.0,0.0,0.0,hard,32,1,0,10000000,sync_on,hard_p32_w1_i0_t10000000
25.84,238.79761015683349,211.53846153846155,262.1359223300971,2762036.0,2757680.0,2764860.0,134545.0,133231.0,137046.0,0.0,0.0,hard,32,1,0,10000000,sync_on,hard_p32_w1_i0_t10000000
25.85,174.75728155339806,174.75728155339806,174.75728155339806,2787772.0,2787772.0,2787772.0,109451.0,109451.0,109451.0,0.0,0.0,hard,32,1,0,10000000,sync_on,hard_p32_w1_i0_t10000000
25.91,355.7692307692308,355.7692307692308,355.7692307692308,2763704.0,2763704.0,2763704.0,133845.0,133845.0,133845.0,0.0,0.0,hard,32,1,0,10000000,sync_on,hard_p32_w1_i0_t10000000
25.94,288.46153846153845,278.84615384615387,298.0769230769231,2761312.0,2757712.0,2764912.0,135221.5,133379.0,137064.0,0.0,0.0,hard,32,1,0,10000000,sync_on,hard_p32_w1_i0_t10000000
25.95,265.3566094100075,194.1747572815534,336.53846153846155,2775718.0,2763592.0,2787844.0,121359.5,109476.0,133243.0,0.0,0.0,hard,32,1,0,10000000,sync_on,hard_p32_w1_i0_t10000000
26.01,307.6923076923077,307.6923076923077,307.6923076923077,2763748.0,2763748.0,2763748.0,133868.0,133868.0,133868.0,0.0,0.0,hard,32,1,0,10000000,sync_on,hard_p32_w1_i0_t10000000
26.04,240.3846153846154,211.53846153846155,269.2307692307692,2761390.0,2757808.0,2764972.0,135229.5,133387.0,137072.0,0.0,0.0,hard,32,1,0,10000000,sync_on,hard_p32_w1_i0_t10000000
26.05,317.3076923076923,317.3076923076923,317.3076923076923,2763644.0,2763644.0,2763644.0,133258.0,133258.0,133258.0,0.0,0.0,hard,32,1,0,10000000,sync_on,hard_p32_w1_i0_t10000000
26.06,310.67961165048547,310.67961165048547,310.67961165048547,2787908.0,2787908.0,2787908.0,109488.0,109488.0,109488.0,0.0,0.0,hard,32,1,0,10000000,sync_on,hard_p32_w1_i0_t10000000
26.11,310.67961165048547,310.67961165048547,310.67961165048547,2763824.0,2763824.0,2763824.0,133885.0,133885.0,133885.0,0.0,0.0,hard,32,1,0,10000000,sync_on,hard_p32_w1_i0_t10000000
26.15,242.71844660194176,155.33980582524273,330.0970873786408,2761446.0,2757856.0,2765036.0,135248.0,133405.0,137091.0,0.0,0.0,hard,32,1,0,10000000,sync_on,hard_p32_w1_i0_t10000000
26.16,231.98282300224048,211.53846153846155,252.42718446601944,2775896.0,2763748.0,2788044.0,121384.5,109503.0,133266.0,0.0,0.0,hard,32,1,0,10000000,sync_on,hard_p32_w1_i0_t10000000
26.22,211.53846153846155,211.53846153846155,211.53846153846155,2763860.0,2763860.0,2763860.0,133898.0,133898.0,133898.0,0.0,0.0,hard,32,1,0,10000000,sync_on,hard_p32_w1_i0_t10000000
26.25,350.96153846153845,346.1538461538462,355.7692307692308,2761544.0,2757972.0,2765116.0,135261.5,133416.0,137107.0,0.0,0.0,hard,32,1,0,10000000,sync_on,hard_p32_w1_i0_t10000000
26.26,199.02912621359226,116.50485436893204,281.55339805825247,2775958.0,2763760.0,2788156.0,121397.5,109518.0,133277.0,0.0,0.0,hard,32,1,0,10000000,sync_on,hard_p32_w1_i0_t10000000
26.32,278.84615384615387,278.84615384615387,278.84615384615387,2763912.0,2763912.0,2763912.0,133911.0,133911.0,133911.0,0.0,0.0,hard,32,1,0,10000000,sync_on,hard_p32_w1_i0_t10000000
26.35,270.7244212098581,230.76923076923077,310.67961165048547,2761680.0,2758144.0,2765216.0,135274.5,133429.0,137120.0,0.0,0.0,hard,32,1,0,10000000,sync_on,hard_p32_w1_i0_t10000000
26.36,355.7692307692308,355.7692307692308,355.7692307692308,2763888.0,2763888.0,2763888.0,133296.0,133296.0,133296.0,0.0,0.0,hard,32,1,0,10000000,sync_on,hard_p32_w1_i0_t10000000
26.37,163.46153846153848,163.46153846153848,163.46153846153848,2788180.0,2788180.0,2788180.0,109533.0,109533.0,109533.0,0.0,0.0,hard,32,1,0,10000000,sync_on,hard_p32_w1_i0_t10000000
26.43,291.2621359223301,291.2621359223301,291.2621359223301,2763964.0,2763964.0,2763964.0,133925.0,133925.0,133925.0,0.0,0.0,hard,32,1,0,10000000,sync_on,hard_p32_w1_i0_t10000000
26.46,294.62285287528005,281.55339805825247,307.6923076923077,2761736.0,2758204.0,2765268.0,135288.0,133444.0,137132.0,0.0,0.0,hard,32,1,0,10000000,sync_on,hard_p32_w1_i0_t10000000
26.47,361.9772218073189,291.2621359223301,432.69230769230774,2776206.0,2764116.0,2788296.0,121430.0,109549.0,133311.0,0.0,0.0,hard,32,1,0,10000000,sync_on,hard_p32_w1_i0_t10000000
26.53,250.0,250.0,250.0,2764040.0,2764040.0,2764040.0,133935.0,133935.0,133935.0,0.0,0.0,hard,32,1,0,10000000,sync_on,hard_p32_w1_i0_t10000000
26.56,250.0,250.0,250.0,2761828.0,2758292.0,2765364.0,135304.0,133460.0,137148.0,0.0,0.0,hard,32,1,0,10000000,sync_on,hard_p32_w1_i0_t10000000
26.57,194.1747572815534,135.92233009708738,252.42718446601944,2776286.0,2764252.0,2788320.0,121442.5,109560.0,133325.0,0.0,0.0,hard,32,1,0,10000000,sync_on,hard_p32_w1_i0_t10000000
26.63,298.0769230769231,298.0769230769231,298.0769230769231,2764128.0,2764128.0,2764128.0,133952.0,133952.0,133952.0,0.0,0.0,hard,32,1,0,10000000,sync_on,hard_p32_w1_i0_t10000000
26.66,367.0649738610904,349.5145631067961,384.61538461538464,2761930.0,2758392.0,2765468.0,135321.0,133477.0,137165.0,0.0,0.0,hard,32,1,0,10000000,sync_on,hard_p32_w1_i0_t10000000
26.67,970.873786407767,970.873786407767,970.873786407767,2764524.0,2764524.0,2764524.0,133377.0,133377.0,133377.0,0.0,0.0,hard,32,1,0,10000000,sync_on,hard_p32_w1_i0_t10000000
26.68,317.3076923076923,317.3076923076923,317.3076923076923,2788496.0,2788496.0,2788496.0,109575.0,109575.0,109575.0,0.0,0.0,hard,32,1,0,10000000,sync_on,hard_p32_w1_i0_t10000000
26.74,262.1359223300971,262.1359223300971,262.1359223300971,2764200.0,2764200.0,2764200.0,133971.0,133971.0,133971.0,0.0,0.0,hard,32,1,0,10000000,sync_on,hard_p32_w1_i0_t10000000
26.77,255.6478715459298,174.75728155339806,336.53846153846155,2762006.0,2758452.0,2765560.0,135334.5,133486.0,137183.0,0.0,0.0,hard,32,1,0,10000000,sync_on,hard_p32_w1_i0_t10000000
26.78,688.6202389843166,233.0097087378641,1144.2307692307693,2776664.0,2764780.0,2788548.0,121509.5,109586.0,133433.0,0.0,0.0,hard,32,1,0,10000000,sync_on,hard_p32_w1_i0_t10000000
26.84,250.0,250.0,250.0,2764244.0,2764244.0,2764244.0,133981.0,133981.0,133981.0,0.0,0.0,hard,32,1,0,10000000,sync_on,hard_p32_w1_i0_t10000000
26.87,352.8286034353996,317.3076923076923,388.3495145631068,2762106.0,2758576.0,2765636.0,135352.5,133502.0,137203.0,0.0,0.0,hard,32,1,0,10000000,sync_on,hard_p32_w1_i0_t10000000
26.88,660.1941747572816,242.71844660194176,1077.6699029126214,2776858.0,2765112.0,2788604.0,121540.0,109602.0,133478.0,0.0,0.0,hard,32,1,0,10000000,sync_on,hard_p32_w1_i0_t10000000
26.94,278.84615384615387,278.84615384615387,278.84615384615387,2764324.0,2764324.0,2764324.0,133991.0,133991.0,133991.0,0.0,0.0,hard,32,1,0,10000000,sync_on,hard_p32_w1_i0_t10000000
26.98,409.12061239731145,165.0485436893204,1029.1262135922332,2769598.0,2758636.0,2788624.0,128473.0,109618.0,137209.0,0.0,0.0,hard,32,1,0,10000000,sync_on,hard_p32_w1_i0_t10000000
27.05,203.8834951456311,203.8834951456311,203.8834951456311,2764376.0,2764376.0,2764376.0,134009.0,134009.0,134009.0,0.0,0.0,hard,32,1,0,10000000,sync_on,hard_p32_w1_i0_t10000000
27.08,461.16504854368935,330.0970873786408,592.2330097087379,2762268.0,2758684.0,2765852.0,135390.0,133547.0,137233.0,0.0,0.0,hard,32,1,0,10000000,sync_on,hard_p32_w1_i0_t10000000
27.09,765.0298730395818,403.84615384615387,1126.2135922330099,2777152.0,2765620.0,2788684.0,121619.5,109635.0,133604.0,0.0,0.0,hard,32,1,0,10000000,sync_on,hard_p32_w1_i0_t10000000
27.15,259.61538461538464,259.61538461538464,259.61538461538464,2764416.0,2764416.0,2764416.0,134023.0,134023.0,134023.0,0.0,0.0,hard,32,1,0,10000000,sync_on,hard_p32_w1_i0_t10000000
27.18,715.3483309143686,326.92307692307696,1103.7735849056603,2762596.0,2758848.0,2766344.0,135424.5,133606.0,137243.0,0.0,0.0,hard,32,1,0,10000000,sync_on,hard_p32_w1_i0_t10000000
27.19,724.1100323624596,281.55339805825247,1166.6666666666667,2777350.0,2765908.0,2788792.0,121656.5,109651.0,133662.0,0.0,0.0,hard,32,1,0,10000000,sync_on,hard_p32_w1_i0_t10000000
27.25,201.92307692307693,201.92307692307693,201.92307692307693,2764448.0,2764448.0,2764448.0,134035.0,134035.0,134035.0,0.0,0.0,hard,32,1,0,10000000,sync_on,hard_p32_w1_i0_t10000000
27.29,876.256913021619,221.15384615384616,1211.5384615384617,2764029.3333333335,2758956.0,2766624.0,135438.0,133663.0,137257.0,0.0,0.0,hard,32,1,0,10000000,sync_on,hard_p32_w1_i0_t10000000
27.3,223.3009708737864,223.3009708737864,223.3009708737864,2788892.0,2788892.0,2788892.0,109664.0,109664.0,109664.0,0.0,0.0,hard,32,1,0,10000000,sync_on,hard_p32_w1_i0_t10000000
27.36,368.93203883495147,368.93203883495147,368.93203883495147,2764576.0,2764576.0,2764576.0,134058.0,134058.0,134058.0,0.0,0.0,hard,32,1,0,10000000,sync_on,hard_p32_w1_i0_t10000000
27.39,629.3924839041915,213.59223300970876,1078.4313725490197,2763628.0,2758984.0,2766904.0,134918.0,133720.0,137271.0,0.0,0.0,hard,32,1,0,10000000,sync_on,hard_p32_w1_i0_t10000000
27.4,349.5145631067961,349.5145631067961,349.5145631067961,2788940.0,2788940.0,2788940.0,109679.0,109679.0,109679.0,0.0,0.0,hard,32,1,0,10000000,sync_on,hard_p32_w1_i0_t10000000
27.46,317.3076923076923,317.3076923076923,317.3076923076923,2764632.0,2764632.0,2764632.0,134067.0,134067.0,134067.0,0.0,0.0,hard,32,1,0,10000000,sync_on,hard_p32_w1_i0_t10000000
27.49,996.0324869305452,817.3076923076924,1174.7572815533981,2763220.0,2759248.0,2767192.0,135547.0,133781.0,137313.0,0.0,0.0,hard,32,1,0,10000000,sync_on,hard_p32_w1_i0_t10000000
27.5,760.4088872292756,355.7692307692308,1165.0485436893205,2777250.0,2765348.0,2789152.0,121761.0,109699.0,133823.0,0.0,0.0,hard,32,1,0,10000000,sync_on,hard_p32_w1_i0_t10000000
27.57,278.84615384615387,278.84615384615387,278.84615384615387,2764684.0,2764684.0,2764684.0,134086.0,134086.0,134086.0,0.0,0.0,hard,32,1,0,10000000,sync_on,hard_p32_w1_i0_t10000000
27.6,1097.8506787330318,1028.8461538461538,1156.8627450980393,2764188.0,2759536.0,2767436.0,135119.66666666666,133844.0,137627.0,0.0,0.0,hard,32,1,0,10000000,sync_on,hard_p32_w1_i0_t10000000
27.61,213.59223300970876,213.59223300970876,213.59223300970876,2789236.0,2789236.0,2789236.0,109715.0,109715.0,109715.0,0.0,0.0,hard,32,1,0,10000000,sync_on,hard_p32_w1_i0_t10000000
27.67,223.3009708737864,223.3009708737864,223.3009708737864,2764724.0,2764724.0,2764724.0,134100.0,134100.0,134100.0,0.0,0.0,hard,32,1,0,10000000,sync_on,hard_p32_w1_i0_t10000000
27.7,1188.3050955009837,1019.4174757281554,1359.2233009708739,2764516.0,2759680.0,2767784.0,134447.0,133651.0,135784.0,0.0,0.0,hard,32,1,0,10000000,sync_on,hard_p32_w1_i0_t10000000
27.71,330.0970873786408,330.0970873786408,330.0970873786408,2789292.0,2789292.0,2789292.0,109726.0,109726.0,109726.0,0.0,0.0,hard,32,1,0,10000000,sync_on,hard_p32_w1_i0_t10000000
27.77,1000.0,1000.0,1000.0,2765008.0,2765008.0,2765008.0,134154.0,134154.0,134154.0,0.0,0.0,hard,32,1,0,10000000,sync_on,hard_p32_w1_i0_t10000000
27.8,947.7447744774478,715.686274509804,1117.6470588235295,2764290.6666666665,2759848.0,2768176.0,133884.66666666666,133709.0,133979.0,0.0,0.0,hard,32,1,0,10000000,sync_on,hard_p32_w1_i0_t10000000
27.81,323.5294117647059,323.5294117647059,323.5294117647059,2789336.0,2789336.0,2789336.0,109739.0,109739.0,109739.0,0.0,0.0,hard,32,1,0,10000000,sync_on,hard_p32_w1_i0_t10000000
27.88,1039.2156862745098,1039.2156862745098,1039.2156862745098,2765272.0,2765272.0,2765272.0,134206.0,134206.0,134206.0,0.0,0.0,hard,32,1,0,10000000,sync_on,hard_p32_w1_i0_t10000000
27.9,1196.5637740244613,1148.5148514851485,1264.7058823529412,2764621.3333333335,2760152.0,2768400.0,133946.33333333334,133771.0,134038.0,0.0,0.0,hard,32,1,0,10000000,sync_on,hard_p32_w1_i0_t10000000
27.91,87.37864077669903,87.37864077669903,87.37864077669903,2789356.0,2789356.0,2789356.0,110013.0,110013.0,110013.0,0.0,0.0,hard,32,1,0,10000000,sync_on,hard_p32_w1_i0_t10000000
27.98,1088.235294117647,1088.235294117647,1088.235294117647,2765496.0,2765496.0,2765496.0,134270.0,134270.0,134270.0,0.0,0.0,hard,32,1,0,10000000,sync_on,hard_p32_w1_i0_t10000000
28.0,1009.8039215686275,1009.8039215686275,1009.8039215686275,2768948.0,2768948.0,2768948.0,135643.0,135643.0,135643.0,0.0,0.0,hard,32,1,0,10000000,sync_on,hard_p32_w1_i0_t10000000
28.01,1170.854749666857,1145.6310679611652,1196.0784313725492,2763052.0,2760480.0,2765624.0,133956.0,133824.0,134088.0,0.0,0.0,hard,32,1,0,10000000,sync_on,hard_p32_w1_i0_t10000000
28.02,173.0769230769231,173.0769230769231,173.0769230769231,2789452.0,2789452.0,2789452.0,110021.0,110021.0,110021.0,0.0,0.0,hard,32,1,0,10000000,sync_on,hard_p32_w1_i0_t10000000
28.08,1431.372549019608,1431.372549019608,1431.372549019608,2765952.0,2765952.0,2765952.0,134336.0,134336.0,134336.0,0.0,0.0,hard,32,1,0,10000000,sync_on,hard_p32_w1_i0_t10000000
28.11,819.8215183509302,411.764705882353,1067.3076923076924,2764640.0,2760696.0,2767308.0,134045.66666666666,133880.0,134148.0,0.0,0.0,hard,32,1,0,10000000,sync_on,hard_p32_w1_i0_t10000000
28.12,213.59223300970876,213.59223300970876,213.59223300970876,2789584.0,2789584.0,2789584.0,105990.0,105990.0,105990.0,0.0,0.0,hard,32,1,0,10000000,sync_on,hard_p32_w1_i0_t10000000
28.18,980.3921568627452,980.3921568627452,980.3921568627452,2766152.0,2766152.0,2766152.0,134388.0,134388.0,134388.0,0.0,0.0,hard,32,1,0,10000000,sync_on,hard_p32_w1_i0_t10000000
28.21,1195.4057962357322,1186.2745098039215,1201.923076923077,2765046.6666666665,2761016.0,2767792.0,134366.0,133941.0,134954.0,0.0,0.0,hard,32,1,0,10000000,sync_on,hard_p32_w1_i0_t10000000
28.22,281.55339805825247,281.55339805825247,281.55339805825247,2789632.0,2789632.0,2789632.0,106011.0,106011.0,106011.0,0.0,0.0,hard,32,1,0,10000000,sync_on,hard_p32_w1_i0_t10000000
28.28,1039.2156862745098,1039.2156862745098,1039.2156862745098,2766412.0,2766412.0,2766412.0,134443.0,134443.0,134443.0,0.0,0.0,hard,32,1,0,10000000,sync_on,hard_p32_w1_i0_t10000000
28.31,921.5686274509806,696.0784313725491,1147.058823529412,2763866.0,2761260.0,2766472.0,134102.5,134002.0,134203.0,0.0,0.0,hard,32,1,0,10000000,sync_on,hard_p32_w1_i0_t10000000
28.32,1215.686274509804,1215.686274509804,1215.686274509804,2766864.0,2766864.0,2766864.0,134264.0,134264.0,134264.0,0.0,0.0,hard,32,1,0,10000000,sync_on,hard_p32_w1_i0_t10000000
28.33,288.46153846153845,288.46153846153845,288.46153846153845,2789672.0,2789672.0,2789672.0,106025.0,106025.0,106025.0,0.0,0.0,hard,32,1,0,10000000,sync_on,hard_p32_w1_i0_t10000000
28.38,1227.7227722772277,1227.7227722772277,1227.7227722772277,2766620.0,2766620.0,2766620.0,134509.0,134509.0,134509.0,0.0,0.0,hard,32,1,0,10000000,sync_on,hard_p32_w1_i0_t10000000
28.41,1156.8627450980393,1156.8627450980393,1156.8627450980393,2761596.0,2761596.0,2761596.0,134061.0,134061.0,134061.0,0.0,0.0,hard,32,1,0,10000000,sync_on,hard_p32_w1_i0_t10000000
28.42,1068.0618401206639,1057.6923076923078,1078.4313725490197,2766990.0,2766744.0,2767236.0,134295.0,134265.0,134325.0,0.0,0.0,hard,32,1,0,10000000,sync_on,hard_p32_w1_i0_t10000000
28.43,213.59223300970876,213.59223300970876,213.59223300970876,2789728.0,2789728.0,2789728.0,106038.0,106038.0,106038.0,0.0,0.0,hard,32,1,0,10000000,sync_on,hard_p32_w1_i0_t10000000
28.49,855.7692307692308,855.7692307692308,855.7692307692308,2766956.0,2766956.0,2766956.0,136397.0,136397.0,136397.0,0.0,0.0,hard,32,1,0,10000000,sync_on,hard_p32_w1_i0_t10000000
28.52,1137.7769987164336,1067.9611650485438,1227.7227722772277,2765606.6666666665,2761812.0,2767744.0,134887.66666666666,134123.0,136163.0,0.0,0.0,hard,32,1,0,10000000,sync_on,hard_p32_w1_i0_t10000000
28.53,398.05825242718447,398.05825242718447,398.05825242718447,2789792.0,2789792.0,2789792.0,106059.0,106059.0,106059.0,0.0,0.0,hard,32,1,0,10000000,sync_on,hard_p32_w1_i0_t10000000
28.59,1009.7087378640778,1009.7087378640778,1009.7087378640778,2765564.0,2765564.0,2765564.0,134608.0,134608.0,134608.0,0.0,0.0,hard,32,1,0,10000000,sync_on,hard_p32_w1_i0_t10000000
28.62,809.9398175111629,598.0392156862746,990.1960784313726,2765462.6666666665,2762376.0,2768144.0,134926.0,134352.0,136004.0,0.0,0.0,hard,32,1,0,10000000,sync_on,hard_p32_w1_i0_t10000000
28.64,407.7669902912622,407.7669902912622,407.7669902912622,2789964.0,2789964.0,2789964.0,106072.0,106072.0,106072.0,0.0,0.0,hard,32,1,0,10000000,sync_on,hard_p32_w1_i0_t10000000
28.69,1088.235294117647,1088.235294117647,1088.235294117647,2765860.0,2765860.0,2765860.0,134669.0,134669.0,134669.0,0.0,0.0,hard,32,1,0,10000000,sync_on,hard_p32_w1_i0_t10000000
28.72,1162.5450902292707,1048.076923076923,1274.5098039215686,2765430.6666666665,2761052.0,2768588.0,134366.0,134212.0,134481.0,0.0,0.0,hard,32,1,0,10000000,sync_on,hard_p32_w1_i0_t10000000
28.74,307.6923076923077,307.6923076923077,307.6923076923077,2790004.0,2790004.0,2790004.0,106089.0,106089.0,106089.0,0.0,0.0,hard,32,1,0,10000000,sync_on,hard_p32_w1_i0_t10000000
28.8,1029.1262135922332,1029.1262135922332,1029.1262135922332,2766196.0,2766196.0,2766196.0,130951.0,130951.0,130951.0,0.0,0.0,hard,32,1,0,10000000,sync_on,hard_p32_w1_i0_t10000000
28.82,1102.8459927660385,1019.4174757281554,1186.2745098039215,2765208.0,2761548.0,2768868.0,134405.0,134269.0,134541.0,0.0,0.0,hard,32,1,0,10000000,sync_on,hard_p32_w1_i0_t10000000
28.83,1194.1747572815534,1194.1747572815534,1194.1747572815534,2767280.0,2767280.0,2767280.0,134463.0,134463.0,134463.0,0.0,0.0,hard,32,1,0,10000000,sync_on,hard_p32_w1_i0_t10000000
28.84,242.71844660194176,242.71844660194176,242.71844660194176,2790032.0,2790032.0,2790032.0,106106.0,106106.0,106106.0,0.0,0.0,hard,32,1,0,10000000,sync_on,hard_p32_w1_i0_t10000000
28.9,1126.2135922330099,1126.2135922330099,1126.2135922330099,2766528.0,2766528.0,2766528.0,131226.0,131226.0,131226.0,0.0,0.0,hard,32,1,0,10000000,sync_on,hard_p32_w1_i0_t10000000
28.92,1039.6039603960396,1039.6039603960396,1039.6039603960396,2761744.0,2761744.0,2761744.0,134339.0,134339.0,134339.0,0.0,0.0,hard,32,1,0,10000000,sync_on,hard_p32_w1_i0_t10000000
28.93,1000.4759185227489,902.9126213592233,1098.0392156862745,2768412.0,2767556.0,2769268.0,135471.0,134518.0,136424.0,0.0,0.0,hard,32,1,0,10000000,sync_on,hard_p32_w1_i0_t10000000
28.95,194.1747572815534,194.1747572815534,194.1747572815534,2790052.0,2790052.0,2790052.0,106118.0,106118.0,106118.0,0.0,0.0,hard,32,1,0,10000000,sync_on,hard_p32_w1_i0_t10000000
29.0,990.1960784313726,990.1960784313726,990.1960784313726,2766812.0,2766812.0,2766812.0,132902.0,132902.0,132902.0,0.0,0.0,hard,32,1,0,10000000,sync_on,hard_p32_w1_i0_t10000000
29.02,950.9803921568628,950.9803921568628,950.9803921568628,2762012.0,2762012.0,2762012.0,134392.0,134392.0,134392.0,0.0,0.0,hard,32,1,0,10000000,sync_on,hard_p32_w1_i0_t10000000
29.03,966.4142884876724,784.3137254901961,1148.5148514851485,2768046.0,2767988.0,2768104.0,134595.0,134571.0,134619.0,0.0,0.0,hard,32,1,0,10000000,sync_on,hard_p32_w1_i0_t10000000
29.05,211.53846153846155,211.53846153846155,211.53846153846155,2790132.0,2790132.0,2790132.0,106131.0,106131.0,106131.0,0.0,0.0,hard,32,1,0,10000000,sync_on,hard_p32_w1_i0_t10000000
29.1,852.9411764705883,852.9411764705883,852.9411764705883,2765480.0,2765480.0,2765480.0,131105.0,131105.0,131105.0,0.0,0.0,hard,32,1,0,10000000,sync_on,hard_p32_w1_i0_t10000000
29.13,1135.4555638536222,1077.6699029126214,1184.4660194174758,2766446.6666666665,2762308.0,2768724.0,134674.0,134457.0,134942.0,0.0,0.0,hard,32,1,0,10000000,sync_on,hard_p32_w1_i0_t10000000
29.15,339.80582524271847,339.80582524271847,339.80582524271847,2790208.0,2790208.0,2790208.0,106145.0,106145.0,106145.0,0.0,0.0,hard,32,1,0,10000000,sync_on,hard_p32_w1_i0_t10000000
29.2,872.5490196078432,872.5490196078432,872.5490196078432,2765988.0,2765988.0,2765988.0,132988.0,132988.0,132988.0,0.0,0.0,hard,32,1,0,10000000,sync_on,hard_p32_w1_i0_t10000000
29.23,1138.6138613861385,1138.6138613861385,1138.6138613861385,2762648.0,2762648.0,2762648.0,134523.0,134523.0,134523.0,0.0,0.0,hard,32,1,0,10000000,sync_on,hard_p32_w1_i0_t10000000
29.24,1020.2677224736049,932.6923076923077,1107.843137254902,2768958.0,2768704.0,2769212.0,130932.5,130903.0,130962.0,0.0,0.0,hard,32,1,0,10000000,sync_on,hard_p32_w1_i0_t10000000
29.26,223.3009708737864,223.3009708737864,223.3009708737864,2790404.0,2790404.0,2790404.0,106161.0,106161.0,106161.0,0.0,0.0,hard,32,1,0,10000000,sync_on,hard_p32_w1_i0_t10000000
29.31,931.372549019608,931.372549019608,931.372549019608,2764924.0,2764924.0,2764924.0,133031.0,133031.0,133031.0,0.0,0.0,hard,32,1,0,10000000,sync_on,hard_p32_w1_i0_t10000000
29.33,1117.6470588235295,1117.6470588235295,1117.6470588235295,2762900.0,2762900.0,2762900.0,134579.0,134579.0,134579.0,0.0,0.0,hard,32,1,0,10000000,sync_on,hard_p32_w1_i0_t10000000
29.34,1147.738303242089,1138.6138613861385,1156.8627450980393,2769356.0,2769072.0,2769640.0,130998.5,130967.0,131030.0,0.0,0.0,hard,32,1,0,10000000,sync_on,hard_p32_w1_i0_t10000000
29.36,145.63106796116506,145.63106796116506,145.63106796116506,2790420.0,2790420.0,2790420.0,106168.0,106168.0,106168.0,0.0,0.0,hard,32,1,0,10000000,sync_on,hard_p32_w1_i0_t10000000
29.41,676.4705882352941,676.4705882352941,676.4705882352941,2763500.0,2763500.0,2763500.0,131223.0,131223.0,131223.0,0.0,0.0,hard,32,1,0,10000000,sync_on,hard_p32_w1_i0_t10000000
29.43,852.9411764705883,852.9411764705883,852.9411764705883,2763140.0,2763140.0,2763140.0,134633.0,134633.0,134633.0,0.0,0.0,hard,32,1,0,10000000,sync_on,hard_p32_w1_i0_t10000000
29.44,1108.6682197631526,1049.0196078431372,1168.3168316831682,2769794.0,2769580.0,2770008.0,131759.0,131026.0,132492.0,0.0,0.0,hard,32,1,0,10000000,sync_on,hard_p32_w1_i0_t10000000
29.46,259.61538461538464,259.61538461538464,259.61538461538464,2790472.0,2790472.0,2790472.0,106187.0,106187.0,106187.0,0.0,0.0,hard,32,1,0,10000000,sync_on,hard_p32_w1_i0_t10000000
29.51,1211.5384615384617,1211.5384615384617,1211.5384615384617,2763968.0,2763968.0,2763968.0,131278.0,131278.0,131278.0,0.0,0.0,hard,32,1,0,10000000,sync_on,hard_p32_w1_i0_t10000000
29.54,1048.2898661082556,784.3137254901961,1223.3009708737866,2767332.0,2763448.0,2770416.0,132302.33333333334,131083.0,134705.0,0.0,0.0,hard,32,1,0,10000000,sync_on,hard_p32_w1_i0_t10000000
29.57,291.2621359223301,291.2621359223301,291.2621359223301,2790504.0,2790504.0,2790504.0,106203.0,106203.0,106203.0,0.0,0.0,hard,32,1,0,10000000,sync_on,hard_p32_w1_i0_t10000000
29.62,990.2912621359224,990.2912621359224,990.2912621359224,2764704.0,2764704.0,2764704.0,133176.0,133176.0,133176.0,0.0,0.0,hard,32,1,0,10000000,sync_on,hard_p32_w1_i0_t10000000
29.64,1147.7868375072803,1147.058823529412,1148.5148514851485,2767252.0,2763736.0,2770768.0,132953.0,131138.0,134768.0,0.0,0.0,hard,32,1,0,10000000,sync_on,hard_p32_w1_i0_t10000000
29.65,1259.6153846153848,1259.6153846153848,1259.6153846153848,2768736.0,2768736.0,2768736.0,131184.0,131184.0,131184.0,0.0,0.0,hard,32,1,0,10000000,sync_on,hard_p32_w1_i0_t10000000
29.67,271.84466019417476,271.84466019417476,271.84466019417476,2790528.0,2790528.0,2790528.0,106215.0,106215.0,106215.0,0.0,0.0,hard,32,1,0,10000000,sync_on,hard_p32_w1_i0_t10000000
29.72,563.1067961165049,563.1067961165049,563.1067961165049,2763340.0,2763340.0,2763340.0,132298.0,132298.0,132298.0,0.0,0.0,hard,32,1,0,10000000,sync_on,hard_p32_w1_i0_t10000000
29.74,911.764705882353,911.764705882353,911.764705882353,2764044.0,2764044.0,2764044.0,134820.0,134820.0,134820.0,0.0,0.0,hard,32,1,0,10000000,sync_on,hard_p32_w1_i0_t10000000
29.75,1107.625666412795,1086.5384615384617,1128.7128712871286,2770190.0,2769184.0,2771196.0,131222.5,131205.0,131240.0,0.0,0.0,hard,32,1,0,10000000,sync_on,hard_p32_w1_i0_t10000000
29.77,330.0970873786408,330.0970873786408,330.0970873786408,2790588.0,2790588.0,2790588.0,106228.0,106228.0,106228.0,0.0,0.0,hard,32,1,0,10000000,sync_on,hard_p32_w1_i0_t10000000
29.82,666.6666666666667,666.6666666666667,666.6666666666667,2762176.0,2762176.0,2762176.0,131396.0,131396.0,131396.0,0.0,0.0,hard,32,1,0,10000000,sync_on,hard_p32_w1_i0_t10000000
29.84,1107.843137254902,1107.843137254902,1107.843137254902,2764464.0,2764464.0,2764464.0,135744.0,135744.0,135744.0,0.0,0.0,hard,32,1,0,10000000,sync_on,hard_p32_w1_i0_t10000000
29.85,1098.0392156862747,1000.0000000000001,1196.0784313725492,2770648.0,2769620.0,2771676.0,131281.0,131270.0,131292.0,0.0,0.0,hard,32,1,0,10000000,sync_on,hard_p32_w1_i0_t10000000
29.88,346.1538461538462,346.1538461538462,346.1538461538462,2790656.0,2790656.0,2790656.0,106249.0,106249.0,106249.0,0.0,0.0,hard,32,1,0,10000000,sync_on,hard_p32_w1_i0_t10000000
29.92,1233.0097087378642,1233.0097087378642,1233.0097087378642,2763144.0,2763144.0,2763144.0,131456.0,131456.0,131456.0,0.0,0.0,hard,32,1,0,10000000,sync_on,hard_p32_w1_i0_t10000000
29.94,617.6470588235295,617.6470588235295,617.6470588235295,2763012.0,2763012.0,2763012.0,134916.0,134916.0,134916.0,0.0,0.0,hard,32,1,0,10000000,sync_on,hard_p32_w1_i0_t10000000
29.95,1123.3255678509026,1088.235294117647,1158.4158415841584,2771172.0,2770296.0,2772048.0,132770.5,132703.0,132838.0,0.0,0.0,hard,32,1,0,10000000,sync_on,hard_p32_w1_i0_t10000000
29.98,359.2233009708738,359.2233009708738,359.2233009708738,2790720.0,2790720.0,2790720.0,106482.0,106482.0,106482.0,0.0,0.0,hard,32,1,0,10000000,sync_on,hard_p32_w1_i0_t10000000
30.03,1098.0392156862745,1098.0392156862745,1098.0392156862745,2763792.0,2763792.0,2763792.0,131511.0,131511.0,131511.0,0.0,0.0,hard,32,1,0,10000000,sync_on,hard_p32_w1_i0_t10000000
30.04,1039.2156862745098,1039.2156862745098,1039.2156862745098,2763524.0,2763524.0,2763524.0,135170.0,135170.0,135170.0,0.0,0.0,hard,32,1,0,10000000,sync_on,hard_p32_w1_i0_t10000000
30.05,607.843137254902,549.0196078431372,666.6666666666667,2769424.0,2768596.0,2770252.0,131566.5,131384.0,131749.0,0.0,0.0,hard,32,1,0,10000000,sync_on,hard_p32_w1_i0_t10000000
30.08,97.0873786407767,97.0873786407767,97.0873786407767,2790736.0,2790736.0,2790736.0,106534.0,106534.0,106534.0,0.0,0.0,hard,32,1,0,10000000,sync_on,hard_p32_w1_i0_t10000000
30.18,77.66990291262137,77.66990291262137,77.66990291262137,2790768.0,2790768.0,2790768.0,106535.0,106535.0,106535.0,0.0,0.0,hard,32,1,0,10000000,sync_on,hard_p32_w1_i0_t10000000
0.1,1105.0637730820486,1087.378640776699,1126.2135922330099,2707398.4,2681384.0,2802832.0,170534.6,143201.0,177370.0,0.0,0.0,hard,32,1,10000,10000000,sync_on,hard_p32_w1_i10000_t10000000
0.2,1044.1176470588236,980.3921568627452,1098.0392156862745,2688402.0,2686204.0,2689988.0,176676.5,173643.0,177690.0,0.0,0.0,hard,32,1,10000,10000000,sync_on,hard_p32_w1_i10000_t10000000
0.21,1106.7961165048544,1106.7961165048544,1106.7961165048544,2807684.0,2807684.0,2807684.0,143258.0,143258.0,143258.0,0.0,0.0,hard,32,1,10000,10000000,sync_on,hard_p32_w1_i10000_t10000000
0.31,1175.1310425160164,1108.9108910891089,1235.294117647059,2716111.2,2689976.0,2811336.0,167631.0,143317.0,173716.0,0.0,0.0,hard,32,1,10000,10000000,sync_on,hard_p32_w1_i10000_t10000000
0.41,1052.7508090614888,1009.8039215686275,1107.843137254902,2719020.8,2692744.0,2814460.0,167694.0,143382.0,173778.0,0.0,0.0,hard,32,1,10000,10000000,sync_on,hard_p32_w1_i10000_t10000000
0.51,1100.2561478306598,980.3921568627452,1227.7227722772277,2721622.4,2695512.0,2817216.0,167752.2,143439.0,173838.0,0.0,0.0,hard,32,1,10000,10000000,sync_on,hard_p32_w1_i10000_t10000000
0.61,1301.4705882352941,1235.294117647059,1352.9411764705883,2730646.0,2697964.0,2820476.0,166307.0,143511.0,173914.0,0.0,0.0,hard,32,1,10000,10000000,sync_on,hard_p32_w1_i10000_t10000000
0.62,1203.883495145631,1203.883495145631,1203.883495145631,2699912.0,2699912.0,2699912.0,173897.0,173897.0,173897.0,0.0,0.0,hard,32,1,10000,10000000,sync_on,hard_p32_w1_i10000_t10000000
0.71,701.1259949524364,372.54901960784315,1029.7029702970297,2701236.0,2698864.0,2703608.0,173940.5,173925.0,173956.0,0.0,0.0,hard,32,1,10000,10000000,sync_on,hard_p32_w1_i10000_t10000000
0.72,1253.4424773145504,1087.378640776699,1359.2233009708739,2743541.3333333335,2702372.0,2823344.0,163834.33333333334,143568.0,173970.0,0.0,0.0,hard,32,1,10000,10000000,sync_on,hard_p32_w1_i10000_t10000000
0.81,1186.2745098039215,1186.2745098039215,1186.2745098039215,2706352.0,2706352.0,2706352.0,174015.0,174015.0,174015.0,0.0,0.0,hard,32,1,10000,10000000,sync_on,hard_p32_w1_i10000_t10000000
0.82,973.6048265460031,384.61538461538464,1215.686274509804,2734320.0,2699512.0,2825612.0,166404.75,143627.0,174026.0,0.0,0.0,hard,32,1,10000,10000000,sync_on,hard_p32_w1_i10000_t10000000
0.92,1021.6545755089501,213.59223300970876,1257.4257425742574,2730844.8,2699816.0,2828456.0,167976.0,143686.0,174084.0,0.0,0.0,hard,32,1,10000,10000000,sync_on,hard_p32_w1_i10000_t10000000
1.02,982.9103385451668,451.92307692307696,1264.7058823529412,2732979.2,2701236.0,2830344.0,168022.6,143741.0,174141.0,0.0,0.0,hard,32,1,10000,10000000,sync_on,hard_p32_w1_i10000_t10000000
1.12,1058.4189986674282,872.5490196078432,1165.0485436893205,2742508.0,2710844.0,2832564.0,166587.25,143795.0,174196.0,0.0,0.0,hard,32,1,10000,10000000,sync_on,hard_p32_w1_i10000_t10000000
1.13,221.15384615384616,221.15384615384616,221.15384615384616,2701804.0,2701804.0,2701804.0,173994.0,173994.0,173994.0,0.0,0.0,hard,32,1,10000,10000000,sync_on,hard_p32_w1_i10000_t10000000
1.22,203.8834951456311,203.8834951456311,203.8834951456311,2712732.0,2712732.0,2712732.0,174181.0,174181.0,174181.0,0.0,0.0,hard,32,1,10000,10000000,sync_on,hard_p32_w1_i10000_t10000000
1.23,998.2002042788737,368.93203883495147,1254.9019607843138,2741411.0,2702576.0,2834212.0,166592.0,143867.0,174253.0,0.0,0.0,hard,32,1,10000,10000000,sync_on,hard_p32_w1_i10000_t10000000
1.33,768.0234005476725,288.46153846153845,1176.4705882352941,2736768.8,2703152.0,2835996.0,168152.2,143924.0,174313.0,0.0,0.0,hard,32,1,10000,10000000,sync_on,hard_p32_w1_i10000_t10000000
1.43,792.7437540134104,201.92307692307693,1039.2156862745098,2746023.0,2713356.0,2837256.0,166790.0,143973.0,174617.0,0.0,0.0,hard,32,1,10000,10000000,sync_on,hard_p32_w1_i10000_t10000000
1.44,288.46153846153845,288.46153846153845,288.46153846153845,2703556.0,2703556.0,2703556.0,174040.0,174040.0,174040.0,0.0,0.0,hard,32,1,10000,10000000,sync_on,hard_p32_w1_i10000_t10000000
1.53,831.7152103559871,281.55339805825247,1135.9223300970875,2756482.6666666665,2713904.0,2838664.0,162960.66666666666,144032.0,174214.0,0.0,0.0,hard,32,1,10000,10000000,sync_on,hard_p32_w1_i10000_t10000000
1.54,670.3312392918333,252.42718446601944,1088.235294117647,2711926.0,2703716.0,2720136.0,174239.5,174052.0,174427.0,0.0,0.0,hard,32,1,10000,10000000,sync_on,hard_p32_w1_i10000_t10000000
1.64,987.9748202492349,326.92307692307696,1252.4271844660195,2748742.0,2714328.0,2840736.0,165146.25,141162.0,174491.0,0.0,0.0,hard,32,1,10000,10000000,sync_on,hard_p32_w1_i10000_t10000000
1.65,201.92307692307693,201.92307692307693,201.92307692307693,2704360.0,2704360.0,2704360.0,174069.0,174069.0,174069.0,0.0,0.0,hard,32,1,10000,10000000,sync_on,hard_p32_w1_i10000_t10000000
1.74,778.370235323405,194.1747572815534,1137.2549019607843,2750052.0,2714676.0,2842080.0,165425.5,142142.0,174552.0,0.0,0.0,hard,32,1,10000,10000000,sync_on,hard_p32_w1_i10000_t10000000
1.75,398.05825242718447,398.05825242718447,398.05825242718447,2705588.0,2705588.0,2705588.0,174087.0,174087.0,174087.0,0.0,0.0,hard,32,1,10000,10000000,sync_on,hard_p32_w1_i10000_t10000000
1.84,1079.0784960849026,940.5940594059406,1257.4257425742574,2762841.3333333335,2721408.0,2843012.0,162035.33333333334,140401.0,174877.0,0.0,0.0,hard,32,1,10000,10000000,sync_on,hard_p32_w1_i10000_t10000000
1.85,221.15384615384616,192.30769230769232,250.0,2710606.0,2706084.0,2715128.0,174180.5,174103.0,174258.0,0.0,0.0,hard,32,1,10000,10000000,sync_on,hard_p32_w1_i10000_t10000000
1.94,1199.9333714068152,1186.2745098039215,1213.5922330097087,2783972.0,2722748.0,2845196.0,153784.5,136678.0,170891.0,0.0,0.0,hard,32,1,10000,10000000,sync_on,hard_p32_w1_i10000_t10000000
1.95,680.3255282695603,213.59223300970876,1147.058823529412,2720586.0,2715348.0,2725824.0,170694.0,167121.0,174267.0,0.0,0.0,hard,32,1,10000,10000000,sync_on,hard_p32_w1_i10000_t10000000
1.96,346.1538461538462,346.1538461538462,346.1538461538462,2706440.0,2706440.0,2706440.0,174118.0,174118.0,174118.0,0.0,0.0,hard,32,1,10000,10000000,sync_on,hard_p32_w1_i10000_t10000000
2.04,1097.9440319817247,1019.4174757281554,1176.4705882352941,2785580.0,2724284.0,2846876.0,153842.0,136735.0,170949.0,0.0,0.0,hard,32,1,10000,10000000,sync_on,hard_p32_w1_i10000_t10000000
2.05,698.9064856711916,211.53846153846155,1186.2745098039215,2721458.0,2715628.0,2727288.0,170732.5,167177.0,174288.0,0.0,0.0,hard,32,1,10000,10000000,sync_on,hard_p32_w1_i10000_t10000000
2.06,330.0970873786408,330.0970873786408,330.0970873786408,2707032.0,2707032.0,2707032.0,174139.0,174139.0,174139.0,0.0,0.0,hard,32,1,10000,10000000,sync_on,hard_p32_w1_i10000_t10000000
2.15,1137.2549019607843,1098.0392156862745,1205.8823529411766,2767193.3333333335,2725420.0,2847716.0,158423.66666666666,136805.0,171230.0,0.0,0.0,hard,32,1,10000,10000000,sync_on,hard_p32_w1_i10000_t10000000
2.16,216.34615384615387,211.53846153846155,221.15384615384616,2711646.0,2707344.0,2715948.0,174226.0,174154.0,174298.0,0.0,0.0,hard,32,1,10000,10000000,sync_on,hard_p32_w1_i10000_t10000000
2.25,1223.4194007636058,1137.2549019607843,1366.3366336633662,2768930.6666666665,2727412.0,2849476.0,157144.66666666666,136855.0,167298.0,0.0,0.0,hard,32,1,10000,10000000,sync_on,hard_p32_w1_i10000_t10000000
2.26,300.97087378640776,300.97087378640776,300.97087378640776,2716496.0,2716496.0,2716496.0,174308.0,174308.0,174308.0,0.0,0.0,hard,32,1,10000,10000000,sync_on,hard_p32_w1_i10000_t10000000
2.27,240.3846153846154,240.3846153846154,240.3846153846154,2707644.0,2707644.0,2707644.0,174169.0,174169.0,174169.0,0.0,0.0,hard,32,1,10000,10000000,sync_on,hard_p32_w1_i10000_t10000000
2.35,1256.5844819776096,1247.5247524752474,1267.3267326732673,2770384.0,2729076.0,2850916.0,157217.33333333334,136932.0,167368.0,0.0,0.0,hard,32,1,10000,10000000,sync_on,hard_p32_w1_i10000_t10000000
2.36,173.0769230769231,173.0769230769231,173.0769230769231,2716728.0,2716728.0,2716728.0,174325.0,174325.0,174325.0,0.0,0.0,hard,32,1,10000,10000000,sync_on,hard_p32_w1_i10000_t10000000
2.37,262.1359223300971,262.1359223300971,262.1359223300971,2708040.0,2708040.0,2708040.0,174179.0,174179.0,174179.0,0.0,0.0,hard,32,1,10000,10000000,sync_on,hard_p32_w1_i10000_t10000000
2.45,1235.2941176470588,1127.450980392157,1401.9607843137255,2771724.0,2730236.0,2852472.0,154854.0,136998.0,163903.0,0.0,0.0,hard,32,1,10000,10000000,sync_on,hard_p32_w1_i10000_t10000000
2.47,230.76923076923077,230.76923076923077,230.76923076923077,2716932.0,2716932.0,2716932.0,174337.0,174337.0,174337.0,0.0,0.0,hard,32,1,10000,10000000,sync_on,hard_p32_w1_i10000_t10000000
2.48,192.30769230769232,192.30769230769232,192.30769230769232,2708324.0,2708324.0,2708324.0,174191.0,174191.0,174191.0,0.0,0.0,hard,32,1,10000,10000000,sync_on,hard_p32_w1_i10000_t10000000
2.55,1117.6470588235295,1019.6078431372549,1215.686274509804,2792638.0,2731772.0,2853504.0,148489.0,137057.0,159921.0,0.0,0.0,hard,32,1,10000,10000000,sync_on,hard_p32_w1_i10000_t10000000
2.56,1107.843137254902,1107.843137254902,1107.843137254902,2733464.0,2733464.0,2733464.0,163979.0,163979.0,163979.0,0.0,0.0,hard,32,1,10000,10000000,sync_on,hard_p32_w1_i10000_t10000000
2.57,116.50485436893204,116.50485436893204,116.50485436893204,2717044.0,2717044.0,2717044.0,174610.0,174610.0,174610.0,0.0,0.0,hard,32,1,10000,10000000,sync_on,hard_p32_w1_i10000_t10000000
2.58,298.0769230769231,298.0769230769231,298.0769230769231,2708696.0,2708696.0,2708696.0,174210.0,174210.0,174210.0,0.0,0.0,hard,32,1,10000,10000000,sync_on,hard_p32_w1_i10000_t10000000
2.65,1117.9382644146767,1059.4059405940593,1176.4705882352941,2793638.0,2732640.0,2854636.0,148546.5,137109.0,159984.0,0.0,0.0,hard,32,1,10000,10000000,sync_on,hard_p32_w1_i10000_t10000000
2.66,1049.0196078431372,1049.0196078431372,1049.0196078431372,2734312.0,2734312.0,2734312.0,160265.0,160265.0,160265.0,0.0,0.0,hard,32,1,10000,10000000,sync_on,hard_p32_w1_i10000_t10000000
2.67,144.23076923076923,144.23076923076923,144.23076923076923,2717220.0,2717220.0,2717220.0,174615.0,174615.0,174615.0,0.0,0.0,hard,32,1,10000,10000000,sync_on,hard_p32_w1_i10000_t10000000
2.68,233.0097087378641,233.0097087378641,233.0097087378641,2708936.0,2708936.0,2708936.0,174224.0,174224.0,174224.0,0.0,0.0,hard,32,1,10000,10000000,sync_on,hard_p32_w1_i10000_t10000000
2.76,1094.3270512088332,950.9803921568628,1196.0784313725492,2774765.3333333335,2733844.0,2855364.0,148648.33333333334,137168.0,156274.0,0.0,0.0,hard,32,1,10000,10000000,sync_on,hard_p32_w1_i10000_t10000000
2.78,278.84615384615387,278.84615384615387,278.84615384615387,2717572.0,2717572.0,2717572.0,170586.0,170586.0,170586.0,0.0,0.0,hard,32,1,10000,10000000,sync_on,hard_p32_w1_i10000_t10000000
2.79,240.3846153846154,240.3846153846154,240.3846153846154,2709412.0,2709412.0,2709412.0,174235.0,174235.0,174235.0,0.0,0.0,hard,32,1,10000,10000000,sync_on,hard_p32_w1_i10000_t10000000
2.86,1098.2980651006276,1079.2079207920792,1127.450980392157,2775724.0,2734672.0,2856188.0,148702.66666666666,137223.0,156327.0,0.0,0.0,hard,32,1,10000,10000000,sync_on,hard_p32_w1_i10000_t10000000
2.88,349.5145631067961,349.5145631067961,349.5145631067961,2718096.0,2718096.0,2718096.0,170601.0,170601.0,170601.0,0.0,0.0,hard,32,1,10000,10000000,sync_on,hard_p32_w1_i10000_t10000000
2.89,145.63106796116506,145.63106796116506,145.63106796116506,2709788.0,2709788.0,2709788.0,174243.0,174243.0,174243.0,0.0,0.0,hard,32,1,10000,10000000,sync_on,hard_p32_w1_i10000_t10000000
2.96,1153.5947712418301,1147.058823529412,1166.6666666666667,2776790.6666666665,2735520.0,2857404.0,148762.0,137275.0,156388.0,0.0,0.0,hard,32,1,10000,10000000,sync_on,hard_p32_w1_i10000_t10000000
2.99,254.80769230769232,230.76923076923077,278.84615384615387,2714322.0,2710196.0,2718448.0,172441.0,170617.0,174265.0,0.0,0.0,hard,32,1,10000,10000000,sync_on,hard_p32_w1_i10000_t10000000
3.06,1078.6578657865787,1019.6078431372549,1147.058823529412,2777713.3333333335,2736468.0,2858156.0,148812.66666666666,137325.0,156441.0,0.0,0.0,hard,32,1,10000,10000000,sync_on,hard_p32_w1_i10000_t10000000
3.09,192.30769230769232,192.30769230769232,192.30769230769232,2718664.0,2718664.0,2718664.0,170632.0,170632.0,170632.0,0.0,0.0,hard,32,1,10000,10000000,sync_on,hard_p32_w1_i10000_t10000000
3.1,336.53846153846155,336.53846153846155,336.53846153846155,2710596.0,2710596.0,2710596.0,174277.0,174277.0,174277.0,0.0,0.0,hard,32,1,10000,10000000,sync_on,hard_p32_w1_i10000_t10000000
3.16,1058.8235294117649,1058.8235294117649,1058.8235294117649,2737436.0,2737436.0,2737436.0,156500.0,156500.0,156500.0,0.0,0.0,hard,32,1,10000,10000000,sync_on,hard_p32_w1_i10000_t10000000
3.17,1151.9607843137255,1098.0392156862745,1205.8823529411766,2799260.0,2739452.0,2859068.0,145065.5,137395.0,152736.0,0.0,0.0,hard,32,1,10000,10000000,sync_on,hard_p32_w1_i10000_t10000000
3.19,252.42718446601944,252.42718446601944,252.42718446601944,2718988.0,2718988.0,2718988.0,170645.0,170645.0,170645.0,0.0,0.0,hard,32,1,10000,10000000,sync_on,hard_p32_w1_i10000_t10000000
3.2,388.3495145631068,388.3495145631068,388.3495145631068,2711044.0,2711044.0,2711044.0,174297.0,174297.0,174297.0,0.0,0.0,hard,32,1,10000,10000000,sync_on,hard_p32_w1_i10000_t10000000
3.27,1178.6701860231271,1147.058823529412,1225.4901960784314,2779678.6666666665,2738700.0,2859820.0,147682.0,137463.0,152795.0,0.0,0.0,hard,32,1,10000,10000000,sync_on,hard_p32_w1_i10000_t10000000
3.3,221.15384615384616,221.15384615384616,221.15384615384616,2715266.0,2711404.0,2719128.0,172487.0,170661.0,174313.0,0.0,0.0,hard,32,1,10000,10000000,sync_on,hard_p32_w1_i10000_t10000000
3.37,1221.4607525858241,1196.0784313725492,1235.294117647059,2780669.3333333335,2739608.0,2860696.0,147742.66666666666,137525.0,152854.0,0.0,0.0,hard,32,1,10000,10000000,sync_on,hard_p32_w1_i10000_t10000000
3.4,262.1359223300971,262.1359223300971,262.1359223300971,2719516.0,2719516.0,2719516.0,170671.0,170671.0,170671.0,0.0,0.0,hard,32,1,10000,10000000,sync_on,hard_p32_w1_i10000_t10000000
3.41,230.76923076923077,230.76923076923077,230.76923076923077,2711616.0,2711616.0,2711616.0,174324.0,174324.0,174324.0,0.0,0.0,hard,32,1,10000,10000000,sync_on,hard_p32_w1_i10000_t10000000
3.47,1261.437908496732,1196.0784313725492,1323.5294117647059,2781589.3333333335,2740556.0,2861532.0,145284.0,137591.0,149131.0,0.0,0.0,hard,32,1,10000,10000000,sync_on,hard_p32_w1_i10000_t10000000
3.5,307.6923076923077,307.6923076923077,307.6923076923077,2719988.0,2719988.0,2719988.0,170683.0,170683.0,170683.0,0.0,0.0,hard,32,1,10000,10000000,sync_on,hard_p32_w1_i10000_t10000000
3.51,330.0970873786408,330.0970873786408,330.0970873786408,2712060.0,2712060.0,2712060.0,174341.0,174341.0,174341.0,0.0,0.0,hard,32,1,10000,10000000,sync_on,hard_p32_w1_i10000_t10000000
3.57,1137.8448524464097,1077.6699029126214,1198.019801980198,2801654.0,2741368.0,2861940.0,143420.0,137650.0,149190.0,0.0,0.0,hard,32,1,10000,10000000,sync_on,hard_p32_w1_i10000_t10000000
3.58,1274.5098039215686,1274.5098039215686,1274.5098039215686,2743868.0,2743868.0,2743868.0,145420.0,145420.0,145420.0,0.0,0.0,hard,32,1,10000,10000000,sync_on,hard_p32_w1_i10000_t10000000
3.61,163.46153846153848,163.46153846153848,163.46153846153848,2720100.0,2720100.0,2720100.0,170698.0,170698.0,170698.0,0.0,0.0,hard,32,1,10000,10000000,sync_on,hard_p32_w1_i10000_t10000000
3.62,298.0769230769231,298.0769230769231,298.0769230769231,2712540.0,2712540.0,2712540.0,174362.0,174362.0,174362.0,0.0,0.0,hard,32,1,10000,10000000,sync_on,hard_p32_w1_i10000_t10000000
3.68,1152.2750125691302,1117.6470588235295,1201.923076923077,2782996.0,2742048.0,2862568.0,144153.66666666666,137715.0,149258.0,0.0,0.0,hard,32,1,10000,10000000,sync_on,hard_p32_w1_i10000_t10000000
3.71,300.97087378640776,300.97087378640776,300.97087378640776,2720504.0,2720504.0,2720504.0,170713.0,170713.0,170713.0,0.0,0.0,hard,32,1,10000,10000000,sync_on,hard_p32_w1_i10000_t10000000
3.72,346.1538461538462,346.1538461538462,346.1538461538462,2712900.0,2712900.0,2712900.0,174378.0,174378.0,174378.0,0.0,0.0,hard,32,1,10000,10000000,sync_on,hard_p32_w1_i10000_t10000000
3.78,1136.6558504589955,1098.0392156862745,1188.118811881188,2783565.3333333335,2742580.0,2863112.0,144304.0,137777.0,149324.0,0.0,0.0,hard,32,1,10000,10000000,sync_on,hard_p32_w1_i10000_t10000000
3.81,278.84615384615387,278.84615384615387,278.84615384615387,2720796.0,2720796.0,2720796.0,170729.0,170729.0,170729.0,0.0,0.0,hard,32,1,10000,10000000,sync_on,hard_p32_w1_i10000_t10000000
3.82,368.93203883495147,368.93203883495147,368.93203883495147,2713508.0,2713508.0,2713508.0,174397.0,174397.0,174397.0,0.0,0.0,hard,32,1,10000,10000000,sync_on,hard_p32_w1_i10000_t10000000
3.88,1218.9542483660132,1098.0392156862745,1303.921568627451,2784298.6666666665,2743160.0,2864016.0,143017.66666666666,137830.0,149391.0,0.0,0.0,hard,32,1,10000,10000000,sync_on,hard_p32_w1_i10000_t10000000
3.92,281.55339805825247,281.55339805825247,281.55339805825247,2721024.0,2721024.0,2721024.0,170748.0,170748.0,170748.0,0.0,0.0,hard,32,1,10000,10000000,sync_on,hard_p32_w1_i10000_t10000000
3.93,336.53846153846155,336.53846153846155,336.53846153846155,2714004.0,2714004.0,2714004.0,174407.0,174407.0,174407.0,0.0,0.0,hard,32,1,10000,10000000,sync_on,hard_p32_w1_i10000_t10000000
3.98,1151.9607843137255,1098.0392156862745,1205.8823529411766,2805556.0,2746340.0,2864772.0,139887.5,137885.0,141890.0,0.0,0.0,hard,32,1,10000,10000000,sync_on,hard_p32_w1_i10000_t10000000
3.99,1107.843137254902,1107.843137254902,1107.843137254902,2743848.0,2743848.0,2743848.0,145668.0,145668.0,145668.0,0.0,0.0,hard,32,1,10000,10000000,sync_on,hard_p32_w1_i10000_t10000000
4.02,201.92307692307693,201.92307692307693,201.92307692307693,2721172.0,2721172.0,2721172.0,170761.0,170761.0,170761.0,0.0,0.0,hard,32,1,10000,10000000,sync_on,hard_p32_w1_i10000_t10000000
4.03,291.2621359223301,291.2621359223301,291.2621359223301,2714368.0,2714368.0,2714368.0,174427.0,174427.0,174427.0,0.0,0.0,hard,32,1,10000,10000000,sync_on,hard_p32_w1_i10000_t10000000
4.08,1303.921568627451,1303.921568627451,1303.921568627451,2865460.0,2865460.0,2865460.0,137952.0,137952.0,137952.0,0.0,0.0,hard,32,1,10000,10000000,sync_on,hard_p32_w1_i10000_t10000000
4.09,1176.4705882352941,1166.6666666666667,1186.2745098039215,2745632.0,2744464.0,2746800.0,141949.0,141946.0,141952.0,0.0,0.0,hard,32,1,10000,10000000,sync_on,hard_p32_w1_i10000_t10000000
4.13,322.11538461538464,307.6923076923077,336.53846153846155,2718270.0,2714992.0,2721548.0,172612.0,170780.0,174444.0,0.0,0.0,hard,32,1,10000,10000000,sync_on,hard_p32_w1_i10000_t10000000
4.18,1225.4901960784314,1225.4901960784314,1225.4901960784314,2866260.0,2866260.0,2866260.0,138014.0,138014.0,138014.0,0.0,0.0,hard,32,1,10000,10000000,sync_on,hard_p32_w1_i10000_t10000000
4.19,1142.8848767229665,1137.2549019607843,1148.5148514851485,2746444.0,2745260.0,2747628.0,142011.0,142008.0,142014.0,0.0,0.0,hard,32,1,10000,10000000,sync_on,hard_p32_w1_i10000_t10000000
4.23,262.1359223300971,262.1359223300971,262.1359223300971,2721732.0,2721732.0,2721732.0,170794.0,170794.0,170794.0,0.0,0.0,hard,32,1,10000,10000000,sync_on,hard_p32_w1_i10000_t10000000
4.24,192.30769230769232,192.30769230769232,192.30769230769232,2715200.0,2715200.0,2715200.0,174455.0,174455.0,174455.0,0.0,0.0,hard,32,1,10000,10000000,sync_on,hard_p32_w1_i10000_t10000000
4.29,1006.5359477124184,1000.0000000000001,1009.8039215686275,2786649.3333333335,2745472.0,2866480.0,140738.0,138072.0,142073.0,0.0,0.0,hard,32,1,10000,10000000,sync_on,hard_p32_w1_i10000_t10000000
4.33,317.3076923076923,317.3076923076923,317.3076923076923,2722076.0,2722076.0,2722076.0,170811.0,170811.0,170811.0,0.0,0.0,hard,32,1,10000,10000000,sync_on,hard_p32_w1_i10000_t10000000
4.34,320.3883495145631,320.3883495145631,320.3883495145631,2715868.0,2715868.0,2715868.0,174468.0,174468.0,174468.0,0.0,0.0,hard,32,1,10000,10000000,sync_on,hard_p32_w1_i10000_t10000000
4.39,1136.6203439304525,1078.4313725490197,1194.1747572815534,2787065.3333333335,2745744.0,2867032.0,140797.0,138135.0,142133.0,0.0,0.0,hard,32,1,10000,10000000,sync_on,hard_p32_w1_i10000_t10000000
4.44,259.61538461538464,230.76923076923077,288.46153846153845,2719378.0,2716316.0,2722440.0,172655.5,170828.0,174483.0,0.0,0.0,hard,32,1,10000,10000000,sync_on,hard_p32_w1_i10000_t10000000
4.49,1156.8627450980393,1049.0196078431372,1264.7058823529412,2808248.0,2749112.0,2867384.0,140187.5,138185.0,142190.0,0.0,0.0,hard,32,1,10000,10000000,sync_on,hard_p32_w1_i10000_t10000000
4.5,1000.0,1000.0,1000.0,2746176.0,2746176.0,2746176.0,142189.0,142189.0,142189.0,0.0,0.0,hard,32,1,10000,10000000,sync_on,hard_p32_w1_i10000_t10000000
4.54,145.63106796116506,145.63106796116506,145.63106796116506,2722476.0,2722476.0,2722476.0,170836.0,170836.0,170836.0,0.0,0.0,hard,32,1,10000,10000000,sync_on,hard_p32_w1_i10000_t10000000
4.55,281.55339805825247,281.55339805825247,281.55339805825247,2716652.0,2716652.0,2716652.0,174498.0,174498.0,174498.0,0.0,0.0,hard,32,1,10000,10000000,sync_on,hard_p32_w1_i10000_t10000000
4.59,911.764705882353,911.764705882353,911.764705882353,2867912.0,2867912.0,2867912.0,138238.0,138238.0,138238.0,0.0,0.0,hard,32,1,10000,10000000,sync_on,hard_p32_w1_i10000_t10000000
4.6,975.4901960784314,960.7843137254903,990.1960784313726,2748218.0,2746580.0,2749856.0,142242.0,142238.0,142246.0,0.0,0.0,hard,32,1,10000,10000000,sync_on,hard_p32_w1_i10000_t10000000
4.64,250.0,250.0,250.0,2722716.0,2722716.0,2722716.0,170848.0,170848.0,170848.0,0.0,0.0,hard,32,1,10000,10000000,sync_on,hard_p32_w1_i10000_t10000000
4.65,201.92307692307693,201.92307692307693,201.92307692307693,2716896.0,2716896.0,2716896.0,174514.0,174514.0,174514.0,0.0,0.0,hard,32,1,10000,10000000,sync_on,hard_p32_w1_i10000_t10000000
4.7,1055.5555555555557,1000.0000000000001,1137.2549019607843,2788602.6666666665,2747108.0,2868456.0,140960.66666666666,138286.0,142298.0,0.0,0.0,hard,32,1,10000,10000000,sync_on,hard_p32_w1_i10000_t10000000
4.75,202.76325616131442,174.75728155339806,230.76923076923077,2720048.0,2717280.0,2722816.0,172829.0,170866.0,174792.0,0.0,0.0,hard,32,1,10000,10000000,sync_on,hard_p32_w1_i10000_t10000000
4.8,1136.3881297632026,1068.6274509803923,1201.923076923077,2789081.3333333335,2747536.0,2868828.0,141020.0,138343.0,142362.0,0.0,0.0,hard,32,1,10000,10000000,sync_on,hard_p32_w1_i10000_t10000000
4.85,336.53846153846155,336.53846153846155,336.53846153846155,2723232.0,2723232.0,2723232.0,170886.0,170886.0,170886.0,0.0,0.0,hard,32,1,10000,10000000,sync_on,hard_p32_w1_i10000_t10000000
4.86,0.0,0.0,0.0,2717280.0,2717280.0,2717280.0,174792.0,174792.0,174792.0,0.0,0.0,hard,32,1,10000,10000000,sync_on,hard_p32_w1_i10000_t10000000
4.9,1182.8262209430538,1158.4158415841584,1213.5922330097087,2789601.3333333335,2748068.0,2869348.0,139816.66666666666,134621.0,142416.0,0.0,0.0,hard,32,1,10000,10000000,sync_on,hard_p32_w1_i10000_t10000000
4.96,302.88461538461536,192.30769230769232,413.46153846153845,2720914.0,2717932.0,2723896.0,172854.5,170902.0,174807.0,0.0,0.0,hard,32,1,10000,10000000,sync_on,hard_p32_w1_i10000_t10000000
5.0,1009.8039215686275,1009.8039215686275,1009.8039215686275,2869624.0,2869624.0,2869624.0,134673.0,134673.0,134673.0,0.0,0.0,hard,32,1,10000,10000000,sync_on,hard_p32_w1_i10000_t10000000
5.01,1039.2156862745098,1019.6078431372549,1058.8235294117649,2750212.0,2748612.0,2751812.0,142474.0,142474.0,142474.0,0.0,0.0,hard,32,1,10000,10000000,sync_on,hard_p32_w1_i10000_t10000000
5.06,213.59223300970876,213.59223300970876,213.59223300970876,2724096.0,2724096.0,2724096.0,170910.0,170910.0,170910.0,0.0,0.0,hard,32,1,10000,10000000,sync_on,hard_p32_w1_i10000_t10000000
5.07,240.3846153846154,240.3846153846154,240.3846153846154,2718216.0,2718216.0,2718216.0,170782.0,170782.0,170782.0,0.0,0.0,hard,32,1,10000,10000000,sync_on,hard_p32_w1_i10000_t10000000
5.1,1165.0485436893205,1165.0485436893205,1165.0485436893205,2870148.0,2870148.0,2870148.0,134740.0,134740.0,134740.0,0.0,0.0,hard,32,1,10000,10000000,sync_on,hard_p32_w1_i10000_t10000000
5.11,1087.1983408748115,1068.6274509803923,1105.7692307692307,2750602.0,2749080.0,2752124.0,142537.5,142536.0,142539.0,0.0,0.0,hard,32,1,10000,10000000,sync_on,hard_p32_w1_i10000_t10000000
5.16,250.0,250.0,250.0,2724592.0,2724592.0,2724592.0,171189.0,171189.0,171189.0,0.0,0.0,hard,32,1,10000,10000000,sync_on,hard_p32_w1_i10000_t10000000
5.17,252.42718446601944,252.42718446601944,252.42718446601944,2718616.0,2718616.0,2718616.0,170801.0,170801.0,170801.0,0.0,0.0,hard,32,1,10000,10000000,sync_on,hard_p32_w1_i10000_t10000000
5.21,1055.9761858538795,1009.8039215686275,1128.7128712871286,2790910.6666666665,2749712.0,2870400.0,139996.0,134801.0,142596.0,0.0,0.0,hard,32,1,10000,10000000,sync_on,hard_p32_w1_i10000_t10000000
5.27,168.26923076923077,0.0,336.53846153846155,2721832.0,2719072.0,2724592.0,171002.5,170816.0,171189.0,0.0,0.0,hard,32,1,10000,10000000,sync_on,hard_p32_w1_i10000_t10000000
5.31,1258.169934640523,1205.8823529411766,1362.7450980392157,2791422.6666666665,2750232.0,2870984.0,140061.66666666666,134865.0,142661.0,0.0,0.0,hard,32,1,10000,10000000,sync_on,hard_p32_w1_i10000_t10000000
5.37,125.0,125.0,125.0,2724708.0,2724708.0,2724708.0,171196.0,171196.0,171196.0,0.0,0.0,hard,32,1,10000,10000000,sync_on,hard_p32_w1_i10000_t10000000
5.38,291.2621359223301,291.2621359223301,291.2621359223301,2719292.0,2719292.0,2719292.0,170832.0,170832.0,170832.0,0.0,0.0,hard,32,1,10000,10000000,sync_on,hard_p32_w1_i10000_t10000000
5.41,1217.8217821782177,1207.9207920792078,1227.7227722772277,2812582.0,2753504.0,2871660.0,138822.0,134926.0,142718.0,0.0,0.0,hard,32,1,10000,10000000,sync_on,hard_p32_w1_i10000_t10000000
5.42,1284.3137254901962,1284.3137254901962,1284.3137254901962,2750876.0,2750876.0,2750876.0,142722.0,142722.0,142722.0,0.0,0.0,hard,32,1,10000,10000000,sync_on,hard_p32_w1_i10000_t10000000
5.47,317.3076923076923,317.3076923076923,317.3076923076923,2725172.0,2725172.0,2725172.0,167170.0,167170.0,167170.0,0.0,0.0,hard,32,1,10000,10000000,sync_on,hard_p32_w1_i10000_t10000000
5.48,240.3846153846154,240.3846153846154,240.3846153846154,2719576.0,2719576.0,2719576.0,170846.0,170846.0,170846.0,0.0,0.0,hard,32,1,10000,10000000,sync_on,hard_p32_w1_i10000_t10000000
5.51,1116.980772891681,1098.0392156862745,1135.9223300970875,2813024.0,2753972.0,2872076.0,139015.0,135251.0,142779.0,0.0,0.0,hard,32,1,10000,10000000,sync_on,hard_p32_w1_i10000_t10000000
5.52,1088.235294117647,1088.235294117647,1088.235294117647,2751332.0,2751332.0,2751332.0,142784.0,142784.0,142784.0,0.0,0.0,hard,32,1,10000,10000000,sync_on,hard_p32_w1_i10000_t10000000
5.58,246.7326362957431,173.0769230769231,320.3883495145631,2722782.0,2719848.0,2725716.0,169017.5,167182.0,170853.0,0.0,0.0,hard,32,1,10000,10000000,sync_on,hard_p32_w1_i10000_t10000000
5.61,1088.235294117647,1088.235294117647,1088.235294117647,2872604.0,2872604.0,2872604.0,131266.0,131266.0,131266.0,0.0,0.0,hard,32,1,10000,10000000,sync_on,hard_p32_w1_i10000_t10000000
5.62,1078.4313725490197,1029.4117647058824,1127.450980392157,2753018.0,2751556.0,2754480.0,142835.0,142832.0,142838.0,0.0,0.0,hard,32,1,10000,10000000,sync_on,hard_p32_w1_i10000_t10000000
5.68,240.3846153846154,240.3846153846154,240.3846153846154,2726128.0,2726128.0,2726128.0,167198.0,167198.0,167198.0,0.0,0.0,hard,32,1,10000,10000000,sync_on,hard_p32_w1_i10000_t10000000
5.69,48.54368932038835,48.54368932038835,48.54368932038835,2719860.0,2719860.0,2719860.0,170856.0,170856.0,170856.0,0.0,0.0,hard,32,1,10000,10000000,sync_on,hard_p32_w1_i10000_t10000000
5.72,1081.6993464052287,1019.6078431372549,1127.450980392157,2793197.3333333335,2751988.0,2872764.0,139040.33333333334,131332.0,142896.0,0.0,0.0,hard,32,1,10000,10000000,sync_on,hard_p32_w1_i10000_t10000000
5.79,283.6538461538462,278.84615384615387,288.46153846153845,2723244.0,2720220.0,2726268.0,169038.5,167208.0,170869.0,0.0,0.0,hard,32,1,10000,10000000,sync_on,hard_p32_w1_i10000_t10000000
5.82,1150.020827325451,1097.0873786407767,1178.2178217821781,2793532.0,2752272.0,2873064.0,139102.0,131388.0,142963.0,0.0,0.0,hard,32,1,10000,10000000,sync_on,hard_p32_w1_i10000_t10000000
5.89,213.59223300970876,145.63106796116506,281.55339805825247,2723466.0,2720468.0,2726464.0,169186.5,167484.0,170889.0,0.0,0.0,hard,32,1,10000,10000000,sync_on,hard_p32_w1_i10000_t10000000
5.92,1073.5294117647059,1039.2156862745098,1107.843137254902,2814454.0,2755612.0,2873296.0,137227.0,131444.0,143010.0,0.0,0.0,hard,32,1,10000,10000000,sync_on,hard_p32_w1_i10000_t10000000
5.93,1125.0,1125.0,1125.0,2752708.0,2752708.0,2752708.0,143022.0,143022.0,143022.0,0.0,0.0,hard,32,1,10000,10000000,sync_on,hard_p32_w1_i10000_t10000000
5.99,76.92307692307692,76.92307692307692,76.92307692307692,2726496.0,2726496.0,2726496.0,167490.0,167490.0,167490.0,0.0,0.0,hard,32,1,10000,10000000,sync_on,hard_p32_w1_i10000_t10000000
6.0,240.3846153846154,240.3846153846154,240.3846153846154,2720636.0,2720636.0,2720636.0,170905.0,170905.0,170905.0,0.0,0.0,hard,32,1,10000,10000000,sync_on,hard_p32_w1_i10000_t10000000
6.02,1068.6274509803923,1068.6274509803923,1068.6274509803923,2873524.0,2873524.0,2873524.0,131501.0,131501.0,131501.0,0.0,0.0,hard,32,1,10000,10000000,sync_on,hard_p32_w1_i10000_t10000000
6.03,1039.2156862745098,1000.0000000000001,1078.4313725490197,2754596.0,2753144.0,2756048.0,143073.5,143069.0,143078.0,0.0,0.0,hard,32,1,10000,10000000,sync_on,hard_p32_w1_i10000_t10000000
6.09,155.33980582524273,155.33980582524273,155.33980582524273,2726680.0,2726680.0,2726680.0,167494.0,167494.0,167494.0,0.0,0.0,hard,32,1,10000,10000000,sync_on,hard_p32_w1_i10000_t10000000
6.1,336.53846153846155,336.53846153846155,336.53846153846155,2721220.0,2721220.0,2721220.0,170919.0,170919.0,170919.0,0.0,0.0,hard,32,1,10000,10000000,sync_on,hard_p32_w1_i10000_t10000000
6.12,1049.0196078431372,1049.0196078431372,1049.0196078431372,2873732.0,2873732.0,2873732.0,131558.0,131558.0,131558.0,1.0,0.0,hard,32,1,10000,10000000,sync_on,hard_p32_w1_i10000_t10000000
6.13,1073.5294117647059,1068.6274509803923,1078.4313725490197,2755048.0,2753632.0,2756464.0,143132.5,143125.0,143140.0,0.0,0.0,hard,32,1,10000,10000000,sync_on,hard_p32_w1_i10000_t10000000
6.2,250.0,250.0,250.0,2726912.0,2726912.0,2726912.0,163464.0,163464.0,163464.0,0.0,0.0,hard,32,1,10000,10000000,sync_on,hard_p32_w1_i10000_t10000000
6.21,213.59223300970876,213.59223300970876,213.59223300970876,2721444.0,2721444.0,2721444.0,170932.0,170932.0,170932.0,0.0,0.0,hard,32,1,10000,10000000,sync_on,hard_p32_w1_i10000_t10000000
6.23,1163.3663366336632,1108.9108910891089,1217.8217821782177,2815630.0,2756944.0,2874316.0,139076.5,133694.0,144459.0,0.0,0.5,hard,32,1,10000,10000000,sync_on,hard_p32_w1_i10000_t10000000
6.24,1028.301886792453,1028.301886792453,1028.301886792453,2754132.0,2754132.0,2754132.0,145264.0,145264.0,145264.0,0.0,0.0,hard,32,1,10000,10000000,sync_on,hard_p32_w1_i10000_t10000000
6.3,288.46153846153845,288.46153846153845,288.46153846153845,2727108.0,2727108.0,2727108.0,163484.0,163484.0,163484.0,0.0,0.0,hard,32,1,10000,10000000,sync_on,hard_p32_w1_i10000_t10000000
6.31,298.0769230769231,298.0769230769231,298.0769230769231,2721840.0,2721840.0,2721840.0,170948.0,170948.0,170948.0,0.0,0.0,hard,32,1,10000,10000000,sync_on,hard_p32_w1_i10000_t10000000
6.33,543.6893203883495,543.6893203883495,543.6893203883495,2757296.0,2757296.0,2757296.0,145440.0,145440.0,145440.0,0.0,0.0,hard,32,1,10000,10000000,sync_on,hard_p32_w1_i10000_t10000000
6.34,764.7058823529412,764.7058823529412,764.7058823529412,2754260.0,2754260.0,2754260.0,146596.0,146596.0,146596.0,0.0,0.0,hard,32,1,10000,10000000,sync_on,hard_p32_w1_i10000_t10000000
6.37,608.1081081081081,608.1081081081081,608.1081081081081,2874948.0,2874948.0,2874948.0,135816.0,135816.0,135816.0,0.0,1.0,hard,32,1,10000,10000000,sync_on,hard_p32_w1_i10000_t10000000
6.41,264.4230769230769,230.76923076923077,298.0769230769231,2724874.0,2722176.0,2727572.0,167227.0,163496.0,170958.0,0.0,0.0,hard,32,1,10000,10000000,sync_on,hard_p32_w1_i10000_t10000000
6.43,1087.378640776699,1087.378640776699,1087.378640776699,2757660.0,2757660.0,2757660.0,147412.0,147412.0,147412.0,0.0,0.0,hard,32,1,10000,10000000,sync_on,hard_p32_w1_i10000_t10000000
6.44,725.4901960784314,725.4901960784314,725.4901960784314,2754640.0,2754640.0,2754640.0,147741.0,147741.0,147741.0,0.0,0.0,hard,32,1,10000,10000000,sync_on,hard_p32_w1_i10000_t10000000
6.48,578.4313725490197,578.4313725490197,578.4313725490197,2875108.0,2875108.0,2875108.0,137206.0,137206.0,137206.0,0.0,1.0,hard,32,1,10000,10000000,sync_on,hard_p32_w1_i10000_t10000000
6.51,300.97087378640776,300.97087378640776,300.97087378640776,2727988.0,2727988.0,2727988.0,163511.0,163511.0,163511.0,0.0,0.0,hard,32,1,10000,10000000,sync_on,hard_p32_w1_i10000_t10000000
6.52,213.59223300970876,213.59223300970876,213.59223300970876,2722476.0,2722476.0,2722476.0,170971.0,170971.0,170971.0,0.0,0.0,hard,32,1,10000,10000000,sync_on,hard_p32_w1_i10000_t10000000
6.54,799.4909502262444,647.0588235294118,951.923076923077,2756438.0,2754988.0,2757888.0,149011.5,148481.0,149542.0,0.0,0.0,hard,32,1,10000,10000000,sync_on,hard_p32_w1_i10000_t10000000
6.58,390.4761904761905,390.4761904761905,390.4761904761905,2875256.0,2875256.0,2875256.0,138254.0,138254.0,138254.0,0.0,1.0,hard,32,1,10000,10000000,sync_on,hard_p32_w1_i10000_t10000000
6.61,288.46153846153845,288.46153846153845,288.46153846153845,2728412.0,2728412.0,2728412.0,163528.0,163528.0,163528.0,0.0,0.0,hard,32,1,10000,10000000,sync_on,hard_p32_w1_i10000_t10000000
6.62,230.76923076923077,230.76923076923077,230.76923076923077,2722800.0,2722800.0,2722800.0,170985.0,170985.0,170985.0,0.0,0.0,hard,32,1,10000,10000000,sync_on,hard_p32_w1_i10000_t10000000
6.64,596.3405164045816,539.2156862745098,653.4653465346535,2756812.0,2755456.0,2758168.0,150251.5,149540.0,150963.0,0.0,0.0,hard,32,1,10000,10000000,sync_on,hard_p32_w1_i10000_t10000000
6.68,807.6923076923077,807.6923076923077,807.6923076923077,2875620.0,2875620.0,2875620.0,139866.0,139866.0,139866.0,0.0,1.0,hard,32,1,10000,10000000,sync_on,hard_p32_w1_i10000_t10000000
6.72,278.84615384615387,278.84615384615387,278.84615384615387,2726110.0,2723240.0,2728980.0,167269.0,163537.0,171001.0,0.0,0.0,hard,32,1,10000,10000000,sync_on,hard_p32_w1_i10000_t10000000
6.74,0.0,0.0,0.0,2758168.0,2758168.0,2758168.0,149540.0,149540.0,149540.0,0.0,0.0,hard,32,1,10000,10000000,sync_on,hard_p32_w1_i10000_t10000000
6.75,601.9417475728155,601.9417475728155,601.9417475728155,2755872.0,2755872.0,2755872.0,151993.0,151993.0,151993.0,0.0,0.0,hard,32,1,10000,10000000,sync_on,hard_p32_w1_i10000_t10000000
6.79,805.8252427184467,805.8252427184467,805.8252427184467,2870928.0,2870928.0,2870928.0,128008.0,128008.0,128008.0,0.0,1.0,hard,32,1,10000,10000000,sync_on,hard_p32_w1_i10000_t10000000
6.82,330.0970873786408,330.0970873786408,330.0970873786408,2729736.0,2729736.0,2729736.0,163562.0,163562.0,163562.0,0.0,0.0,hard,32,1,10000,10000000,sync_on,hard_p32_w1_i10000_t10000000
6.83,223.3009708737864,223.3009708737864,223.3009708737864,2723464.0,2723464.0,2723464.0,171014.0,171014.0,171014.0,0.0,0.0,hard,32,1,10000,10000000,sync_on,hard_p32_w1_i10000_t10000000
6.85,450.98039215686276,0.0,901.9607843137255,2753940.0,2749712.0,2758168.0,146477.0,143414.0,149540.0,0.0,0.0,hard,32,1,10000,10000000,sync_on,hard_p32_w1_i10000_t10000000
6.89,1009.6153846153846,1009.6153846153846,1009.6153846153846,2873512.0,2873512.0,2873512.0,128070.0,128070.0,128070.0,0.0,1.0,hard,32,1,10000,10000000,sync_on,hard_p32_w1_i10000_t10000000
6.92,221.15384615384616,221.15384615384616,221.15384615384616,2729916.0,2729916.0,2729916.0,163569.0,163569.0,163569.0,0.0,0.0,hard,32,1,10000,10000000,sync_on,hard_p32_w1_i10000_t10000000
6.93,230.76923076923077,230.76923076923077,230.76923076923077,2723876.0,2723876.0,2723876.0,171029.0,171029.0,171029.0,0.0,0.0,hard,32,1,10000,10000000,sync_on,hard_p32_w1_i10000_t10000000
6.95,602.9411764705883,0.0,1205.8823529411766,2755866.0,2753564.0,2758168.0,146506.0,143472.0,149540.0,0.0,0.0,hard,32,1,10000,10000000,sync_on,hard_p32_w1_i10000_t10000000
7.0,1135.9223300970875,1135.9223300970875,1135.9223300970875,2875456.0,2875456.0,2875456.0,128136.0,128136.0,128136.0,0.0,1.0,hard,32,1,10000,10000000,sync_on,hard_p32_w1_i10000_t10000000
7.03,333.36445108289774,326.92307692307696,339.80582524271847,2727096.0,2724000.0,2730192.0,167317.5,163592.0,171043.0,0.0,0.0,hard,32,1,10000,10000000,sync_on,hard_p32_w1_i10000_t10000000
7.05,563.1067961165049,0.0,1126.2135922330099,2756636.0,2755104.0,2758168.0,146536.5,143533.0,149540.0,0.0,0.0,hard,32,1,10000,10000000,sync_on,hard_p32_w1_i10000_t10000000
7.1,980.3921568627452,980.3921568627452,980.3921568627452,2875932.0,2875932.0,2875932.0,128184.0,128184.0,128184.0,0.0,1.0,hard,32,1,10000,10000000,sync_on,hard_p32_w1_i10000_t10000000
7.13,281.55339805825247,281.55339805825247,281.55339805825247,2730652.0,2730652.0,2730652.0,163866.0,163866.0,163866.0,0.0,0.0,hard,32,1,10000,10000000,sync_on,hard_p32_w1_i10000_t10000000
7.14,259.61538461538464,259.61538461538464,259.61538461538464,2724564.0,2724564.0,2724564.0,171323.0,171323.0,171323.0,0.0,0.0,hard,32,1,10000,10000000,sync_on,hard_p32_w1_i10000_t10000000
7.16,558.2579185520362,57.69230769230769,1058.8235294117649,2757228.0,2756272.0,2758184.0,146567.5,143587.0,149548.0,0.0,0.0,hard,32,1,10000,10000000,sync_on,hard_p32_w1_i10000_t10000000
7.2,1047.6190476190477,1047.6190476190477,1047.6190476190477,2876596.0,2876596.0,2876596.0,128239.0,128239.0,128239.0,0.0,0.0,hard,32,1,10000,10000000,sync_on,hard_p32_w1_i10000_t10000000
7.24,57.69230769230769,28.846153846153847,86.53846153846155,2727626.0,2724588.0,2730664.0,167594.5,163866.0,171323.0,0.0,0.0,hard,32,1,10000,10000000,sync_on,hard_p32_w1_i10000_t10000000
7.26,699.9809632590901,203.8834951456311,1196.0784313725492,2757652.0,2757004.0,2758300.0,147406.5,143647.0,151166.0,0.0,0.0,hard,32,1,10000,10000000,sync_on,hard_p32_w1_i10000_t10000000
7.3,1196.0784313725492,1196.0784313725492,1196.0784313725492,2877128.0,2877128.0,2877128.0,128299.0,128299.0,128299.0,0.0,0.0,hard,32,1,10000,10000000,sync_on,hard_p32_w1_i10000_t10000000
7.34,135.54891710231516,76.92307692307692,194.1747572815534,2727798.0,2724848.0,2730748.0,167602.5,163870.0,171335.0,0.0,0.0,hard,32,1,10000,10000000,sync_on,hard_p32_w1_i10000_t10000000
7.36,548.5436893203884,9.708737864077671,1087.378640776699,2758094.0,2757844.0,2758344.0,147664.5,143701.0,151628.0,0.0,0.0,hard,32,1,10000,10000000,sync_on,hard_p32_w1_i10000_t10000000
7.41,1098.0392156862745,1098.0392156862745,1098.0392156862745,2877596.0,2877596.0,2877596.0,128361.0,128361.0,128361.0,0.0,0.0,hard,32,1,10000,10000000,sync_on,hard_p32_w1_i10000_t10000000
7.44,233.0097087378641,233.0097087378641,233.0097087378641,2730960.0,2730960.0,2730960.0,159845.0,159845.0,159845.0,0.0,0.0,hard,32,1,10000,10000000,sync_on,hard_p32_w1_i10000_t10000000
7.45,221.15384615384616,221.15384615384616,221.15384615384616,2725040.0,2725040.0,2725040.0,167302.0,167302.0,167302.0,0.0,0.0,hard,32,1,10000,10000000,sync_on,hard_p32_w1_i10000_t10000000
7.47,610.5769230769231,0.0,1221.1538461538462,2758350.0,2758344.0,2758356.0,147698.5,143769.0,151628.0,0.0,0.0,hard,32,1,10000,10000000,sync_on,hard_p32_w1_i10000_t10000000
7.51,1264.7058823529412,1264.7058823529412,1264.7058823529412,2878176.0,2878176.0,2878176.0,128420.0,128420.0,128420.0,0.0,0.0,hard,32,1,10000,10000000,sync_on,hard_p32_w1_i10000_t10000000
7.55,227.64189693801345,105.76923076923077,349.5145631067961,2728274.0,2725560.0,2730988.0,163590.5,159858.0,167323.0,0.0,0.0,hard,32,1,10000,10000000,sync_on,hard_p32_w1_i10000_t10000000
7.57,616.5048543689321,0.0,1233.0097087378642,2758584.0,2758344.0,2758824.0,147729.5,143831.0,151628.0,0.0,0.0,hard,32,1,10000,10000000,sync_on,hard_p32_w1_i10000_t10000000
7.61,1019.4174757281554,1019.4174757281554,1019.4174757281554,2878524.0,2878524.0,2878524.0,128480.0,128480.0,128480.0,0.0,0.0,hard,32,1,10000,10000000,sync_on,hard_p32_w1_i10000_t10000000
7.65,230.76923076923077,230.76923076923077,230.76923076923077,2731200.0,2731200.0,2731200.0,159867.0,159867.0,159867.0,0.0,0.0,hard,32,1,10000,10000000,sync_on,hard_p32_w1_i10000_t10000000
7.66,365.3846153846154,365.3846153846154,365.3846153846154,2726012.0,2726012.0,2726012.0,167340.0,167340.0,167340.0,0.0,0.0,hard,32,1,10000,10000000,sync_on,hard_p32_w1_i10000_t10000000
7.67,514.7058823529412,0.0,1029.4117647058824,2758726.0,2758344.0,2759108.0,147757.5,143887.0,151628.0,0.0,0.0,hard,32,1,10000,10000000,sync_on,hard_p32_w1_i10000_t10000000
7.71,1186.2745098039215,1186.2745098039215,1186.2745098039215,2878948.0,2878948.0,2878948.0,128537.0,128537.0,128537.0,0.0,0.0,hard,32,1,10000,10000000,sync_on,hard_p32_w1_i10000_t10000000
7.75,310.67961165048547,310.67961165048547,310.67961165048547,2731432.0,2731432.0,2731432.0,159888.0,159888.0,159888.0,0.0,0.0,hard,32,1,10000,10000000,sync_on,hard_p32_w1_i10000_t10000000
7.76,278.84615384615387,278.84615384615387,278.84615384615387,2726348.0,2726348.0,2726348.0,167355.0,167355.0,167355.0,0.0,0.0,hard,32,1,10000,10000000,sync_on,hard_p32_w1_i10000_t10000000
7.77,1058.8235294117649,1058.8235294117649,1058.8235294117649,2759372.0,2759372.0,2759372.0,143951.0,143951.0,143951.0,0.0,0.0,hard,32,1,10000,10000000,sync_on,hard_p32_w1_i10000_t10000000
7.78,0.0,0.0,0.0,2758344.0,2758344.0,2758344.0,151628.0,151628.0,151628.0,0.0,0.0,hard,32,1,10000,10000000,sync_on,hard_p32_w1_i10000_t10000000
7.81,1178.2178217821781,1178.2178217821781,1178.2178217821781,2879276.0,2879276.0,2879276.0,128597.0,128597.0,128597.0,0.0,0.0,hard,32,1,10000,10000000,sync_on,hard_p32_w1_i10000_t10000000
7.86,264.4230769230769,192.30769230769232,336.53846153846155,2729186.0,2726624.0,2731748.0,163634.0,159901.0,167367.0,0.0,0.0,hard,32,1,10000,10000000,sync_on,hard_p32_w1_i10000_t10000000
7.88,514.7058823529412,0.0,1029.4117647058824,2759074.0,2758344.0,2759804.0,145931.0,140234.0,151628.0,0.0,0.0,hard,32,1,10000,10000000,sync_on,hard_p32_w1_i10000_t10000000
7.92,1049.0196078431372,1049.0196078431372,1049.0196078431372,2879588.0,2879588.0,2879588.0,128647.0,128647.0,128647.0,0.0,0.0,hard,32,1,10000,10000000,sync_on,hard_p32_w1_i10000_t10000000
7.96,355.7692307692308,355.7692307692308,355.7692307692308,2732344.0,2732344.0,2732344.0,160186.0,160186.0,160186.0,0.0,0.0,hard,32,1,10000,10000000,sync_on,hard_p32_w1_i10000_t10000000
7.97,194.1747572815534,194.1747572815534,194.1747572815534,2727064.0,2727064.0,2727064.0,167378.0,167378.0,167378.0,0.0,0.0,hard,32,1,10000,10000000,sync_on,hard_p32_w1_i10000_t10000000
7.98,1165.0485436893205,1165.0485436893205,1165.0485436893205,2760028.0,2760028.0,2760028.0,140301.0,140301.0,140301.0,0.0,0.0,hard,32,1,10000,10000000,sync_on,hard_p32_w1_i10000_t10000000
7.99,0.0,0.0,0.0,2758344.0,2758344.0,2758344.0,151628.0,151628.0,151628.0,0.0,0.0,hard,32,1,10000,10000000,sync_on,hard_p32_w1_i10000_t10000000
8.02,1068.6274509803923,1068.6274509803923,1068.6274509803923,2879884.0,2879884.0,2879884.0,128712.0,128712.0,128712.0,0.0,0.0,hard,32,1,10000,10000000,sync_on,hard_p32_w1_i10000_t10000000
8.06,106.79611650485438,106.79611650485438,106.79611650485438,2732584.0,2732584.0,2732584.0,160193.0,160193.0,160193.0,0.0,0.0,hard,32,1,10000,10000000,sync_on,hard_p32_w1_i10000_t10000000
8.07,221.15384615384616,221.15384615384616,221.15384615384616,2727404.0,2727404.0,2727404.0,167394.0,167394.0,167394.0,0.0,0.0,hard,32,1,10000,10000000,sync_on,hard_p32_w1_i10000_t10000000
8.08,1254.9019607843138,1254.9019607843138,1254.9019607843138,2760276.0,2760276.0,2760276.0,140358.0,140358.0,140358.0,0.0,0.0,hard,32,1,10000,10000000,sync_on,hard_p32_w1_i10000_t10000000
8.09,0.0,0.0,0.0,2758344.0,2758344.0,2758344.0,151628.0,151628.0,151628.0,0.0,0.0,hard,32,1,10000,10000000,sync_on,hard_p32_w1_i10000_t10000000
8.12,1215.686274509804,1215.686274509804,1215.686274509804,2880188.0,2880188.0,2880188.0,128773.0,128773.0,128773.0,0.0,0.0,hard,32,1,10000,10000000,sync_on,hard_p32_w1_i10000_t10000000
8.17,38.46153846153846,38.46153846153846,38.46153846153846,2732584.0,2732584.0,2732584.0,160194.0,160194.0,160194.0,0.0,0.0,hard,32,1,10000,10000000,sync_on,hard_p32_w1_i10000_t10000000
8.18,692.3076923076924,288.46153846153845,1096.1538461538462,2744086.0,2727668.0,2760504.0,154041.5,140679.0,167404.0,0.0,0.0,hard,32,1,10000,10000000,sync_on,hard_p32_w1_i10000_t10000000
8.19,0.0,0.0,0.0,2758344.0,2758344.0,2758344.0,151628.0,151628.0,151628.0,0.0,0.0,hard,32,1,10000,10000000,sync_on,hard_p32_w1_i10000_t10000000
8.22,1058.8235294117649,1058.8235294117649,1058.8235294117649,2880376.0,2880376.0,2880376.0,128833.0,128833.0,128833.0,0.0,0.0,hard,32,1,10000,10000000,sync_on,hard_p32_w1_i10000_t10000000
8.27,163.46153846153848,163.46153846153848,163.46153846153848,2732848.0,2732848.0,2732848.0,156164.0,156164.0,156164.0,0.0,0.0,hard,32,1,10000,10000000,sync_on,hard_p32_w1_i10000_t10000000
8.28,135.92233009708738,135.92233009708738,135.92233009708738,2727912.0,2727912.0,2727912.0,167680.0,167680.0,167680.0,0.0,0.0,hard,32,1,10000,10000000,sync_on,hard_p32_w1_i10000_t10000000
8.29,568.6274509803922,0.0,1137.2549019607843,2759610.0,2758344.0,2760876.0,144298.5,136969.0,151628.0,0.0,0.0,hard,32,1,10000,10000000,sync_on,hard_p32_w1_i10000_t10000000
8.32,1098.0392156862745,1098.0392156862745,1098.0392156862745,2880580.0,2880580.0,2880580.0,128898.0,128898.0,128898.0,0.0,0.0,hard,32,1,10000,10000000,sync_on,hard_p32_w1_i10000_t10000000
8.38,217.97983569828233,96.15384615384616,339.80582524271847,2730626.0,2727996.0,2733256.0,161932.0,156182.0,167682.0,0.0,0.0,hard,32,1,10000,10000000,sync_on,hard_p32_w1_i10000_t10000000
8.39,1205.8823529411766,1205.8823529411766,1205.8823529411766,2761236.0,2761236.0,2761236.0,132990.0,132990.0,132990.0,0.0,0.0,hard,32,1,10000,10000000,sync_on,hard_p32_w1_i10000_t10000000
8.4,125.0,125.0,125.0,2758352.0,2758352.0,2758352.0,152369.0,152369.0,152369.0,0.0,0.0,hard,32,1,10000,10000000,sync_on,hard_p32_w1_i10000_t10000000
8.43,1215.686274509804,1215.686274509804,1215.686274509804,2880936.0,2880936.0,2880936.0,128956.0,128956.0,128956.0,0.0,0.0,hard,32,1,10000,10000000,sync_on,hard_p32_w1_i10000_t10000000
8.48,182.6923076923077,182.6923076923077,182.6923076923077,2733296.0,2733296.0,2733296.0,156195.0,156195.0,156195.0,0.0,0.0,hard,32,1,10000,10000000,sync_on,hard_p32_w1_i10000_t10000000
8.49,747.5490196078432,250.0,1245.0980392156864,2744894.0,2728272.0,2761516.0,148485.5,133050.0,163921.0,0.0,0.0,hard,32,1,10000,10000000,sync_on,hard_p32_w1_i10000_t10000000
8.5,38.46153846153846,38.46153846153846,38.46153846153846,2758352.0,2758352.0,2758352.0,152369.0,152369.0,152369.0,0.0,0.0,hard,32,1,10000,10000000,sync_on,hard_p32_w1_i10000_t10000000
8.53,1099.009900990099,1099.009900990099,1099.009900990099,2881252.0,2881252.0,2881252.0,129016.0,129016.0,129016.0,0.0,0.0,hard,32,1,10000,10000000,sync_on,hard_p32_w1_i10000_t10000000
8.58,240.3846153846154,240.3846153846154,240.3846153846154,2733504.0,2733504.0,2733504.0,156207.0,156207.0,156207.0,0.0,0.0,hard,32,1,10000,10000000,sync_on,hard_p32_w1_i10000_t10000000
8.59,627.4509803921569,0.0,1254.9019607843138,2745048.0,2728272.0,2761824.0,148516.0,133111.0,163921.0,0.0,0.0,hard,32,1,10000,10000000,sync_on,hard_p32_w1_i10000_t10000000
8.61,0.0,0.0,0.0,2758352.0,2758352.0,2758352.0,152369.0,152369.0,152369.0,0.0,0.0,hard,32,1,10000,10000000,sync_on,hard_p32_w1_i10000_t10000000
8.63,1196.0784313725492,1196.0784313725492,1196.0784313725492,2881500.0,2881500.0,2881500.0,129080.0,129080.0,129080.0,0.0,0.0,hard,32,1,10000,10000000,sync_on,hard_p32_w1_i10000_t10000000
8.69,482.0517701728439,153.84615384615384,1107.843137254902,2741389.3333333335,2728416.0,2762012.0,151110.0,133179.0,163932.0,0.0,0.0,hard,32,1,10000,10000000,sync_on,hard_p32_w1_i10000_t10000000
8.71,0.0,0.0,0.0,2758352.0,2758352.0,2758352.0,152369.0,152369.0,152369.0,0.0,0.0,hard,32,1,10000,10000000,sync_on,hard_p32_w1_i10000_t10000000
8.73,1240.3846153846155,1240.3846153846155,1240.3846153846155,2881804.0,2881804.0,2881804.0,129144.0,129144.0,129144.0,0.0,0.0,hard,32,1,10000,10000000,sync_on,hard_p32_w1_i10000_t10000000
8.79,288.46153846153845,288.46153846153845,288.46153846153845,2734216.0,2734216.0,2734216.0,156237.0,156237.0,156237.0,0.0,1.0,hard,32,1,10000,10000000,sync_on,hard_p32_w1_i10000_t10000000
8.8,812.5,326.92307692307696,1298.076923076923,2745628.0,2728960.0,2762296.0,146573.5,133246.0,159901.0,0.0,0.0,hard,32,1,10000,10000000,sync_on,hard_p32_w1_i10000_t10000000
8.81,48.07692307692308,48.07692307692308,48.07692307692308,2758424.0,2758424.0,2758424.0,152376.0,152376.0,152376.0,0.0,0.0,hard,32,1,10000,10000000,sync_on,hard_p32_w1_i10000_t10000000
8.84,1259.6153846153848,1259.6153846153848,1259.6153846153848,2882236.0,2882236.0,2882236.0,129207.0,129207.0,129207.0,0.0,0.0,hard,32,1,10000,10000000,sync_on,hard_p32_w1_i10000_t10000000
8.89,278.84615384615387,278.84615384615387,278.84615384615387,2734492.0,2734492.0,2734492.0,156247.0,156247.0,156247.0,0.0,0.0,hard,32,1,10000,10000000,sync_on,hard_p32_w1_i10000_t10000000
8.9,646.6884552532923,184.46601941747574,1108.9108910891089,2745928.0,2729160.0,2762696.0,146609.0,133304.0,159914.0,0.5,0.0,hard,32,1,10000,10000000,sync_on,hard_p32_w1_i10000_t10000000
8.92,203.8834951456311,203.8834951456311,203.8834951456311,2750028.0,2750028.0,2750028.0,143325.0,143325.0,143325.0,1.0,0.0,hard,32,1,10000,10000000,sync_on,hard_p32_w1_i10000_t10000000
8.94,1107.843137254902,1107.843137254902,1107.843137254902,2882624.0,2882624.0,2882624.0,125487.0,125487.0,125487.0,0.0,0.0,hard,32,1,10000,10000000,sync_on,hard_p32_w1_i10000_t10000000
9.0,507.0637291511078,203.8834951456311,1000.0000000000001,2742378.6666666665,2729356.0,2763212.0,149853.33333333334,133364.0,159931.0,0.0,0.3333333333333333,hard,32,1,10000,10000000,sync_on,hard_p32_w1_i10000_t10000000
9.02,288.46153846153845,288.46153846153845,288.46153846153845,2751920.0,2751920.0,2751920.0,143341.0,143341.0,143341.0,0.0,1.0,hard,32,1,10000,10000000,sync_on,hard_p32_w1_i10000_t10000000
9.04,1168.3168316831682,1168.3168316831682,1168.3168316831682,2882912.0,2882912.0,2882912.0,125673.0,125673.0,125673.0,0.0,0.0,hard,32,1,10000,10000000,sync_on,hard_p32_w1_i10000_t10000000
9.1,576.1689291101056,230.76923076923077,921.5686274509804,2749164.0,2734780.0,2763548.0,144850.0,133426.0,156274.0,0.0,0.5,hard,32,1,10000,10000000,sync_on,hard_p32_w1_i10000_t10000000
9.11,211.53846153846155,211.53846153846155,211.53846153846155,2729636.0,2729636.0,2729636.0,159944.0,159944.0,159944.0,0.0,0.0,hard,32,1,10000,10000000,sync_on,hard_p32_w1_i10000_t10000000
9.12,242.71844660194176,242.71844660194176,242.71844660194176,2752748.0,2752748.0,2752748.0,143355.0,143355.0,143355.0,0.0,0.0,hard,32,1,10000,10000000,sync_on,hard_p32_w1_i10000_t10000000
9.14,1039.2156862745098,1039.2156862745098,1039.2156862745098,2883396.0,2883396.0,2883396.0,121804.0,121804.0,121804.0,0.0,0.0,hard,32,1,10000,10000000,sync_on,hard_p32_w1_i10000_t10000000
9.2,1069.3069306930693,1069.3069306930693,1069.3069306930693,2763908.0,2763908.0,2763908.0,133486.0,133486.0,133486.0,0.0,1.0,hard,32,1,10000,10000000,sync_on,hard_p32_w1_i10000_t10000000
9.21,318.8013442867812,310.67961165048547,326.92307692307696,2732526.0,2729996.0,2735056.0,158124.5,156290.0,159959.0,0.0,0.0,hard,32,1,10000,10000000,sync_on,hard_p32_w1_i10000_t10000000
9.23,326.92307692307696,326.92307692307696,326.92307692307696,2754016.0,2754016.0,2754016.0,143371.0,143371.0,143371.0,0.0,0.0,hard,32,1,10000,10000000,sync_on,hard_p32_w1_i10000_t10000000
9.24,1205.8823529411766,1205.8823529411766,1205.8823529411766,2883640.0,2883640.0,2883640.0,121855.0,121855.0,121855.0,0.0,0.0,hard,32,1,10000,10000000,sync_on,hard_p32_w1_i10000_t10000000
9.31,533.3948366501194,242.71844660194176,1088.235294117647,2743336.0,2730372.0,2764320.0,149937.33333333334,133537.0,159971.0,0.0,0.3333333333333333,hard,32,1,10000,10000000,sync_on,hard_p32_w1_i10000_t10000000
9.33,230.76923076923077,230.76923076923077,230.76923076923077,2754508.0,2754508.0,2754508.0,143386.0,143386.0,143386.0,0.0,0.0,hard,32,1,10000,10000000,sync_on,hard_p32_w1_i10000_t10000000
9.35,1155.3398058252428,1155.3398058252428,1155.3398058252428,2883836.0,2883836.0,2883836.0,121923.0,121923.0,121923.0,0.0,0.0,hard,32,1,10000,10000000,sync_on,hard_p32_w1_i10000_t10000000
9.41,668.9291101055808,269.2307692307692,1068.6274509803923,2750138.0,2735636.0,2764640.0,144963.0,133606.0,156320.0,0.0,0.5,hard,32,1,10000,10000000,sync_on,hard_p32_w1_i10000_t10000000
9.42,240.3846153846154,240.3846153846154,240.3846153846154,2730492.0,2730492.0,2730492.0,159988.0,159988.0,159988.0,0.0,0.0,hard,32,1,10000,10000000,sync_on,hard_p32_w1_i10000_t10000000
9.44,330.0970873786408,330.0970873786408,330.0970873786408,2755252.0,2755252.0,2755252.0,143404.0,143404.0,143404.0,0.0,0.0,hard,32,1,10000,10000000,sync_on,hard_p32_w1_i10000_t10000000
9.45,1176.4705882352941,1176.4705882352941,1176.4705882352941,2884100.0,2884100.0,2884100.0,121980.0,121980.0,121980.0,0.0,0.0,hard,32,1,10000,10000000,sync_on,hard_p32_w1_i10000_t10000000
9.51,903.8461538461539,903.8461538461539,903.8461538461539,2764884.0,2764884.0,2764884.0,133662.0,133662.0,133662.0,0.0,1.0,hard,32,1,10000,10000000,sync_on,hard_p32_w1_i10000_t10000000
9.52,294.4828230022405,252.42718446601944,336.53846153846155,2733416.0,2730860.0,2735972.0,158169.5,156336.0,160003.0,0.0,0.0,hard,32,1,10000,10000000,sync_on,hard_p32_w1_i10000_t10000000
9.54,259.61538461538464,259.61538461538464,259.61538461538464,2755624.0,2755624.0,2755624.0,143412.0,143412.0,143412.0,0.0,0.0,hard,32,1,10000,10000000,sync_on,hard_p32_w1_i10000_t10000000
9.55,1019.8019801980197,1019.8019801980197,1019.8019801980197,2884320.0,2884320.0,2884320.0,122031.0,122031.0,122031.0,0.0,0.0,hard,32,1,10000,10000000,sync_on,hard_p32_w1_i10000_t10000000
9.61,1099.009900990099,1099.009900990099,1099.009900990099,2765112.0,2765112.0,2765112.0,133729.0,133729.0,133729.0,0.0,0.0,hard,32,1,10000,10000000,sync_on,hard_p32_w1_i10000_t10000000
9.62,262.1359223300971,262.1359223300971,262.1359223300971,2736168.0,2736168.0,2736168.0,156349.0,156349.0,156349.0,0.0,0.0,hard,32,1,10000,10000000,sync_on,hard_p32_w1_i10000_t10000000
9.63,192.30769230769232,192.30769230769232,192.30769230769232,2731032.0,2731032.0,2731032.0,160013.0,160013.0,160013.0,0.0,0.0,hard,32,1,10000,10000000,sync_on,hard_p32_w1_i10000_t10000000
9.64,278.84615384615387,278.84615384615387,278.84615384615387,2756312.0,2756312.0,2756312.0,143430.0,143430.0,143430.0,0.0,0.0,hard,32,1,10000,10000000,sync_on,hard_p32_w1_i10000_t10000000
9.65,1156.8627450980393,1156.8627450980393,1156.8627450980393,2884652.0,2884652.0,2884652.0,122100.0,122100.0,122100.0,0.0,0.0,hard,32,1,10000,10000000,sync_on,hard_p32_w1_i10000_t10000000
9.71,1196.0784313725492,1196.0784313725492,1196.0784313725492,2765408.0,2765408.0,2765408.0,133787.0,133787.0,133787.0,0.0,0.0,hard,32,1,10000,10000000,sync_on,hard_p32_w1_i10000_t10000000
9.72,298.0769230769231,298.0769230769231,298.0769230769231,2736460.0,2736460.0,2736460.0,156369.0,156369.0,156369.0,0.0,0.0,hard,32,1,10000,10000000,sync_on,hard_p32_w1_i10000_t10000000
9.73,298.0769230769231,298.0769230769231,298.0769230769231,2731392.0,2731392.0,2731392.0,160029.0,160029.0,160029.0,0.0,0.0,hard,32,1,10000,10000000,sync_on,hard_p32_w1_i10000_t10000000
9.75,787.407195888064,368.93203883495147,1205.8823529411766,2821000.0,2757008.0,2884992.0,132806.5,122160.0,143453.0,0.0,0.0,hard,32,1,10000,10000000,sync_on,hard_p32_w1_i10000_t10000000
9.82,1135.9223300970875,1135.9223300970875,1135.9223300970875,2765708.0,2765708.0,2765708.0,133851.0,133851.0,133851.0,0.0,0.0,hard,32,1,10000,10000000,sync_on,hard_p32_w1_i10000_t10000000
9.83,304.1448842419717,262.1359223300971,346.1538461538462,2734120.0,2731548.0,2736692.0,158211.0,156380.0,160042.0,0.0,0.0,hard,32,1,10000,10000000,sync_on,hard_p32_w1_i10000_t10000000
9.85,269.2307692307692,269.2307692307692,269.2307692307692,2757144.0,2757144.0,2757144.0,143466.0,143466.0,143466.0,0.0,0.0,hard,32,1,10000,10000000,sync_on,hard_p32_w1_i10000_t10000000
9.86,1067.9611650485438,1067.9611650485438,1067.9611650485438,2885216.0,2885216.0,2885216.0,122370.0,122370.0,122370.0,0.0,0.0,hard,32,1,10000,10000000,sync_on,hard_p32_w1_i10000_t10000000
9.92,1186.2745098039215,1186.2745098039215,1186.2745098039215,2766076.0,2766076.0,2766076.0,133913.0,133913.0,133913.0,0.0,0.0,hard,32,1,10000,10000000,sync_on,hard_p32_w1_i10000_t10000000
9.93,250.0,250.0,250.0,2736872.0,2736872.0,2736872.0,156395.0,156395.0,156395.0,0.0,0.0,hard,32,1,10000,10000000,sync_on,hard_p32_w1_i10000_t10000000
9.94,242.71844660194176,242.71844660194176,242.71844660194176,2731776.0,2731776.0,2731776.0,160325.0,160325.0,160325.0,0.0,0.0,hard,32,1,10000,10000000,sync_on,hard_p32_w1_i10000_t10000000
9.95,182.6923076923077,182.6923076923077,182.6923076923077,2757404.0,2757404.0,2757404.0,143486.0,143486.0,143486.0,0.0,0.0,hard,32,1,10000,10000000,sync_on,hard_p32_w1_i10000_t10000000
9.96,568.6274509803922,568.6274509803922,568.6274509803922,2885484.0,2885484.0,2885484.0,124082.0,124082.0,124082.0,0.0,0.0,hard,32,1,10000,10000000,sync_on,hard_p32_w1_i10000_t10000000
10.02,1186.2745098039215,1186.2745098039215,1186.2745098039215,2766380.0,2766380.0,2766380.0,133974.0,133974.0,133974.0,0.0,0.0,hard,32,1,10000,10000000,sync_on,hard_p32_w1_i10000_t10000000
10.04,177.8846153846154,0.0,355.7692307692308,2734612.0,2731776.0,2737448.0,158366.5,156408.0,160325.0,0.0,0.0,hard,32,1,10000,10000000,sync_on,hard_p32_w1_i10000_t10000000
10.06,800.9708737864078,242.71844660194176,1359.2233009708739,2820970.0,2757632.0,2884308.0,132899.5,122300.0,143499.0,0.0,0.0,hard,32,1,10000,10000000,sync_on,hard_p32_w1_i10000_t10000000
10.12,1137.2549019607843,1137.2549019607843,1137.2549019607843,2766648.0,2766648.0,2766648.0,134032.0,134032.0,134032.0,0.0,0.0,hard,32,1,10000,10000000,sync_on,hard_p32_w1_i10000_t10000000
10.14,222.46079163554893,173.0769230769231,271.84466019417476,2734720.0,2731872.0,2737568.0,158376.5,156427.0,160326.0,0.0,0.0,hard,32,1,10000,10000000,sync_on,hard_p32_w1_i10000_t10000000
10.16,340.1206636500754,307.6923076923077,372.54901960784315,2821182.0,2757908.0,2884456.0,132918.0,122320.0,143516.0,0.0,0.0,hard,32,1,10000,10000000,sync_on,hard_p32_w1_i10000_t10000000
10.23,1058.8235294117649,1058.8235294117649,1058.8235294117649,2766832.0,2766832.0,2766832.0,134091.0,134091.0,134091.0,0.0,0.0,hard,32,1,10000,10000000,sync_on,hard_p32_w1_i10000_t10000000
10.24,336.53846153846155,336.53846153846155,336.53846153846155,2737848.0,2737848.0,2737848.0,156437.0,156437.0,156437.0,0.0,0.0,hard,32,1,10000,10000000,sync_on,hard_p32_w1_i10000_t10000000
10.25,145.63106796116506,145.63106796116506,145.63106796116506,2731972.0,2731972.0,2731972.0,156296.0,156296.0,156296.0,0.0,0.0,hard,32,1,10000,10000000,sync_on,hard_p32_w1_i10000_t10000000
10.26,135.92233009708738,135.92233009708738,135.92233009708738,2758252.0,2758252.0,2758252.0,143531.0,143531.0,143531.0,0.0,0.0,hard,32,1,10000,10000000,sync_on,hard_p32_w1_i10000_t10000000
10.27,436.8932038834952,436.8932038834952,436.8932038834952,2884564.0,2884564.0,2884564.0,122342.0,122342.0,122342.0,0.0,0.0,hard,32,1,10000,10000000,sync_on,hard_p32_w1_i10000_t10000000
10.33,1294.1176470588236,1294.1176470588236,1294.1176470588236,2767180.0,2767180.0,2767180.0,134145.0,134145.0,134145.0,0.0,0.0,hard,32,1,10000,10000000,sync_on,hard_p32_w1_i10000_t10000000
10.35,298.0769230769231,269.2307692307692,326.92307692307696,2735220.0,2732388.0,2738052.0,156386.5,156318.0,156455.0,0.0,0.0,hard,32,1,10000,10000000,sync_on,hard_p32_w1_i10000_t10000000
10.37,360.5769230769231,317.3076923076923,403.84615384615387,2821556.0,2758336.0,2884776.0,132953.0,122355.0,143551.0,0.0,0.0,hard,32,1,10000,10000000,sync_on,hard_p32_w1_i10000_t10000000
10.43,1078.4313725490197,1078.4313725490197,1078.4313725490197,2767400.0,2767400.0,2767400.0,134218.0,134218.0,134218.0,0.0,0.0,hard,32,1,10000,10000000,sync_on,hard_p32_w1_i10000_t10000000
10.45,213.59223300970876,213.59223300970876,213.59223300970876,2738160.0,2738160.0,2738160.0,156470.0,156470.0,156470.0,0.0,0.0,hard,32,1,10000,10000000,sync_on,hard_p32_w1_i10000_t10000000
10.46,407.7669902912622,407.7669902912622,407.7669902912622,2732760.0,2732760.0,2732760.0,156328.0,156328.0,156328.0,0.0,0.0,hard,32,1,10000,10000000,sync_on,hard_p32_w1_i10000_t10000000
10.47,217.23300970873788,184.46601941747574,250.0,2821642.0,2758428.0,2884856.0,132964.0,122368.0,143560.0,0.0,0.0,hard,32,1,10000,10000000,sync_on,hard_p32_w1_i10000_t10000000
10.53,1098.0392156862745,1098.0392156862745,1098.0392156862745,2767708.0,2767708.0,2767708.0,134271.0,134271.0,134271.0,0.0,0.0,hard,32,1,10000,10000000,sync_on,hard_p32_w1_i10000_t10000000
10.55,307.6923076923077,307.6923076923077,307.6923076923077,2738308.0,2738308.0,2738308.0,156482.0,156482.0,156482.0,0.0,0.0,hard,32,1,10000,10000000,sync_on,hard_p32_w1_i10000_t10000000
10.56,211.53846153846155,211.53846153846155,211.53846153846155,2732964.0,2732964.0,2732964.0,156339.0,156339.0,156339.0,0.0,0.0,hard,32,1,10000,10000000,sync_on,hard_p32_w1_i10000_t10000000
10.57,271.84466019417476,271.84466019417476,271.84466019417476,2758692.0,2758692.0,2758692.0,143577.0,143577.0,143577.0,0.0,0.0,hard,32,1,10000,10000000,sync_on,hard_p32_w1_i10000_t10000000
10.58,259.61538461538464,259.61538461538464,259.61538461538464,2884900.0,2884900.0,2884900.0,122394.0,122394.0,122394.0,0.0,0.0,hard,32,1,10000,10000000,sync_on,hard_p32_w1_i10000_t10000000
10.63,1107.843137254902,1107.843137254902,1107.843137254902,2767992.0,2767992.0,2767992.0,134329.0,134329.0,134329.0,0.0,0.0,hard,32,1,10000,10000000,sync_on,hard_p32_w1_i10000_t10000000
10.66,302.8846153846154,240.3846153846154,365.3846153846154,2735860.0,2733240.0,2738480.0,156424.0,156357.0,156491.0,0.0,0.0,hard,32,1,10000,10000000,sync_on,hard_p32_w1_i10000_t10000000
10.68,324.16915608663186,221.15384615384616,427.1844660194175,2821866.0,2758720.0,2885012.0,133002.5,122412.0,143593.0,0.0,0.0,hard,32,1,10000,10000000,sync_on,hard_p32_w1_i10000_t10000000
10.74,1098.0392156862745,1098.0392156862745,1098.0392156862745,2768228.0,2768228.0,2768228.0,134396.0,134396.0,134396.0,0.0,0.0,hard,32,1,10000,10000000,sync_on,hard_p32_w1_i10000_t10000000
10.76,233.0097087378641,233.0097087378641,233.0097087378641,2738636.0,2738636.0,2738636.0,156514.0,156514.0,156514.0,0.0,0.0,hard,32,1,10000,10000000,sync_on,hard_p32_w1_i10000_t10000000
10.77,336.53846153846155,336.53846153846155,336.53846153846155,2733532.0,2733532.0,2733532.0,156371.0,156371.0,156371.0,0.0,0.0,hard,32,1,10000,10000000,sync_on,hard_p32_w1_i10000_t10000000
10.78,252.42718446601944,252.42718446601944,252.42718446601944,2758880.0,2758880.0,2758880.0,143607.0,143607.0,143607.0,0.0,0.0,hard,32,1,10000,10000000,sync_on,hard_p32_w1_i10000_t10000000
10.79,307.6923076923077,307.6923076923077,307.6923076923077,2885088.0,2885088.0,2885088.0,122427.0,122427.0,122427.0,0.0,0.0,hard,32,1,10000,10000000,sync_on,hard_p32_w1_i10000_t10000000
10.84,922.3300970873787,922.3300970873787,922.3300970873787,2768456.0,2768456.0,2768456.0,134445.0,134445.0,134445.0,0.0,0.0,hard,32,1,10000,10000000,sync_on,hard_p32_w1_i10000_t10000000
10.86,278.84615384615387,278.84615384615387,278.84615384615387,2738880.0,2738880.0,2738880.0,156525.0,156525.0,156525.0,0.0,0.0,hard,32,1,10000,10000000,sync_on,hard_p32_w1_i10000_t10000000
10.87,407.7669902912622,407.7669902912622,407.7669902912622,2734040.0,2734040.0,2734040.0,156379.0,156379.0,156379.0,0.0,0.0,hard,32,1,10000,10000000,sync_on,hard_p32_w1_i10000_t10000000
10.89,264.42307692307696,182.6923076923077,346.1538461538462,2822070.0,2759016.0,2885124.0,133036.5,122450.0,143623.0,0.0,0.0,hard,32,1,10000,10000000,sync_on,hard_p32_w1_i10000_t10000000
10.94,931.372549019608,931.372549019608,931.372549019608,2768640.0,2768640.0,2768640.0,134507.0,134507.0,134507.0,0.0,0.0,hard,32,1,10000,10000000,sync_on,hard_p32_w1_i10000_t10000000
10.97,270.8644510828977,201.92307692307693,339.80582524271847,2736722.0,2734164.0,2739280.0,156472.0,156400.0,156544.0,0.0,0.0,hard,32,1,10000,10000000,sync_on,hard_p32_w1_i10000_t10000000
10.99,241.59820761762512,230.76923076923077,252.42718446601944,2822140.0,2759072.0,2885208.0,133048.0,122462.0,143634.0,0.0,0.0,hard,32,1,10000,10000000,sync_on,hard_p32_w1_i10000_t10000000
11.04,1264.7058823529412,1264.7058823529412,1264.7058823529412,2768956.0,2768956.0,2768956.0,134571.0,134571.0,134571.0,0.0,0.0,hard,32,1,10000,10000000,sync_on,hard_p32_w1_i10000_t10000000
11.07,221.15384615384616,221.15384615384616,221.15384615384616,2739476.0,2739476.0,2739476.0,156818.0,156818.0,156818.0,0.0,0.0,hard,32,1,10000,10000000,sync_on,hard_p32_w1_i10000_t10000000
11.08,269.2307692307692,269.2307692307692,269.2307692307692,2734436.0,2734436.0,2734436.0,156413.0,156413.0,156413.0,0.0,0.0,hard,32,1,10000,10000000,sync_on,hard_p32_w1_i10000_t10000000
11.09,339.80582524271847,339.80582524271847,339.80582524271847,2759148.0,2759148.0,2759148.0,143650.0,143650.0,143650.0,0.0,0.0,hard,32,1,10000,10000000,sync_on,hard_p32_w1_i10000_t10000000
11.1,394.2307692307692,394.2307692307692,394.2307692307692,2885308.0,2885308.0,2885308.0,122486.0,122486.0,122486.0,0.0,0.0,hard,32,1,10000,10000000,sync_on,hard_p32_w1_i10000_t10000000
11.14,1225.4901960784314,1225.4901960784314,1225.4901960784314,2769360.0,2769360.0,2769360.0,130864.0,130864.0,130864.0,0.0,0.0,hard,32,1,10000,10000000,sync_on,hard_p32_w1_i10000_t10000000
11.18,106.79611650485438,0.0,213.59223300970876,2737090.0,2734704.0,2739476.0,156621.0,156424.0,156818.0,0.0,0.0,hard,32,1,10000,10000000,sync_on,hard_p32_w1_i10000_t10000000
11.2,389.4230769230769,375.0,403.84615384615387,2822362.0,2759356.0,2885368.0,133083.0,122502.0,143664.0,0.0,0.0,hard,32,1,10000,10000000,sync_on,hard_p32_w1_i10000_t10000000
11.25,1188.118811881188,1188.118811881188,1188.118811881188,2769584.0,2769584.0,2769584.0,130927.0,130927.0,130927.0,0.0,0.0,hard,32,1,10000,10000000,sync_on,hard_p32_w1_i10000_t10000000
11.28,291.2621359223301,291.2621359223301,291.2621359223301,2739808.0,2739808.0,2739808.0,156830.0,156830.0,156830.0,0.0,0.0,hard,32,1,10000,10000000,sync_on,hard_p32_w1_i10000_t10000000
11.29,201.92307692307693,201.92307692307693,201.92307692307693,2734744.0,2734744.0,2734744.0,156436.0,156436.0,156436.0,0.0,0.0,hard,32,1,10000,10000000,sync_on,hard_p32_w1_i10000_t10000000
11.3,276.69902912621365,271.84466019417476,281.55339805825247,2822442.0,2759468.0,2885416.0,133096.0,122516.0,143676.0,0.0,0.0,hard,32,1,10000,10000000,sync_on,hard_p32_w1_i10000_t10000000
11.35,911.764705882353,911.764705882353,911.764705882353,2769816.0,2769816.0,2769816.0,131252.0,131252.0,131252.0,0.0,0.0,hard,32,1,10000,10000000,sync_on,hard_p32_w1_i10000_t10000000
11.38,307.6923076923077,307.6923076923077,307.6923076923077,2740100.0,2740100.0,2740100.0,152802.0,152802.0,152802.0,0.0,0.0,hard,32,1,10000,10000000,sync_on,hard_p32_w1_i10000_t10000000
11.39,173.0769230769231,173.0769230769231,173.0769230769231,2734800.0,2734800.0,2734800.0,156452.0,156452.0,156452.0,0.0,0.0,hard,32,1,10000,10000000,sync_on,hard_p32_w1_i10000_t10000000
11.4,211.53846153846155,211.53846153846155,211.53846153846155,2759780.0,2759780.0,2759780.0,143692.0,143692.0,143692.0,0.0,0.0,hard,32,1,10000,10000000,sync_on,hard_p32_w1_i10000_t10000000
11.41,346.1538461538462,346.1538461538462,346.1538461538462,2885500.0,2885500.0,2885500.0,122534.0,122534.0,122534.0,0.0,0.0,hard,32,1,10000,10000000,sync_on,hard_p32_w1_i10000_t10000000
11.45,1088.235294117647,1088.235294117647,1088.235294117647,2770376.0,2770376.0,2770376.0,128958.0,128958.0,128958.0,0.0,0.0,hard,32,1,10000,10000000,sync_on,hard_p32_w1_i10000_t10000000
11.48,320.3883495145631,320.3883495145631,320.3883495145631,2740196.0,2740196.0,2740196.0,152822.0,152822.0,152822.0,0.0,0.0,hard,32,1,10000,10000000,sync_on,hard_p32_w1_i10000_t10000000
11.49,281.55339805825247,281.55339805825247,281.55339805825247,2735004.0,2735004.0,2735004.0,156466.0,156466.0,156466.0,0.0,0.0,hard,32,1,10000,10000000,sync_on,hard_p32_w1_i10000_t10000000
11.51,269.2307692307692,250.0,288.46153846153845,2822710.0,2759848.0,2885572.0,133130.5,122554.0,143707.0,0.0,0.0,hard,32,1,10000,10000000,sync_on,hard_p32_w1_i10000_t10000000
11.55,686.2745098039217,686.2745098039217,686.2745098039217,2768764.0,2768764.0,2768764.0,127294.0,127294.0,127294.0,0.0,0.0,hard,32,1,10000,10000000,sync_on,hard_p32_w1_i10000_t10000000
11.59,163.46153846153848,163.46153846153848,163.46153846153848,2740216.0,2740216.0,2740216.0,152834.0,152834.0,152834.0,0.0,0.0,hard,32,1,10000,10000000,sync_on,hard_p32_w1_i10000_t10000000
11.6,355.7692307692308,355.7692307692308,355.7692307692308,2735332.0,2735332.0,2735332.0,156483.0,156483.0,156483.0,0.0,0.0,hard,32,1,10000,10000000,sync_on,hard_p32_w1_i10000_t10000000
11.61,330.0970873786408,330.0970873786408,330.0970873786408,2822834.0,2760012.0,2885656.0,133148.0,122572.0,143724.0,0.0,0.0,hard,32,1,10000,10000000,sync_on,hard_p32_w1_i10000_t10000000
11.65,1137.2549019607843,1137.2549019607843,1137.2549019607843,2769048.0,2769048.0,2769048.0,127359.0,127359.0,127359.0,0.0,0.0,hard,32,1,10000,10000000,sync_on,hard_p32_w1_i10000_t10000000
11.69,240.3846153846154,240.3846153846154,240.3846153846154,2740400.0,2740400.0,2740400.0,152847.0,152847.0,152847.0,0.0,0.0,hard,32,1,10000,10000000,sync_on,hard_p32_w1_i10000_t10000000
11.7,307.6923076923077,307.6923076923077,307.6923076923077,2735536.0,2735536.0,2735536.0,156498.0,156498.0,156498.0,0.0,0.0,hard,32,1,10000,10000000,sync_on,hard_p32_w1_i10000_t10000000
11.71,225.49019607843138,225.49019607843138,225.49019607843138,2760196.0,2760196.0,2760196.0,143739.0,143739.0,143739.0,0.0,0.0,hard,32,1,10000,10000000,sync_on,hard_p32_w1_i10000_t10000000
11.72,221.15384615384616,221.15384615384616,221.15384615384616,2885704.0,2885704.0,2885704.0,122583.0,122583.0,122583.0,0.0,0.0,hard,32,1,10000,10000000,sync_on,hard_p32_w1_i10000_t10000000
11.76,1155.3398058252428,1155.3398058252428,1155.3398058252428,2769488.0,2769488.0,2769488.0,128462.0,128462.0,128462.0,0.0,0.0,hard,32,1,10000,10000000,sync_on,hard_p32_w1_i10000_t10000000
11.8,278.84615384615387,259.61538461538464,298.0769230769231,2738112.0,2735688.0,2740536.0,154687.5,152866.0,156509.0,0.0,0.0,hard,32,1,10000,10000000,sync_on,hard_p32_w1_i10000_t10000000
11.82,371.87266616878264,349.5145631067961,394.2307692307692,2823112.0,2760400.0,2885824.0,133181.0,122606.0,143756.0,0.0,0.0,hard,32,1,10000,10000000,sync_on,hard_p32_w1_i10000_t10000000
11.86,529.4117647058824,529.4117647058824,529.4117647058824,2768040.0,2768040.0,2768040.0,127456.0,127456.0,127456.0,0.0,0.0,hard,32,1,10000,10000000,sync_on,hard_p32_w1_i10000_t10000000
11.9,262.1359223300971,262.1359223300971,262.1359223300971,2740664.0,2740664.0,2740664.0,152876.0,152876.0,152876.0,0.0,0.0,hard,32,1,10000,10000000,sync_on,hard_p32_w1_i10000_t10000000
11.91,427.1844660194175,427.1844660194175,427.1844660194175,2736000.0,2736000.0,2736000.0,156532.0,156532.0,156532.0,0.0,0.0,hard,32,1,10000,10000000,sync_on,hard_p32_w1_i10000_t10000000
11.92,252.42718446601944,252.42718446601944,252.42718446601944,2760556.0,2760556.0,2760556.0,143772.0,143772.0,143772.0,0.0,0.0,hard,32,1,10000,10000000,sync_on,hard_p32_w1_i10000_t10000000
11.93,375.0,375.0,375.0,2885980.0,2885980.0,2885980.0,122620.0,122620.0,122620.0,0.0,0.0,hard,32,1,10000,10000000,sync_on,hard_p32_w1_i10000_t10000000
11.96,1116.504854368932,1116.504854368932,1116.504854368932,2768488.0,2768488.0,2768488.0,127522.0,127522.0,127522.0,0.0,0.0,hard,32,1,10000,10000000,sync_on,hard_p32_w1_i10000_t10000000
12.0,298.0769230769231,298.0769230769231,298.0769230769231,2740904.0,2740904.0,2740904.0,152894.0,152894.0,152894.0,0.0,0.0,hard,32,1,10000,10000000,sync_on,hard_p32_w1_i10000_t10000000
12.01,307.6923076923077,307.6923076923077,307.6923076923077,2736108.0,2736108.0,2736108.0,156543.0,156543.0,156543.0,0.0,0.0,hard,32,1,10000,10000000,sync_on,hard_p32_w1_i10000_t10000000
12.02,288.46153846153845,288.46153846153845,288.46153846153845,2760676.0,2760676.0,2760676.0,143785.0,143785.0,143785.0,0.0,0.0,hard,32,1,10000,10000000,sync_on,hard_p32_w1_i10000_t10000000
12.03,368.93203883495147,368.93203883495147,368.93203883495147,2886152.0,2886152.0,2886152.0,122638.0,122638.0,122638.0,0.0,0.0,hard,32,1,10000,10000000,sync_on,hard_p32_w1_i10000_t10000000
12.06,1313.7254901960785,1313.7254901960785,1313.7254901960785,2769112.0,2769112.0,2769112.0,129407.0,129407.0,129407.0,0.0,0.0,hard,32,1,10000,10000000,sync_on,hard_p32_w1_i10000_t10000000
12.11,259.61538461538464,259.61538461538464,259.61538461538464,2741100.0,2741100.0,2741100.0,153170.0,153170.0,153170.0,0.0,0.0,hard,32,1,10000,10000000,sync_on,hard_p32_w1_i10000_t10000000
12.12,288.46153846153845,288.46153846153845,288.46153846153845,2736428.0,2736428.0,2736428.0,156567.0,156567.0,156567.0,0.0,0.0,hard,32,1,10000,10000000,sync_on,hard_p32_w1_i10000_t10000000
12.13,298.0769230769231,298.0769230769231,298.0769230769231,2823478.0,2760744.0,2886212.0,133228.0,122655.0,143801.0,0.0,0.0,hard,32,1,10000,10000000,sync_on,hard_p32_w1_i10000_t10000000
12.17,813.7254901960785,813.7254901960785,813.7254901960785,2767976.0,2767976.0,2767976.0,127590.0,127590.0,127590.0,0.0,0.0,hard,32,1,10000,10000000,sync_on,hard_p32_w1_i10000_t10000000
12.21,58.25242718446602,58.25242718446602,58.25242718446602,2741108.0,2741108.0,2741108.0,153171.0,153171.0,153171.0,0.0,0.0,hard,32,1,10000,10000000,sync_on,hard_p32_w1_i10000_t10000000
12.22,203.8834951456311,203.8834951456311,203.8834951456311,2736596.0,2736596.0,2736596.0,156585.0,156585.0,156585.0,0.0,0.0,hard,32,1,10000,10000000,sync_on,hard_p32_w1_i10000_t10000000
12.23,281.55339805825247,281.55339805825247,281.55339805825247,2760820.0,2760820.0,2760820.0,143815.0,143815.0,143815.0,0.0,0.0,hard,32,1,10000,10000000,sync_on,hard_p32_w1_i10000_t10000000
12.24,394.2307692307692,394.2307692307692,394.2307692307692,2886412.0,2886412.0,2886412.0,122677.0,122677.0,122677.0,0.0,0.0,hard,32,1,10000,10000000,sync_on,hard_p32_w1_i10000_t10000000
12.27,421.56862745098044,421.56862745098044,421.56862745098044,2768204.0,2768204.0,2768204.0,127612.0,127612.0,127612.0,0.0,0.0,hard,32,1,10000,10000000,sync_on,hard_p32_w1_i10000_t10000000
12.31,86.53846153846155,86.53846153846155,86.53846153846155,2741240.0,2741240.0,2741240.0,153172.0,153172.0,153172.0,0.0,0.0,hard,32,1,10000,10000000,sync_on,hard_p32_w1_i10000_t10000000
12.32,298.0769230769231,298.0769230769231,298.0769230769231,2736788.0,2736788.0,2736788.0,156594.0,156594.0,156594.0,0.0,0.0,hard,32,1,10000,10000000,sync_on,hard_p32_w1_i10000_t10000000
12.34,274.59858103061987,116.50485436893204,432.69230769230774,2823762.0,2761056.0,2886468.0,133392.0,122954.0,143830.0,0.0,0.0,hard,32,1,10000,10000000,sync_on,hard_p32_w1_i10000_t10000000
12.37,242.71844660194176,242.71844660194176,242.71844660194176,2768304.0,2768304.0,2768304.0,127622.0,127622.0,127622.0,0.0,0.0,hard,32,1,10000,10000000,sync_on,hard_p32_w1_i10000_t10000000
12.42,144.23076923076923,144.23076923076923,144.23076923076923,2741284.0,2741284.0,2741284.0,149155.0,149155.0,149155.0,0.0,0.0,hard,32,1,10000,10000000,sync_on,hard_p32_w1_i10000_t10000000
12.43,288.46153846153845,288.46153846153845,288.46153846153845,2736904.0,2736904.0,2736904.0,156605.0,156605.0,156605.0,0.0,0.0,hard,32,1,10000,10000000,sync_on,hard_p32_w1_i10000_t10000000
12.44,250.0,182.6923076923077,317.3076923076923,2823866.0,2761176.0,2886556.0,133404.5,122961.0,143848.0,0.0,0.0,hard,32,1,10000,10000000,sync_on,hard_p32_w1_i10000_t10000000
12.47,213.59223300970876,213.59223300970876,213.59223300970876,2768472.0,2768472.0,2768472.0,127639.0,127639.0,127639.0,0.0,0.0,hard,32,1,10000,10000000,sync_on,hard_p32_w1_i10000_t10000000
12.52,252.42718446601944,252.42718446601944,252.42718446601944,2741524.0,2741524.0,2741524.0,149163.0,149163.0,149163.0,0.0,0.0,hard,32,1,10000,10000000,sync_on,hard_p32_w1_i10000_t10000000
12.53,230.76923076923077,230.76923076923077,230.76923076923077,2737076.0,2737076.0,2737076.0,156617.0,156617.0,156617.0,0.0,0.0,hard,32,1,10000,10000000,sync_on,hard_p32_w1_i10000_t10000000
12.54,300.97087378640776,300.97087378640776,300.97087378640776,2761268.0,2761268.0,2761268.0,143864.0,143864.0,143864.0,0.0,0.0,hard,32,1,10000,10000000,sync_on,hard_p32_w1_i10000_t10000000
12.55,230.76923076923077,230.76923076923077,230.76923076923077,2886612.0,2886612.0,2886612.0,118934.0,118934.0,118934.0,0.0,0.0,hard,32,1,10000,10000000,sync_on,hard_p32_w1_i10000_t10000000
12.58,320.3883495145631,320.3883495145631,320.3883495145631,2768632.0,2768632.0,2768632.0,127654.0,127654.0,127654.0,0.0,0.0,hard,32,1,10000,10000000,sync_on,hard_p32_w1_i10000_t10000000
12.63,284.9141150112024,262.1359223300971,307.6923076923077,2739492.0,2737332.0,2741652.0,152903.0,149175.0,156631.0,0.0,0.0,hard,32,1,10000,10000000,sync_on,hard_p32_w1_i10000_t10000000
12.65,280.013069454817,242.71844660194176,317.3076923076923,2824040.0,2761332.0,2886748.0,131923.5,119967.0,143880.0,0.0,0.0,hard,32,1,10000,10000000,sync_on,hard_p32_w1_i10000_t10000000
12.68,259.61538461538464,259.61538461538464,259.61538461538464,2768736.0,2768736.0,2768736.0,127673.0,127673.0,127673.0,0.0,0.0,hard,32,1,10000,10000000,sync_on,hard_p32_w1_i10000_t10000000
12.73,203.8834951456311,203.8834951456311,203.8834951456311,2741760.0,2741760.0,2741760.0,149189.0,149189.0,149189.0,0.0,0.0,hard,32,1,10000,10000000,sync_on,hard_p32_w1_i10000_t10000000
12.74,278.84615384615387,278.84615384615387,278.84615384615387,2737464.0,2737464.0,2737464.0,156649.0,156649.0,156649.0,0.0,0.0,hard,32,1,10000,10000000,sync_on,hard_p32_w1_i10000_t10000000
12.75,192.30769230769232,144.23076923076923,240.3846153846154,2824060.0,2761368.0,2886752.0,132344.0,120798.0,143890.0,0.0,0.0,hard,32,1,10000,10000000,sync_on,hard_p32_w1_i10000_t10000000
12.79,221.15384615384616,221.15384615384616,221.15384615384616,2768776.0,2768776.0,2768776.0,127692.0,127692.0,127692.0,0.0,0.0,hard,32,1,10000,10000000,sync_on,hard_p32_w1_i10000_t10000000
12.83,326.92307692307696,326.92307692307696,326.92307692307696,2741992.0,2741992.0,2741992.0,149205.0,149205.0,149205.0,0.0,0.0,hard,32,1,10000,10000000,sync_on,hard_p32_w1_i10000_t10000000
12.84,134.6153846153846,134.6153846153846,134.6153846153846,2737600.0,2737600.0,2737600.0,156658.0,156658.0,156658.0,0.0,0.0,hard,32,1,10000,10000000,sync_on,hard_p32_w1_i10000_t10000000
12.85,203.8834951456311,203.8834951456311,203.8834951456311,2761424.0,2761424.0,2761424.0,143901.0,143901.0,143901.0,0.0,0.0,hard,32,1,10000,10000000,sync_on,hard_p32_w1_i10000_t10000000
12.86,0.0,0.0,0.0,2886752.0,2886752.0,2886752.0,120798.0,120798.0,120798.0,0.0,0.0,hard,32,1,10000,10000000,sync_on,hard_p32_w1_i10000_t10000000
12.89,339.80582524271847,339.80582524271847,339.80582524271847,2768916.0,2768916.0,2768916.0,127701.0,127701.0,127701.0,0.0,0.0,hard,32,1,10000,10000000,sync_on,hard_p32_w1_i10000_t10000000
12.94,328.9301717699776,240.3846153846154,417.4757281553398,2739904.0,2737728.0,2742080.0,152945.0,149218.0,156672.0,0.0,0.0,hard,32,1,10000,10000000,sync_on,hard_p32_w1_i10000_t10000000
12.96,201.92307692307693,0.0,403.84615384615387,2824162.0,2761572.0,2886752.0,132358.0,120798.0,143918.0,0.0,0.0,hard,32,1,10000,10000000,sync_on,hard_p32_w1_i10000_t10000000
12.99,211.53846153846155,211.53846153846155,211.53846153846155,2768948.0,2768948.0,2768948.0,127717.0,127717.0,127717.0,0.0,0.0,hard,32,1,10000,10000000,sync_on,hard_p32_w1_i10000_t10000000
13.04,194.1747572815534,194.1747572815534,194.1747572815534,2742160.0,2742160.0,2742160.0,149228.0,149228.0,149228.0,0.0,0.0,hard,32,1,10000,10000000,sync_on,hard_p32_w1_i10000_t10000000
13.05,288.46153846153845,288.46153846153845,288.46153846153845,2737868.0,2737868.0,2737868.0,156694.0,156694.0,156694.0,0.0,0.0,hard,32,1,10000,10000000,sync_on,hard_p32_w1_i10000_t10000000
13.06,165.0485436893204,0.0,330.0970873786408,2824198.0,2761644.0,2886752.0,132366.0,120798.0,143934.0,0.0,0.0,hard,32,1,10000,10000000,sync_on,hard_p32_w1_i10000_t10000000
13.1,213.59223300970876,213.59223300970876,213.59223300970876,2768996.0,2768996.0,2768996.0,127724.0,127724.0,127724.0,0.0,0.0,hard,32,1,10000,10000000,sync_on,hard_p32_w1_i10000_t10000000
13.14,317.3076923076923,317.3076923076923,317.3076923076923,2742300.0,2742300.0,2742300.0,149248.0,149248.0,149248.0,0.0,0.0,hard,32,1,10000,10000000,sync_on,hard_p32_w1_i10000_t10000000
13.15,163.46153846153848,163.46153846153848,163.46153846153848,2737956.0,2737956.0,2737956.0,156707.0,156707.0,156707.0,0.0,0.0,hard,32,1,10000,10000000,sync_on,hard_p32_w1_i10000_t10000000
13.16,288.46153846153845,288.46153846153845,288.46153846153845,2761756.0,2761756.0,2761756.0,143951.0,143951.0,143951.0,0.0,0.0,hard,32,1,10000,10000000,sync_on,hard_p32_w1_i10000_t10000000
13.17,0.0,0.0,0.0,2886752.0,2886752.0,2886752.0,120798.0,120798.0,120798.0,0.0,0.0,hard,32,1,10000,10000000,sync_on,hard_p32_w1_i10000_t10000000
13.2,250.0,250.0,250.0,2769180.0,2769180.0,2769180.0,127739.0,127739.0,127739.0,0.0,0.0,hard,32,1,10000,10000000,sync_on,hard_p32_w1_i10000_t10000000
13.25,278.84615384615387,278.84615384615387,278.84615384615387,2742480.0,2742480.0,2742480.0,149265.0,149265.0,149265.0,0.0,0.0,hard,32,1,10000,10000000,sync_on,hard_p32_w1_i10000_t10000000
13.26,398.05825242718447,398.05825242718447,398.05825242718447,2738404.0,2738404.0,2738404.0,156724.0,156724.0,156724.0,0.0,0.0,hard,32,1,10000,10000000,sync_on,hard_p32_w1_i10000_t10000000
13.27,115.38461538461539,0.0,230.76923076923077,2824280.0,2761808.0,2886752.0,132380.5,120798.0,143963.0,0.0,0.0,hard,32,1,10000,10000000,sync_on,hard_p32_w1_i10000_t10000000
13.3,165.0485436893204,165.0485436893204,165.0485436893204,2769288.0,2769288.0,2769288.0,127751.0,127751.0,127751.0,0.0,0.0,hard,32,1,10000,10000000,sync_on,hard_p32_w1_i10000_t10000000
13.35,288.46153846153845,288.46153846153845,288.46153846153845,2742592.0,2742592.0,2742592.0,149276.0,149276.0,149276.0,0.0,0.0,hard,32,1,10000,10000000,sync_on,hard_p32_w1_i10000_t10000000
13.36,221.15384615384616,221.15384615384616,221.15384615384616,2738596.0,2738596.0,2738596.0,156739.0,156739.0,156739.0,0.0,0.0,hard,32,1,10000,10000000,sync_on,hard_p32_w1_i10000_t10000000
13.37,184.46601941747574,184.46601941747574,184.46601941747574,2761832.0,2761832.0,2761832.0,143971.0,143971.0,143971.0,0.0,0.0,hard,32,1,10000,10000000,sync_on,hard_p32_w1_i10000_t10000000
13.38,0.0,0.0,0.0,2886752.0,2886752.0,2886752.0,120798.0,120798.0,120798.0,0.0,0.0,hard,32,1,10000,10000000,sync_on,hard_p32_w1_i10000_t10000000
13.41,182.6923076923077,182.6923076923077,182.6923076923077,2769496.0,2769496.0,2769496.0,128387.0,128387.0,128387.0,0.0,0.0,hard,32,1,10000,10000000,sync_on,hard_p32_w1_i10000_t10000000
13.46,284.8207617625094,242.71844660194176,326.92307692307696,2740832.0,2738756.0,2742908.0,153023.5,149289.0,156758.0,0.0,0.0,hard,32,1,10000,10000000,sync_on,hard_p32_w1_i10000_t10000000
13.47,57.69230769230769,57.69230769230769,57.69230769230769,2761908.0,2761908.0,2761908.0,144244.0,144244.0,144244.0,0.0,0.0,hard,32,1,10000,10000000,sync_on,hard_p32_w1_i10000_t10000000
13.48,9.615384615384615,9.615384615384615,9.615384615384615,2886752.0,2886752.0,2886752.0,120798.0,120798.0,120798.0,0.0,0.0,hard,32,1,10000,10000000,sync_on,hard_p32_w1_i10000_t10000000
13.51,184.46601941747574,184.46601941747574,184.46601941747574,2769652.0,2769652.0,2769652.0,129611.0,129611.0,129611.0,0.0,0.0,hard,32,1,10000,10000000,sync_on,hard_p32_w1_i10000_t10000000
13.56,451.92307692307696,451.92307692307696,451.92307692307696,2743264.0,2743264.0,2743264.0,149567.0,149567.0,149567.0,0.0,0.0,hard,32,1,10000,10000000,sync_on,hard_p32_w1_i10000_t10000000
13.57,211.53846153846155,211.53846153846155,211.53846153846155,2738796.0,2738796.0,2738796.0,156767.0,156767.0,156767.0,0.0,0.0,hard,32,1,10000,10000000,sync_on,hard_p32_w1_i10000_t10000000
13.58,256.95481702763254,67.3076923076923,446.6019417475728,2823676.0,2761920.0,2885432.0,131610.0,118971.0,144249.0,0.0,0.0,hard,32,1,10000,10000000,sync_on,hard_p32_w1_i10000_t10000000
13.61,0.0,0.0,0.0,2769652.0,2769652.0,2769652.0,129611.0,129611.0,129611.0,0.0,0.0,hard,32,1,10000,10000000,sync_on,hard_p32_w1_i10000_t10000000
13.66,0.0,0.0,0.0,2743264.0,2743264.0,2743264.0,149567.0,149567.0,149567.0,0.0,0.0,hard,32,1,10000,10000000,sync_on,hard_p32_w1_i10000_t10000000
13.67,194.1747572815534,194.1747572815534,194.1747572815534,2738996.0,2738996.0,2738996.0,156780.0,156780.0,156780.0,0.0,0.0,hard,32,1,10000,10000000,sync_on,hard_p32_w1_i10000_t10000000
13.68,262.1359223300971,262.1359223300971,262.1359223300971,2761988.0,2761988.0,2761988.0,140221.0,140221.0,140221.0,0.0,0.0,hard,32,1,10000,10000000,sync_on,hard_p32_w1_i10000_t10000000
13.69,173.0769230769231,173.0769230769231,173.0769230769231,2885464.0,2885464.0,2885464.0,118986.0,118986.0,118986.0,0.0,0.0,hard,32,1,10000,10000000,sync_on,hard_p32_w1_i10000_t10000000
13.72,0.0,0.0,0.0,2769652.0,2769652.0,2769652.0,129611.0,129611.0,129611.0,0.0,0.0,hard,32,1,10000,10000000,sync_on,hard_p32_w1_i10000_t10000000
13.77,221.85399551904408,145.63106796116506,298.0769230769231,2741294.0,2739168.0,2743420.0,151168.0,145531.0,156805.0,0.0,0.0,hard,32,1,10000,10000000,sync_on,hard_p32_w1_i10000_t10000000
13.79,302.88461538461536,192.30769230769232,413.46153846153845,2823886.0,2762092.0,2885680.0,129619.0,119004.0,140234.0,0.0,0.0,hard,32,1,10000,10000000,sync_on,hard_p32_w1_i10000_t10000000
13.82,0.0,0.0,0.0,2769652.0,2769652.0,2769652.0,129611.0,129611.0,129611.0,0.0,0.0,hard,32,1,10000,10000000,sync_on,hard_p32_w1_i10000_t10000000
13.87,201.92307692307693,201.92307692307693,201.92307692307693,2743528.0,2743528.0,2743528.0,145552.0,145552.0,145552.0,0.0,0.0,hard,32,1,10000,10000000,sync_on,hard_p32_w1_i10000_t10000000
13.88,355.7692307692308,355.7692307692308,355.7692307692308,2739312.0,2739312.0,2739312.0,156821.0,156821.0,156821.0,0.0,0.0,hard,32,1,10000,10000000,sync_on,hard_p32_w1_i10000_t10000000
13.89,309.55937266616877,230.76923076923077,388.3495145631068,2824094.0,2762224.0,2885964.0,129636.0,119022.0,140250.0,0.0,0.0,hard,32,1,10000,10000000,sync_on,hard_p32_w1_i10000_t10000000
13.92,0.0,0.0,0.0,2769652.0,2769652.0,2769652.0,129611.0,129611.0,129611.0,0.0,0.0,hard,32,1,10000,10000000,sync_on,hard_p32_w1_i10000_t10000000
13.97,288.46153846153845,288.46153846153845,288.46153846153845,2743736.0,2743736.0,2743736.0,145569.0,145569.0,145569.0,0.0,0.0,hard,32,1,10000,10000000,sync_on,hard_p32_w1_i10000_t10000000
13.98,339.80582524271847,339.80582524271847,339.80582524271847,2739664.0,2739664.0,2739664.0,156831.0,156831.0,156831.0,0.0,0.0,hard,32,1,10000,10000000,sync_on,hard_p32_w1_i10000_t10000000
13.99,174.75728155339806,174.75728155339806,174.75728155339806,2762300.0,2762300.0,2762300.0,140262.0,140262.0,140262.0,0.0,0.0,hard,32,1,10000,10000000,sync_on,hard_p32_w1_i10000_t10000000
14.0,269.2307692307692,269.2307692307692,269.2307692307692,2886000.0,2886000.0,2886000.0,119036.0,119036.0,119036.0,0.0,0.0,hard,32,1,10000,10000000,sync_on,hard_p32_w1_i10000_t10000000
14.03,0.0,0.0,0.0,2769652.0,2769652.0,2769652.0,129611.0,129611.0,129611.0,0.0,0.0,hard,32,1,10000,10000000,sync_on,hard_p32_w1_i10000_t10000000
14.08,310.67961165048547,310.67961165048547,310.67961165048547,2743944.0,2743944.0,2743944.0,145582.0,145582.0,145582.0,0.0,0.0,hard,32,1,10000,10000000,sync_on,hard_p32_w1_i10000_t10000000
14.09,153.84615384615384,153.84615384615384,153.84615384615384,2739800.0,2739800.0,2739800.0,157105.0,157105.0,157105.0,0.0,0.0,hard,32,1,10000,10000000,sync_on,hard_p32_w1_i10000_t10000000
14.1,290.3286034353996,192.30769230769232,388.3495145631068,2824228.0,2762316.0,2886140.0,129666.0,119057.0,140275.0,0.0,0.0,hard,32,1,10000,10000000,sync_on,hard_p32_w1_i10000_t10000000
14.13,0.0,0.0,0.0,2769652.0,2769652.0,2769652.0,129611.0,129611.0,129611.0,0.0,0.0,hard,32,1,10000,10000000,sync_on,hard_p32_w1_i10000_t10000000
14.18,307.6923076923077,307.6923076923077,307.6923076923077,2744180.0,2744180.0,2744180.0,145599.0,145599.0,145599.0,0.0,0.0,hard,32,1,10000,10000000,sync_on,hard_p32_w1_i10000_t10000000
14.19,38.46153846153846,38.46153846153846,38.46153846153846,2739880.0,2739880.0,2739880.0,157113.0,157113.0,157113.0,0.0,0.0,hard,32,1,10000,10000000,sync_on,hard_p32_w1_i10000_t10000000
14.2,259.61538461538464,259.61538461538464,259.61538461538464,2762368.0,2762368.0,2762368.0,140289.0,140289.0,140289.0,0.0,0.0,hard,32,1,10000,10000000,sync_on,hard_p32_w1_i10000_t10000000
14.21,317.3076923076923,317.3076923076923,317.3076923076923,2886236.0,2886236.0,2886236.0,119078.0,119078.0,119078.0,0.0,0.0,hard,32,1,10000,10000000,sync_on,hard_p32_w1_i10000_t10000000
14.23,0.0,0.0,0.0,2769652.0,2769652.0,2769652.0,129611.0,129611.0,129611.0,0.0,0.0,hard,32,1,10000,10000000,sync_on,hard_p32_w1_i10000_t10000000
14.29,217.51306945481704,192.30769230769232,242.71844660194176,2742198.0,2740052.0,2744344.0,151366.0,145612.0,157120.0,0.0,0.0,hard,32,1,10000,10000000,sync_on,hard_p32_w1_i10000_t10000000
14.3,300.97087378640776,300.97087378640776,300.97087378640776,2762504.0,2762504.0,2762504.0,140304.0,140304.0,140304.0,0.0,0.0,hard,32,1,10000,10000000,sync_on,hard_p32_w1_i10000_t10000000
14.31,165.0485436893204,165.0485436893204,165.0485436893204,2886268.0,2886268.0,2886268.0,119091.0,119091.0,119091.0,0.0,0.0,hard,32,1,10000,10000000,sync_on,hard_p32_w1_i10000_t10000000
14.34,0.0,0.0,0.0,2769652.0,2769652.0,2769652.0,129611.0,129611.0,129611.0,0.0,0.0,hard,32,1,10000,10000000,sync_on,hard_p32_w1_i10000_t10000000
14.39,349.5145631067961,349.5145631067961,349.5145631067961,2744484.0,2744484.0,2744484.0,145631.0,145631.0,145631.0,0.0,0.0,hard,32,1,10000,10000000,sync_on,hard_p32_w1_i10000_t10000000
14.4,250.0,250.0,250.0,2740176.0,2740176.0,2740176.0,153092.0,153092.0,153092.0,0.0,0.0,hard,32,1,10000,10000000,sync_on,hard_p32_w1_i10000_t10000000
14.41,331.7307692307692,240.3846153846154,423.0769230769231,2824456.0,2762556.0,2886356.0,129713.0,119107.0,140319.0,0.0,0.0,hard,32,1,10000,10000000,sync_on,hard_p32_w1_i10000_t10000000
14.44,233.0097087378641,233.0097087378641,233.0097087378641,2769852.0,2769852.0,2769852.0,129628.0,129628.0,129628.0,0.0,0.0,hard,32,1,10000,10000000,sync_on,hard_p32_w1_i10000_t10000000
14.49,250.0,250.0,250.0,2744592.0,2744592.0,2744592.0,145905.0,145905.0,145905.0,0.0,0.0,hard,32,1,10000,10000000,sync_on,hard_p32_w1_i10000_t10000000
14.5,288.46153846153845,288.46153846153845,288.46153846153845,2740364.0,2740364.0,2740364.0,153111.0,153111.0,153111.0,0.0,0.0,hard,32,1,10000,10000000,sync_on,hard_p32_w1_i10000_t10000000
14.51,368.93203883495147,368.93203883495147,368.93203883495147,2762648.0,2762648.0,2762648.0,140331.0,140331.0,140331.0,0.0,0.0,hard,32,1,10000,10000000,sync_on,hard_p32_w1_i10000_t10000000
14.52,326.92307692307696,326.92307692307696,326.92307692307696,2886432.0,2886432.0,2886432.0,119125.0,119125.0,119125.0,0.0,0.0,hard,32,1,10000,10000000,sync_on,hard_p32_w1_i10000_t10000000
14.54,144.23076923076923,144.23076923076923,144.23076923076923,2768108.0,2768108.0,2768108.0,127790.0,127790.0,127790.0,0.0,0.0,hard,32,1,10000,10000000,sync_on,hard_p32_w1_i10000_t10000000
14.6,82.5242718446602,0.0,165.0485436893204,2742570.0,2740548.0,2744592.0,149644.5,145905.0,153384.0,0.0,0.0,hard,32,1,10000,10000000,sync_on,hard_p32_w1_i10000_t10000000
14.62,304.65832710978344,240.3846153846154,368.93203883495147,2824600.0,2762692.0,2886508.0,129741.5,119141.0,140342.0,0.0,0.0,hard,32,1,10000,10000000,sync_on,hard_p32_w1_i10000_t10000000
14.65,368.93203883495147,368.93203883495147,368.93203883495147,2768336.0,2768336.0,2768336.0,127809.0,127809.0,127809.0,0.0,0.0,hard,32,1,10000,10000000,sync_on,hard_p32_w1_i10000_t10000000
14.7,165.0485436893204,165.0485436893204,165.0485436893204,2744876.0,2744876.0,2744876.0,145918.0,145918.0,145918.0,0.0,0.0,hard,32,1,10000,10000000,sync_on,hard_p32_w1_i10000_t10000000
14.71,0.0,0.0,0.0,2740548.0,2740548.0,2740548.0,153384.0,153384.0,153384.0,0.0,0.0,hard,32,1,10000,10000000,sync_on,hard_p32_w1_i10000_t10000000
14.72,221.15384615384616,192.30769230769232,250.0,2824632.0,2762720.0,2886544.0,129757.0,119157.0,140357.0,0.0,0.0,hard,32,1,10000,10000000,sync_on,hard_p32_w1_i10000_t10000000
14.75,221.15384615384616,221.15384615384616,221.15384615384616,2768512.0,2768512.0,2768512.0,127826.0,127826.0,127826.0,0.0,0.0,hard,32,1,10000,10000000,sync_on,hard_p32_w1_i10000_t10000000
14.8,278.84615384615387,278.84615384615387,278.84615384615387,2744952.0,2744952.0,2744952.0,141896.0,141896.0,141896.0,0.0,0.0,hard,32,1,10000,10000000,sync_on,hard_p32_w1_i10000_t10000000
14.81,384.61538461538464,384.61538461538464,384.61538461538464,2740664.0,2740664.0,2740664.0,149361.0,149361.0,149361.0,0.0,0.0,hard,32,1,10000,10000000,sync_on,hard_p32_w1_i10000_t10000000
14.82,242.71844660194176,242.71844660194176,242.71844660194176,2762828.0,2762828.0,2762828.0,140379.0,140379.0,140379.0,0.0,0.0,hard,32,1,10000,10000000,sync_on,hard_p32_w1_i10000_t10000000
14.83,310.67961165048547,310.67961165048547,310.67961165048547,2886764.0,2886764.0,2886764.0,119175.0,119175.0,119175.0,0.0,0.0,hard,32,1,10000,10000000,sync_on,hard_p32_w1_i10000_t10000000
14.86,300.97087378640776,300.97087378640776,300.97087378640776,2768576.0,2768576.0,2768576.0,127837.0,127837.0,127837.0,0.0,0.0,hard,32,1,10000,10000000,sync_on,hard_p32_w1_i10000_t10000000
14.91,207.75765496639286,201.92307692307693,213.59223300970876,2743050.0,2741104.0,2744996.0,145642.5,141902.0,149383.0,0.0,0.0,hard,32,1,10000,10000000,sync_on,hard_p32_w1_i10000_t10000000
14.93,274.03846153846155,269.2307692307692,278.84615384615387,2824882.0,2762876.0,2886888.0,129787.5,119186.0,140389.0,0.0,0.0,hard,32,1,10000,10000000,sync_on,hard_p32_w1_i10000_t10000000
14.96,471.1538461538462,471.1538461538462,471.1538461538462,2768712.0,2768712.0,2768712.0,127854.0,127854.0,127854.0,0.0,0.0,hard,32,1,10000,10000000,sync_on,hard_p32_w1_i10000_t10000000
15.01,230.76923076923077,230.76923076923077,230.76923076923077,2745252.0,2745252.0,2745252.0,141918.0,141918.0,141918.0,0.0,0.0,hard,32,1,10000,10000000,sync_on,hard_p32_w1_i10000_t10000000
15.02,451.92307692307696,451.92307692307696,451.92307692307696,2741324.0,2741324.0,2741324.0,149394.0,149394.0,149394.0,0.0,0.0,hard,32,1,10000,10000000,sync_on,hard_p32_w1_i10000_t10000000
15.03,271.1911874533234,134.6153846153846,407.7669902912622,2824996.0,2762960.0,2887032.0,129940.5,119214.0,140667.0,0.0,0.0,hard,32,1,10000,10000000,sync_on,hard_p32_w1_i10000_t10000000
15.06,330.0970873786408,330.0970873786408,330.0970873786408,2768912.0,2768912.0,2768912.0,127871.0,127871.0,127871.0,0.0,0.0,hard,32,1,10000,10000000,sync_on,hard_p32_w1_i10000_t10000000
15.11,135.92233009708738,135.92233009708738,135.92233009708738,2745264.0,2745264.0,2745264.0,141931.0,141931.0,141931.0,0.0,0.0,hard,32,1,10000,10000000,sync_on,hard_p32_w1_i10000_t10000000
15.12,163.46153846153848,163.46153846153848,163.46153846153848,2741412.0,2741412.0,2741412.0,149403.0,149403.0,149403.0,0.0,0.0,hard,32,1,10000,10000000,sync_on,hard_p32_w1_i10000_t10000000
15.13,0.0,0.0,0.0,2762960.0,2762960.0,2762960.0,140667.0,140667.0,140667.0,0.0,0.0,hard,32,1,10000,10000000,sync_on,hard_p32_w1_i10000_t10000000
15.14,375.0,375.0,375.0,2887132.0,2887132.0,2887132.0,119233.0,119233.0,119233.0,0.0,0.0,hard,32,1,10000,10000000,sync_on,hard_p32_w1_i10000_t10000000
15.17,336.53846153846155,336.53846153846155,336.53846153846155,2769080.0,2769080.0,2769080.0,127886.0,127886.0,127886.0,0.0,0.0,hard,32,1,10000,10000000,sync_on,hard_p32_w1_i10000_t10000000
15.22,241.22479462285287,174.75728155339806,307.6923076923077,2743400.0,2741424.0,2745376.0,145683.0,141945.0,149421.0,0.0,0.0,hard,32,1,10000,10000000,sync_on,hard_p32_w1_i10000_t10000000
15.24,245.19230769230768,201.92307692307693,288.46153846153845,2825100.0,2763016.0,2887184.0,129967.5,119255.0,140680.0,0.0,0.0,hard,32,1,10000,10000000,sync_on,hard_p32_w1_i10000_t10000000
15.27,291.2621359223301,291.2621359223301,291.2621359223301,2769228.0,2769228.0,2769228.0,127900.0,127900.0,127900.0,0.0,0.0,hard,32,1,10000,10000000,sync_on,hard_p32_w1_i10000_t10000000
15.32,288.46153846153845,288.46153846153845,288.46153846153845,2745548.0,2745548.0,2745548.0,141957.0,141957.0,141957.0,0.0,0.0,hard,32,1,10000,10000000,sync_on,hard_p32_w1_i10000_t10000000
15.33,365.3846153846154,365.3846153846154,365.3846153846154,2741640.0,2741640.0,2741640.0,149434.0,149434.0,149434.0,0.0,0.0,hard,32,1,10000,10000000,sync_on,hard_p32_w1_i10000_t10000000
15.34,271.84466019417476,223.3009708737864,320.3883495145631,2825168.0,2763124.0,2887212.0,127961.5,119275.0,136648.0,0.0,0.0,hard,32,1,10000,10000000,sync_on,hard_p32_w1_i10000_t10000000
15.37,288.46153846153845,288.46153846153845,288.46153846153845,2769280.0,2769280.0,2769280.0,127911.0,127911.0,127911.0,0.0,0.0,hard,32,1,10000,10000000,sync_on,hard_p32_w1_i10000_t10000000
15.43,203.13666915608664,153.84615384615384,252.42718446601944,2743704.0,2741684.0,2745724.0,145712.0,141973.0,149451.0,0.0,0.0,hard,32,1,10000,10000000,sync_on,hard_p32_w1_i10000_t10000000
15.44,192.30769230769232,192.30769230769232,192.30769230769232,2763156.0,2763156.0,2763156.0,136666.0,136666.0,136666.0,0.0,0.0,hard,32,1,10000,10000000,sync_on,hard_p32_w1_i10000_t10000000
15.45,375.0,375.0,375.0,2887368.0,2887368.0,2887368.0,119289.0,119289.0,119289.0,0.0,0.0,hard,32,1,10000,10000000,sync_on,hard_p32_w1_i10000_t10000000
15.48,407.7669902912622,407.7669902912622,407.7669902912622,2769500.0,2769500.0,2769500.0,127929.0,127929.0,127929.0,0.0,0.0,hard,32,1,10000,10000000,sync_on,hard_p32_w1_i10000_t10000000
15.53,240.3846153846154,240.3846153846154,240.3846153846154,2745956.0,2745956.0,2745956.0,141990.0,141990.0,141990.0,0.0,0.0,hard,32,1,10000,10000000,sync_on,hard_p32_w1_i10000_t10000000
15.54,106.79611650485438,106.79611650485438,106.79611650485438,2741808.0,2741808.0,2741808.0,149718.0,149718.0,149718.0,0.0,0.0,hard,32,1,10000,10000000,sync_on,hard_p32_w1_i10000_t10000000
15.55,260.7356235997013,233.0097087378641,288.46153846153845,2825336.0,2763184.0,2887488.0,127992.5,119307.0,136678.0,0.0,0.0,hard,32,1,10000,10000000,sync_on,hard_p32_w1_i10000_t10000000
15.58,330.0970873786408,330.0970873786408,330.0970873786408,2769688.0,2769688.0,2769688.0,127948.0,127948.0,127948.0,0.0,0.0,hard,32,1,10000,10000000,sync_on,hard_p32_w1_i10000_t10000000
15.63,461.53846153846155,461.53846153846155,461.53846153846155,2746352.0,2746352.0,2746352.0,142005.0,142005.0,142005.0,0.0,0.0,hard,32,1,10000,10000000,sync_on,hard_p32_w1_i10000_t10000000
15.64,125.0,125.0,125.0,2741936.0,2741936.0,2741936.0,149719.0,149719.0,149719.0,0.0,0.0,hard,32,1,10000,10000000,sync_on,hard_p32_w1_i10000_t10000000
15.65,302.88461538461536,269.2307692307692,336.53846153846155,2825388.0,2763244.0,2887532.0,128008.5,119323.0,136694.0,0.0,0.0,hard,32,1,10000,10000000,sync_on,hard_p32_w1_i10000_t10000000
15.68,259.61538461538464,259.61538461538464,259.61538461538464,2769756.0,2769756.0,2769756.0,127960.0,127960.0,127960.0,0.0,0.0,hard,32,1,10000,10000000,sync_on,hard_p32_w1_i10000_t10000000
15.74,242.34503360716954,76.92307692307692,407.7669902912622,2744336.0,2741992.0,2746680.0,143851.0,142016.0,145686.0,0.0,0.0,hard,32,1,10000,10000000,sync_on,hard_p32_w1_i10000_t10000000
15.76,367.0182972367438,339.80582524271847,394.2307692307692,2825518.0,2763372.0,2887664.0,128028.0,119344.0,136712.0,0.0,0.0,hard,32,1,10000,10000000,sync_on,hard_p32_w1_i10000_t10000000
15.79,368.93203883495147,368.93203883495147,368.93203883495147,2769940.0,2769940.0,2769940.0,127979.0,127979.0,127979.0,0.0,0.0,hard,32,1,10000,10000000,sync_on,hard_p32_w1_i10000_t10000000
15.84,192.30769230769232,192.30769230769232,192.30769230769232,2746772.0,2746772.0,2746772.0,142031.0,142031.0,142031.0,0.0,0.0,hard,32,1,10000,10000000,sync_on,hard_p32_w1_i10000_t10000000
15.85,242.71844660194176,242.71844660194176,242.71844660194176,2742096.0,2742096.0,2742096.0,145710.0,145710.0,145710.0,0.0,0.0,hard,32,1,10000,10000000,sync_on,hard_p32_w1_i10000_t10000000
15.86,381.7681105302465,355.7692307692308,407.7669902912622,2825574.0,2763412.0,2887736.0,128039.5,119356.0,136723.0,0.0,0.0,hard,32,1,10000,10000000,sync_on,hard_p32_w1_i10000_t10000000
15.89,355.7692307692308,355.7692307692308,355.7692307692308,2770108.0,2770108.0,2770108.0,127997.0,127997.0,127997.0,0.0,0.0,hard,32,1,10000,10000000,sync_on,hard_p32_w1_i10000_t10000000
15.94,288.46153846153845,288.46153846153845,288.46153846153845,2746936.0,2746936.0,2746936.0,142047.0,142047.0,142047.0,0.0,0.0,hard,32,1,10000,10000000,sync_on,hard_p32_w1_i10000_t10000000
15.95,250.0,250.0,250.0,2742224.0,2742224.0,2742224.0,145721.0,145721.0,145721.0,0.0,0.0,hard,32,1,10000,10000000,sync_on,hard_p32_w1_i10000_t10000000
15.96,240.3846153846154,240.3846153846154,240.3846153846154,2763516.0,2763516.0,2763516.0,136738.0,136738.0,136738.0,0.0,0.0,hard,32,1,10000,10000000,sync_on,hard_p32_w1_i10000_t10000000
15.97,192.30769230769232,192.30769230769232,192.30769230769232,2887768.0,2887768.0,2887768.0,119378.0,119378.0,119378.0,0.0,0.0,hard,32,1,10000,10000000,sync_on,hard_p32_w1_i10000_t10000000
15.99,298.0769230769231,298.0769230769231,298.0769230769231,2770184.0,2770184.0,2770184.0,128003.0,128003.0,128003.0,0.0,0.0,hard,32,1,10000,10000000,sync_on,hard_p32_w1_i10000_t10000000
16.05,241.45817774458553,223.3009708737864,259.61538461538464,2744696.0,2742336.0,2747056.0,143896.0,142060.0,145732.0,0.0,0.0,hard,32,1,10000,10000000,sync_on,hard_p32_w1_i10000_t10000000
16.07,315.5339805825243,291.2621359223301,339.80582524271847,2825694.0,2763584.0,2887804.0,128074.5,119397.0,136752.0,0.0,0.0,hard,32,1,10000,10000000,sync_on,hard_p32_w1_i10000_t10000000
16.1,281.55339805825247,281.55339805825247,281.55339805825247,2770448.0,2770448.0,2770448.0,128020.0,128020.0,128020.0,0.0,0.0,hard,32,1,10000,10000000,sync_on,hard_p32_w1_i10000_t10000000
16.15,250.0,250.0,250.0,2747072.0,2747072.0,2747072.0,142078.0,142078.0,142078.0,0.0,0.0,hard,32,1,10000,10000000,sync_on,hard_p32_w1_i10000_t10000000
16.16,174.75728155339806,174.75728155339806,174.75728155339806,2742364.0,2742364.0,2742364.0,145749.0,145749.0,145749.0,0.0,0.0,hard,32,1,10000,10000000,sync_on,hard_p32_w1_i10000_t10000000
16.17,307.69230769230774,259.61538461538464,355.7692307692308,2825814.0,2763636.0,2887992.0,128089.0,119411.0,136767.0,0.0,0.0,hard,32,1,10000,10000000,sync_on,hard_p32_w1_i10000_t10000000
16.2,230.76923076923077,230.76923076923077,230.76923076923077,2770520.0,2770520.0,2770520.0,128038.0,128038.0,128038.0,0.0,0.0,hard,32,1,10000,10000000,sync_on,hard_p32_w1_i10000_t10000000
16.25,259.61538461538464,259.61538461538464,259.61538461538464,2747200.0,2747200.0,2747200.0,142088.0,142088.0,142088.0,0.0,0.0,hard,32,1,10000,10000000,sync_on,hard_p32_w1_i10000_t10000000
16.26,346.1538461538462,346.1538461538462,346.1538461538462,2742424.0,2742424.0,2742424.0,145762.0,145762.0,145762.0,0.0,0.0,hard,32,1,10000,10000000,sync_on,hard_p32_w1_i10000_t10000000
16.27,163.46153846153848,163.46153846153848,163.46153846153848,2763664.0,2763664.0,2763664.0,136775.0,136775.0,136775.0,0.0,0.0,hard,32,1,10000,10000000,sync_on,hard_p32_w1_i10000_t10000000
16.28,330.0970873786408,330.0970873786408,330.0970873786408,2888144.0,2888144.0,2888144.0,119428.0,119428.0,119428.0,0.0,0.0,hard,32,1,10000,10000000,sync_on,hard_p32_w1_i10000_t10000000
16.3,300.97087378640776,300.97087378640776,300.97087378640776,2770668.0,2770668.0,2770668.0,128051.0,128051.0,128051.0,0.0,0.0,hard,32,1,10000,10000000,sync_on,hard_p32_w1_i10000_t10000000
16.36,242.71844660194176,242.71844660194176,242.71844660194176,2747348.0,2747348.0,2747348.0,142106.0,142106.0,142106.0,0.0,0.0,hard,32,1,10000,10000000,sync_on,hard_p32_w1_i10000_t10000000
16.37,240.3846153846154,240.3846153846154,240.3846153846154,2742572.0,2742572.0,2742572.0,145770.0,145770.0,145770.0,0.0,0.0,hard,32,1,10000,10000000,sync_on,hard_p32_w1_i10000_t10000000
16.38,350.96153846153845,288.46153846153845,413.46153846153845,2826080.0,2763808.0,2888352.0,128120.5,119449.0,136792.0,0.0,0.0,hard,32,1,10000,10000000,sync_on,hard_p32_w1_i10000_t10000000
16.41,144.23076923076923,144.23076923076923,144.23076923076923,2770692.0,2770692.0,2770692.0,128059.0,128059.0,128059.0,0.0,0.0,hard,32,1,10000,10000000,sync_on,hard_p32_w1_i10000_t10000000
16.46,298.0769230769231,298.0769230769231,298.0769230769231,2747628.0,2747628.0,2747628.0,142120.0,142120.0,142120.0,0.0,0.0,hard,32,1,10000,10000000,sync_on,hard_p32_w1_i10000_t10000000
16.47,203.8834951456311,203.8834951456311,203.8834951456311,2742688.0,2742688.0,2742688.0,145786.0,145786.0,145786.0,0.0,0.0,hard,32,1,10000,10000000,sync_on,hard_p32_w1_i10000_t10000000
16.48,305.8252427184466,223.3009708737864,388.3495145631068,2826180.0,2763864.0,2888496.0,128137.0,119468.0,136806.0,0.0,0.0,hard,32,1,10000,10000000,sync_on,hard_p32_w1_i10000_t10000000
16.51,242.71844660194176,242.71844660194176,242.71844660194176,2770840.0,2770840.0,2770840.0,128075.0,128075.0,128075.0,0.0,0.0,hard,32,1,10000,10000000,sync_on,hard_p32_w1_i10000_t10000000
16.57,278.84615384615387,221.15384615384616,336.53846153846155,2745402.0,2742772.0,2748032.0,143964.0,142130.0,145798.0,0.0,0.0,hard,32,1,10000,10000000,sync_on,hard_p32_w1_i10000_t10000000
16.59,288.46153846153845,250.0,326.92307692307696,2826260.0,2763896.0,2888624.0,128153.0,119489.0,136817.0,0.0,0.0,hard,32,1,10000,10000000,sync_on,hard_p32_w1_i10000_t10000000
16.61,240.3846153846154,240.3846153846154,240.3846153846154,2770896.0,2770896.0,2770896.0,128092.0,128092.0,128092.0,0.0,0.0,hard,32,1,10000,10000000,sync_on,hard_p32_w1_i10000_t10000000
16.67,339.80582524271847,339.80582524271847,339.80582524271847,2748260.0,2748260.0,2748260.0,142143.0,142143.0,142143.0,0.0,0.0,hard,32,1,10000,10000000,sync_on,hard_p32_w1_i10000_t10000000
16.68,240.3846153846154,240.3846153846154,240.3846153846154,2742852.0,2742852.0,2742852.0,145815.0,145815.0,145815.0,0.0,0.0,hard,32,1,10000,10000000,sync_on,hard_p32_w1_i10000_t10000000
16.69,235.5769230769231,211.53846153846155,259.61538461538464,2826314.0,2763936.0,2888692.0,128171.5,119508.0,136835.0,0.0,0.0,hard,32,1,10000,10000000,sync_on,hard_p32_w1_i10000_t10000000
16.72,252.42718446601944,252.42718446601944,252.42718446601944,2771020.0,2771020.0,2771020.0,128105.0,128105.0,128105.0,0.0,0.0,hard,32,1,10000,10000000,sync_on,hard_p32_w1_i10000_t10000000
16.77,173.0769230769231,173.0769230769231,173.0769230769231,2748392.0,2748392.0,2748392.0,142157.0,142157.0,142157.0,0.0,0.0,hard,32,1,10000,10000000,sync_on,hard_p32_w1_i10000_t10000000
16.78,48.54368932038835,48.54368932038835,48.54368932038835,2742916.0,2742916.0,2742916.0,146082.0,146082.0,146082.0,0.0,0.0,hard,32,1,10000,10000000,sync_on,hard_p32_w1_i10000_t10000000
16.79,315.5339805825243,262.1359223300971,368.93203883495147,2826472.0,2764024.0,2888920.0,128184.5,119523.0,136846.0,0.0,0.0,hard,32,1,10000,10000000,sync_on,hard_p32_w1_i10000_t10000000
16.82,230.76923076923077,230.76923076923077,230.76923076923077,2771204.0,2771204.0,2771204.0,128120.0,128120.0,128120.0,0.0,0.0,hard,32,1,10000,10000000,sync_on,hard_p32_w1_i10000_t10000000
16.88,134.6153846153846,57.69230769230769,211.53846153846155,2745678.0,2742928.0,2748428.0,144129.5,142170.0,146089.0,0.0,0.0,hard,32,1,10000,10000000,sync_on,hard_p32_w1_i10000_t10000000
16.9,298.0769230769231,211.53846153846155,384.61538461538464,2826530.0,2764048.0,2889012.0,128201.0,119540.0,136862.0,0.0,0.0,hard,32,1,10000,10000000,sync_on,hard_p32_w1_i10000_t10000000
16.93,330.0970873786408,330.0970873786408,330.0970873786408,2771440.0,2771440.0,2771440.0,128798.0,128798.0,128798.0,0.0,0.0,hard,32,1,10000,10000000,sync_on,hard_p32_w1_i10000_t10000000
16.98,378.6407766990292,378.6407766990292,378.6407766990292,2748548.0,2748548.0,2748548.0,142191.0,142191.0,142191.0,0.0,0.0,hard,32,1,10000,10000000,sync_on,hard_p32_w1_i10000_t10000000
16.99,320.3883495145631,320.3883495145631,320.3883495145631,2743164.0,2743164.0,2743164.0,142063.0,142063.0,142063.0,0.0,0.0,hard,32,1,10000,10000000,sync_on,hard_p32_w1_i10000_t10000000
17.0,367.34503360716957,326.92307692307696,407.7669902912622,2826666.0,2764152.0,2889180.0,128221.0,119567.0,136875.0,0.0,0.0,hard,32,1,10000,10000000,sync_on,hard_p32_w1_i10000_t10000000
17.03,250.0,250.0,250.0,2771720.0,2771720.0,2771720.0,129990.0,129990.0,129990.0,0.0,0.0,hard,32,1,10000,10000000,sync_on,hard_p32_w1_i10000_t10000000
17.08,221.15384615384616,221.15384615384616,221.15384615384616,2748592.0,2748592.0,2748592.0,142202.0,142202.0,142202.0,0.0,0.0,hard,32,1,10000,10000000,sync_on,hard_p32_w1_i10000_t10000000
17.09,240.3846153846154,240.3846153846154,240.3846153846154,2743288.0,2743288.0,2743288.0,142072.0,142072.0,142072.0,0.0,0.0,hard,32,1,10000,10000000,sync_on,hard_p32_w1_i10000_t10000000
17.1,368.93203883495147,368.93203883495147,368.93203883495147,2764228.0,2764228.0,2764228.0,136894.0,136894.0,136894.0,0.0,0.0,hard,32,1,10000,10000000,sync_on,hard_p32_w1_i10000_t10000000
17.11,298.0769230769231,298.0769230769231,298.0769230769231,2889228.0,2889228.0,2889228.0,119577.0,119577.0,119577.0,0.0,0.0,hard,32,1,10000,10000000,sync_on,hard_p32_w1_i10000_t10000000
17.13,0.0,0.0,0.0,2771720.0,2771720.0,2771720.0,129990.0,129990.0,129990.0,0.0,0.0,hard,32,1,10000,10000000,sync_on,hard_p32_w1_i10000_t10000000
17.19,250.0,250.0,250.0,2748740.0,2748740.0,2748740.0,142216.0,142216.0,142216.0,0.0,0.0,hard,32,1,10000,10000000,sync_on,hard_p32_w1_i10000_t10000000
17.2,269.2307692307692,269.2307692307692,269.2307692307692,2743556.0,2743556.0,2743556.0,142082.0,142082.0,142082.0,0.0,0.0,hard,32,1,10000,10000000,sync_on,hard_p32_w1_i10000_t10000000
17.21,231.60941000746826,174.75728155339806,288.46153846153845,2826932.0,2764276.0,2889588.0,128255.5,119597.0,136914.0,0.0,0.0,hard,32,1,10000,10000000,sync_on,hard_p32_w1_i10000_t10000000
17.24,0.0,0.0,0.0,2771720.0,2771720.0,2771720.0,129990.0,129990.0,129990.0,0.0,0.0,hard,32,1,10000,10000000,sync_on,hard_p32_w1_i10000_t10000000
17.29,174.75728155339806,174.75728155339806,174.75728155339806,2748832.0,2748832.0,2748832.0,142227.0,142227.0,142227.0,0.0,0.0,hard,32,1,10000,10000000,sync_on,hard_p32_w1_i10000_t10000000
17.3,330.0970873786408,330.0970873786408,330.0970873786408,2743764.0,2743764.0,2743764.0,142106.0,142106.0,142106.0,0.0,0.0,hard,32,1,10000,10000000,sync_on,hard_p32_w1_i10000_t10000000
17.31,341.3461538461538,307.6923076923077,375.0,2827012.0,2764348.0,2889676.0,128271.5,119620.0,136923.0,0.0,0.0,hard,32,1,10000,10000000,sync_on,hard_p32_w1_i10000_t10000000
17.34,0.0,0.0,0.0,2771720.0,2771720.0,2771720.0,129990.0,129990.0,129990.0,0.0,0.0,hard,32,1,10000,10000000,sync_on,hard_p32_w1_i10000_t10000000
17.39,259.61538461538464,259.61538461538464,259.61538461538464,2749124.0,2749124.0,2749124.0,142245.0,142245.0,142245.0,0.0,0.0,hard,32,1,10000,10000000,sync_on,hard_p32_w1_i10000_t10000000
17.4,384.61538461538464,384.61538461538464,384.61538461538464,2743900.0,2743900.0,2743900.0,142122.0,142122.0,142122.0,0.0,0.0,hard,32,1,10000,10000000,sync_on,hard_p32_w1_i10000_t10000000
17.41,271.84466019417476,242.71844660194176,300.97087378640776,2827062.0,2764384.0,2889740.0,128286.5,119630.0,136943.0,0.0,0.0,hard,32,1,10000,10000000,sync_on,hard_p32_w1_i10000_t10000000
17.44,0.0,0.0,0.0,2771720.0,2771720.0,2771720.0,129990.0,129990.0,129990.0,0.0,0.0,hard,32,1,10000,10000000,sync_on,hard_p32_w1_i10000_t10000000
17.5,291.2621359223301,291.2621359223301,291.2621359223301,2749344.0,2749344.0,2749344.0,142259.0,142259.0,142259.0,0.0,0.0,hard,32,1,10000,10000000,sync_on,hard_p32_w1_i10000_t10000000
17.51,298.0769230769231,298.0769230769231,298.0769230769231,2743976.0,2743976.0,2743976.0,142131.0,142131.0,142131.0,0.0,0.0,hard,32,1,10000,10000000,sync_on,hard_p32_w1_i10000_t10000000
17.52,245.19230769230768,153.84615384615384,336.53846153846155,2827108.0,2764452.0,2889764.0,128301.0,119648.0,136954.0,0.0,0.0,hard,32,1,10000,10000000,sync_on,hard_p32_w1_i10000_t10000000
17.55,0.0,0.0,0.0,2771720.0,2771720.0,2771720.0,129990.0,129990.0,129990.0,0.0,0.0,hard,32,1,10000,10000000,sync_on,hard_p32_w1_i10000_t10000000
17.6,245.0980392156863,245.0980392156863,245.0980392156863,2749360.0,2749360.0,2749360.0,142272.0,142272.0,142272.0,0.0,0.0,hard,32,1,10000,10000000,sync_on,hard_p32_w1_i10000_t10000000
17.61,223.3009708737864,223.3009708737864,223.3009708737864,2744044.0,2744044.0,2744044.0,142157.0,142157.0,142157.0,0.0,0.0,hard,32,1,10000,10000000,sync_on,hard_p32_w1_i10000_t10000000
17.62,326.9230769230769,144.23076923076923,509.61538461538464,2827214.0,2764468.0,2889960.0,128315.0,119666.0,136964.0,0.0,0.0,hard,32,1,10000,10000000,sync_on,hard_p32_w1_i10000_t10000000
17.65,0.0,0.0,0.0,2771720.0,2771720.0,2771720.0,129990.0,129990.0,129990.0,0.0,0.0,hard,32,1,10000,10000000,sync_on,hard_p32_w1_i10000_t10000000
17.7,221.15384615384616,221.15384615384616,221.15384615384616,2749620.0,2749620.0,2749620.0,142289.0,142289.0,142289.0,0.0,0.0,hard,32,1,10000,10000000,sync_on,hard_p32_w1_i10000_t10000000
17.71,326.92307692307696,326.92307692307696,326.92307692307696,2744232.0,2744232.0,2744232.0,142167.0,142167.0,142167.0,0.0,0.0,hard,32,1,10000,10000000,sync_on,hard_p32_w1_i10000_t10000000
17.73,349.5145631067961,262.1359223300971,436.8932038834952,2827460.0,2764580.0,2890340.0,128333.0,119687.0,136979.0,0.0,0.0,hard,32,1,10000,10000000,sync_on,hard_p32_w1_i10000_t10000000
17.75,0.0,0.0,0.0,2771720.0,2771720.0,2771720.0,129990.0,129990.0,129990.0,0.0,0.0,hard,32,1,10000,10000000,sync_on,hard_p32_w1_i10000_t10000000
17.81,233.0097087378641,233.0097087378641,233.0097087378641,2749768.0,2749768.0,2749768.0,142303.0,142303.0,142303.0,0.0,0.0,hard,32,1,10000,10000000,sync_on,hard_p32_w1_i10000_t10000000
17.82,336.53846153846155,336.53846153846155,336.53846153846155,2744444.0,2744444.0,2744444.0,142186.0,142186.0,142186.0,0.0,0.0,hard,32,1,10000,10000000,sync_on,hard_p32_w1_i10000_t10000000
17.83,278.8461538461538,269.2307692307692,288.46153846153845,2827586.0,2764608.0,2890564.0,128348.0,119700.0,136996.0,0.0,0.0,hard,32,1,10000,10000000,sync_on,hard_p32_w1_i10000_t10000000
17.86,48.54368932038835,48.54368932038835,48.54368932038835,2771732.0,2771732.0,2771732.0,129990.0,129990.0,129990.0,0.0,0.0,hard,32,1,10000,10000000,sync_on,hard_p32_w1_i10000_t10000000
17.91,365.3846153846154,365.3846153846154,365.3846153846154,2750028.0,2750028.0,2750028.0,142317.0,142317.0,142317.0,0.0,0.0,hard,32,1,10000,10000000,sync_on,hard_p32_w1_i10000_t10000000
17.92,182.6923076923077,182.6923076923077,182.6923076923077,2744536.0,2744536.0,2744536.0,142199.0,142199.0,142199.0,0.0,0.0,hard,32,1,10000,10000000,sync_on,hard_p32_w1_i10000_t10000000
17.93,299.71060492905156,259.61538461538464,339.80582524271847,2827658.0,2764664.0,2890652.0,128362.5,119716.0,137009.0,0.0,0.0,hard,32,1,10000,10000000,sync_on,hard_p32_w1_i10000_t10000000
17.96,115.38461538461539,115.38461538461539,115.38461538461539,2771932.0,2771932.0,2771932.0,129996.0,129996.0,129996.0,0.0,0.0,hard,32,1,10000,10000000,sync_on,hard_p32_w1_i10000_t10000000
18.02,275.25205377147125,252.42718446601944,298.0769230769231,2747428.0,2744680.0,2750176.0,142270.5,142210.0,142331.0,0.0,0.0,hard,32,1,10000,10000000,sync_on,hard_p32_w1_i10000_t10000000
18.04,217.32636295743094,203.8834951456311,230.76923076923077,2827694.0,2764692.0,2890696.0,128424.0,119828.0,137020.0,0.0,0.0,hard,32,1,10000,10000000,sync_on,hard_p32_w1_i10000_t10000000
18.06,300.97087378640776,300.97087378640776,300.97087378640776,2770456.0,2770456.0,2770456.0,129334.0,129334.0,129334.0,0.0,0.0,hard,32,1,10000,10000000,sync_on,hard_p32_w1_i10000_t10000000
18.12,242.71844660194176,242.71844660194176,242.71844660194176,2750380.0,2750380.0,2750380.0,142346.0,142346.0,142346.0,0.0,0.0,hard,32,1,10000,10000000,sync_on,hard_p32_w1_i10000_t10000000
18.13,182.6923076923077,182.6923076923077,182.6923076923077,2744828.0,2744828.0,2744828.0,142220.0,142220.0,142220.0,0.0,0.0,hard,32,1,10000,10000000,sync_on,hard_p32_w1_i10000_t10000000
18.14,173.1235997012696,9.708737864077671,336.53846153846155,2827726.0,2764752.0,2890700.0,128521.0,120006.0,137036.0,0.0,0.0,hard,32,1,10000,10000000,sync_on,hard_p32_w1_i10000_t10000000
18.17,19.23076923076923,19.23076923076923,19.23076923076923,2770488.0,2770488.0,2770488.0,130013.0,130013.0,130013.0,0.0,0.0,hard,32,1,10000,10000000,sync_on,hard_p32_w1_i10000_t10000000
18.22,355.7692307692308,355.7692307692308,355.7692307692308,2750524.0,2750524.0,2750524.0,142356.0,142356.0,142356.0,0.0,0.0,hard,32,1,10000,10000000,sync_on,hard_p32_w1_i10000_t10000000
18.23,269.2307692307692,269.2307692307692,269.2307692307692,2745012.0,2745012.0,2745012.0,142238.0,142238.0,142238.0,0.0,0.0,hard,32,1,10000,10000000,sync_on,hard_p32_w1_i10000_t10000000
18.24,255.92793129200896,233.0097087378641,278.84615384615387,2827822.0,2764796.0,2890848.0,128529.5,120012.0,137047.0,0.0,0.0,hard,32,1,10000,10000000,sync_on,hard_p32_w1_i10000_t10000000
18.27,0.0,0.0,0.0,2770488.0,2770488.0,2770488.0,130013.0,130013.0,130013.0,0.0,0.0,hard,32,1,10000,10000000,sync_on,hard_p32_w1_i10000_t10000000
18.33,221.15384615384616,221.15384615384616,221.15384615384616,2750572.0,2750572.0,2750572.0,142373.0,142373.0,142373.0,0.0,0.0,hard,32,1,10000,10000000,sync_on,hard_p32_w1_i10000_t10000000
18.34,271.84466019417476,271.84466019417476,271.84466019417476,2745088.0,2745088.0,2745088.0,142253.0,142253.0,142253.0,0.0,0.0,hard,32,1,10000,10000000,sync_on,hard_p32_w1_i10000_t10000000
18.35,139.4230769230769,134.6153846153846,144.23076923076923,2827838.0,2764816.0,2890860.0,126524.5,115989.0,137060.0,0.0,0.0,hard,32,1,10000,10000000,sync_on,hard_p32_w1_i10000_t10000000
18.37,0.0,0.0,0.0,2770488.0,2770488.0,2770488.0,130013.0,130013.0,130013.0,0.0,0.0,hard,32,1,10000,10000000,sync_on,hard_p32_w1_i10000_t10000000
18.43,300.97087378640776,300.97087378640776,300.97087378640776,2750632.0,2750632.0,2750632.0,142386.0,142386.0,142386.0,0.0,0.0,hard,32,1,10000,10000000,sync_on,hard_p32_w1_i10000_t10000000
18.44,269.2307692307692,269.2307692307692,269.2307692307692,2745204.0,2745204.0,2745204.0,142262.0,142262.0,142262.0,0.0,0.0,hard,32,1,10000,10000000,sync_on,hard_p32_w1_i10000_t10000000
18.45,378.6407766990292,320.3883495145631,436.8932038834952,2827910.0,2764868.0,2890952.0,126538.0,116005.0,137071.0,0.0,0.0,hard,32,1,10000,10000000,sync_on,hard_p32_w1_i10000_t10000000
18.48,0.0,0.0,0.0,2770488.0,2770488.0,2770488.0,130013.0,130013.0,130013.0,0.0,0.0,hard,32,1,10000,10000000,sync_on,hard_p32_w1_i10000_t10000000
18.53,326.92307692307696,326.92307692307696,326.92307692307696,2750816.0,2750816.0,2750816.0,142400.0,142400.0,142400.0,0.0,0.0,hard,32,1,10000,10000000,sync_on,hard_p32_w1_i10000_t10000000
18.54,269.2307692307692,269.2307692307692,269.2307692307692,2745488.0,2745488.0,2745488.0,142274.0,142274.0,142274.0,0.0,0.0,hard,32,1,10000,10000000,sync_on,hard_p32_w1_i10000_t10000000
18.55,350.96153846153845,307.6923076923077,394.2307692307692,2827974.0,2764916.0,2891032.0,126556.5,116018.0,137095.0,0.0,0.0,hard,32,1,10000,10000000,sync_on,hard_p32_w1_i10000_t10000000
18.58,0.0,0.0,0.0,2770488.0,2770488.0,2770488.0,130013.0,130013.0,130013.0,0.0,0.0,hard,32,1,10000,10000000,sync_on,hard_p32_w1_i10000_t10000000
18.64,144.23076923076923,144.23076923076923,144.23076923076923,2750844.0,2750844.0,2750844.0,142411.0,142411.0,142411.0,0.0,0.0,hard,32,1,10000,10000000,sync_on,hard_p32_w1_i10000_t10000000
18.65,346.1538461538462,346.1538461538462,346.1538461538462,2745780.0,2745780.0,2745780.0,142291.0,142291.0,142291.0,0.0,0.0,hard,32,1,10000,10000000,sync_on,hard_p32_w1_i10000_t10000000
18.66,361.8371919342793,262.1359223300971,461.53846153846155,2828136.0,2764984.0,2891288.0,126574.5,116039.0,137110.0,0.0,0.0,hard,32,1,10000,10000000,sync_on,hard_p32_w1_i10000_t10000000
18.68,0.0,0.0,0.0,2770488.0,2770488.0,2770488.0,130013.0,130013.0,130013.0,0.0,0.0,hard,32,1,10000,10000000,sync_on,hard_p32_w1_i10000_t10000000
18.74,378.6407766990292,378.6407766990292,378.6407766990292,2751140.0,2751140.0,2751140.0,142423.0,142423.0,142423.0,0.0,0.0,hard,32,1,10000,10000000,sync_on,hard_p32_w1_i10000_t10000000
18.75,233.0097087378641,233.0097087378641,233.0097087378641,2745884.0,2745884.0,2745884.0,142303.0,142303.0,142303.0,0.0,0.0,hard,32,1,10000,10000000,sync_on,hard_p32_w1_i10000_t10000000
18.76,313.9936519790889,310.67961165048547,317.3076923076923,2828196.0,2765048.0,2891344.0,126591.5,116061.0,137122.0,0.0,0.0,hard,32,1,10000,10000000,sync_on,hard_p32_w1_i10000_t10000000
18.79,0.0,0.0,0.0,2770488.0,2770488.0,2770488.0,130013.0,130013.0,130013.0,0.0,0.0,hard,32,1,10000,10000000,sync_on,hard_p32_w1_i10000_t10000000
18.84,221.15384615384616,221.15384615384616,221.15384615384616,2751196.0,2751196.0,2751196.0,142434.0,142434.0,142434.0,0.0,0.0,hard,32,1,10000,10000000,sync_on,hard_p32_w1_i10000_t10000000
18.85,173.0769230769231,173.0769230769231,173.0769230769231,2745976.0,2745976.0,2745976.0,142315.0,142315.0,142315.0,0.0,0.0,hard,32,1,10000,10000000,sync_on,hard_p32_w1_i10000_t10000000
18.86,250.0,250.0,250.0,2765084.0,2765084.0,2765084.0,137143.0,137143.0,137143.0,0.0,0.0,hard,32,1,10000,10000000,sync_on,hard_p32_w1_i10000_t10000000
18.87,403.84615384615387,403.84615384615387,403.84615384615387,2891552.0,2891552.0,2891552.0,116078.0,116078.0,116078.0,0.0,0.0,hard,32,1,10000,10000000,sync_on,hard_p32_w1_i10000_t10000000
18.89,0.0,0.0,0.0,2770488.0,2770488.0,2770488.0,130013.0,130013.0,130013.0,0.0,0.0,hard,32,1,10000,10000000,sync_on,hard_p32_w1_i10000_t10000000
18.95,163.46153846153848,163.46153846153848,163.46153846153848,2751300.0,2751300.0,2751300.0,142447.0,142447.0,142447.0,0.0,0.0,hard,32,1,10000,10000000,sync_on,hard_p32_w1_i10000_t10000000
18.96,288.46153846153845,288.46153846153845,288.46153846153845,2746528.0,2746528.0,2746528.0,142324.0,142324.0,142324.0,0.0,0.0,hard,32,1,10000,10000000,sync_on,hard_p32_w1_i10000_t10000000
18.97,320.3883495145631,271.84466019417476,368.93203883495147,2828418.0,2765220.0,2891616.0,126630.0,116104.0,137156.0,0.5,0.0,hard,32,1,10000,10000000,sync_on,hard_p32_w1_i10000_t10000000
19.0,0.0,0.0,0.0,2770488.0,2770488.0,2770488.0,130013.0,130013.0,130013.0,0.0,0.0,hard,32,1,10000,10000000,sync_on,hard_p32_w1_i10000_t10000000
19.05,368.93203883495147,368.93203883495147,368.93203883495147,2751420.0,2751420.0,2751420.0,142474.0,142474.0,142474.0,0.0,0.0,hard,32,1,10000,10000000,sync_on,hard_p32_w1_i10000_t10000000
19.06,194.1747572815534,194.1747572815534,194.1747572815534,2746620.0,2746620.0,2746620.0,142338.0,142338.0,142338.0,0.0,0.0,hard,32,1,10000,10000000,sync_on,hard_p32_w1_i10000_t10000000
19.07,201.9230769230769,115.38461538461539,288.46153846153845,2828590.0,2765524.0,2891656.0,126642.0,116115.0,137169.0,0.0,0.5,hard,32,1,10000,10000000,sync_on,hard_p32_w1_i10000_t10000000
19.1,0.0,0.0,0.0,2770488.0,2770488.0,2770488.0,130013.0,130013.0,130013.0,0.0,0.0,hard,32,1,10000,10000000,sync_on,hard_p32_w1_i10000_t10000000
19.16,254.80769230769232,211.53846153846155,298.0769230769231,2749130.0,2746756.0,2751504.0,142417.5,142356.0,142479.0,0.0,0.0,hard,32,1,10000,10000000,sync_on,hard_p32_w1_i10000_t10000000
19.18,410.61426437640034,407.7669902912622,413.46153846153845,2828678.0,2765612.0,2891744.0,126661.5,116140.0,137183.0,0.0,0.0,hard,32,1,10000,10000000,sync_on,hard_p32_w1_i10000_t10000000
19.2,0.0,0.0,0.0,2770488.0,2770488.0,2770488.0,130013.0,130013.0,130013.0,0.0,0.0,hard,32,1,10000,10000000,sync_on,hard_p32_w1_i10000_t10000000
19.26,230.76923076923077,230.76923076923077,230.76923076923077,2751660.0,2751660.0,2751660.0,142496.0,142496.0,142496.0,0.0,0.0,hard,32,1,10000,10000000,sync_on,hard_p32_w1_i10000_t10000000
19.27,250.0,250.0,250.0,2746796.0,2746796.0,2746796.0,142372.0,142372.0,142372.0,0.0,0.0,hard,32,1,10000,10000000,sync_on,hard_p32_w1_i10000_t10000000
19.28,352.87528005974605,307.6923076923077,398.05825242718447,2828746.0,2765668.0,2891824.0,126677.0,116155.0,137199.0,0.0,0.0,hard,32,1,10000,10000000,sync_on,hard_p32_w1_i10000_t10000000
19.31,153.84615384615384,153.84615384615384,153.84615384615384,2770532.0,2770532.0,2770532.0,130018.0,130018.0,130018.0,0.0,0.0,hard,32,1,10000,10000000,sync_on,hard_p32_w1_i10000_t10000000
19.36,153.84615384615384,153.84615384615384,153.84615384615384,2751672.0,2751672.0,2751672.0,142501.0,142501.0,142501.0,0.0,0.0,hard,32,1,10000,10000000,sync_on,hard_p32_w1_i10000_t10000000
19.37,252.42718446601944,252.42718446601944,252.42718446601944,2746920.0,2746920.0,2746920.0,142387.0,142387.0,142387.0,0.0,0.0,hard,32,1,10000,10000000,sync_on,hard_p32_w1_i10000_t10000000
19.38,408.6538461538462,307.6923076923077,509.61538461538464,2828892.0,2765816.0,2891968.0,126694.5,116180.0,137209.0,0.0,0.0,hard,32,1,10000,10000000,sync_on,hard_p32_w1_i10000_t10000000
19.41,155.33980582524273,155.33980582524273,155.33980582524273,2768880.0,2768880.0,2768880.0,128660.0,128660.0,128660.0,0.0,0.0,hard,32,1,10000,10000000,sync_on,hard_p32_w1_i10000_t10000000
19.47,252.42718446601944,252.42718446601944,252.42718446601944,2751748.0,2751748.0,2751748.0,142520.0,142520.0,142520.0,0.0,0.0,hard,32,1,10000,10000000,sync_on,hard_p32_w1_i10000_t10000000
19.48,163.46153846153848,163.46153846153848,163.46153846153848,2746944.0,2746944.0,2746944.0,142397.0,142397.0,142397.0,0.0,0.0,hard,32,1,10000,10000000,sync_on,hard_p32_w1_i10000_t10000000
19.49,262.1359223300971,165.0485436893204,359.2233009708738,2828936.0,2765828.0,2892044.0,126711.5,116196.0,137227.0,0.0,0.0,hard,32,1,10000,10000000,sync_on,hard_p32_w1_i10000_t10000000
19.51,125.0,125.0,125.0,2769096.0,2769096.0,2769096.0,130031.0,130031.0,130031.0,0.0,0.0,hard,32,1,10000,10000000,sync_on,hard_p32_w1_i10000_t10000000
19.57,480.7692307692308,480.7692307692308,480.7692307692308,2751968.0,2751968.0,2751968.0,142536.0,142536.0,142536.0,0.0,0.0,hard,32,1,10000,10000000,sync_on,hard_p32_w1_i10000_t10000000
19.58,365.3846153846154,365.3846153846154,365.3846153846154,2747064.0,2747064.0,2747064.0,142411.0,142411.0,142411.0,0.0,0.0,hard,32,1,10000,10000000,sync_on,hard_p32_w1_i10000_t10000000
19.59,403.84615384615387,326.92307692307696,480.7692307692308,2829028.0,2765916.0,2892140.0,126730.5,116222.0,137239.0,0.0,0.0,hard,32,1,10000,10000000,sync_on,hard_p32_w1_i10000_t10000000
19.62,0.0,0.0,0.0,2769096.0,2769096.0,2769096.0,130031.0,130031.0,130031.0,1.0,0.0,hard,32,1,10000,10000000,sync_on,hard_p32_w1_i10000_t10000000
19.67,250.0,250.0,250.0,2752024.0,2752024.0,2752024.0,142546.0,142546.0,142546.0,0.0,0.0,hard,32,1,10000,10000000,sync_on,hard_p32_w1_i10000_t10000000
19.68,271.84466019417476,271.84466019417476,271.84466019417476,2747196.0,2747196.0,2747196.0,142425.0,142425.0,142425.0,0.0,0.0,hard,32,1,10000,10000000,sync_on,hard_p32_w1_i10000_t10000000
19.69,330.0970873786408,330.0970873786408,330.0970873786408,2766020.0,2766020.0,2766020.0,137256.0,137256.0,137256.0,0.0,0.0,hard,32,1,10000,10000000,sync_on,hard_p32_w1_i10000_t10000000
19.7,250.0,250.0,250.0,2892252.0,2892252.0,2892252.0,116230.0,116230.0,116230.0,0.0,0.0,hard,32,1,10000,10000000,sync_on,hard_p32_w1_i10000_t10000000
19.72,0.0,0.0,0.0,2769096.0,2769096.0,2769096.0,130031.0,130031.0,130031.0,0.0,1.0,hard,32,1,10000,10000000,sync_on,hard_p32_w1_i10000_t10000000
19.78,203.8834951456311,203.8834951456311,203.8834951456311,2752076.0,2752076.0,2752076.0,142560.0,142560.0,142560.0,0.0,0.0,hard,32,1,10000,10000000,sync_on,hard_p32_w1_i10000_t10000000
19.79,278.84615384615387,278.84615384615387,278.84615384615387,2747444.0,2747444.0,2747444.0,142445.0,142445.0,142445.0,0.0,0.0,hard,32,1,10000,10000000,sync_on,hard_p32_w1_i10000_t10000000
19.8,337.75205377147125,252.42718446601944,423.0769230769231,2829222.0,2766124.0,2892320.0,126760.5,116248.0,137273.0,0.0,0.0,hard,32,1,10000,10000000,sync_on,hard_p32_w1_i10000_t10000000
19.82,0.0,0.0,0.0,2769096.0,2769096.0,2769096.0,130031.0,130031.0,130031.0,0.0,0.0,hard,32,1,10000,10000000,sync_on,hard_p32_w1_i10000_t10000000
19.88,317.3076923076923,317.3076923076923,317.3076923076923,2752172.0,2752172.0,2752172.0,142576.0,142576.0,142576.0,0.0,0.0,hard,32,1,10000,10000000,sync_on,hard_p32_w1_i10000_t10000000
19.89,192.30769230769232,192.30769230769232,192.30769230769232,2747472.0,2747472.0,2747472.0,142450.0,142450.0,142450.0,0.0,0.0,hard,32,1,10000,10000000,sync_on,hard_p32_w1_i10000_t10000000
19.9,289.44174757281553,203.8834951456311,375.0,2829340.0,2766256.0,2892424.0,126776.0,116267.0,137285.0,0.0,0.0,hard,32,1,10000,10000000,sync_on,hard_p32_w1_i10000_t10000000
19.93,0.0,0.0,0.0,2769096.0,2769096.0,2769096.0,130031.0,130031.0,130031.0,0.0,0.0,hard,32,1,10000,10000000,sync_on,hard_p32_w1_i10000_t10000000
19.98,336.53846153846155,336.53846153846155,336.53846153846155,2752280.0,2752280.0,2752280.0,142591.0,142591.0,142591.0,0.0,0.0,hard,32,1,10000,10000000,sync_on,hard_p32_w1_i10000_t10000000
19.99,213.59223300970876,213.59223300970876,213.59223300970876,2747572.0,2747572.0,2747572.0,142463.0,142463.0,142463.0,0.0,0.0,hard,32,1,10000,10000000,sync_on,hard_p32_w1_i10000_t10000000
20.0,260.45556385362215,174.75728155339806,346.1538461538462,2829394.0,2766320.0,2892468.0,126792.5,116285.0,137300.0,0.0,0.0,hard,32,1,10000,10000000,sync_on,hard_p32_w1_i10000_t10000000
20.03,0.0,0.0,0.0,2769096.0,2769096.0,2769096.0,130031.0,130031.0,130031.0,0.0,0.0,hard,32,1,10000,10000000,sync_on,hard_p32_w1_i10000_t10000000
20.09,365.3846153846154,365.3846153846154,365.3846153846154,2752552.0,2752552.0,2752552.0,142605.0,142605.0,142605.0,0.0,0.0,hard,32,1,10000,10000000,sync_on,hard_p32_w1_i10000_t10000000
20.1,144.23076923076923,144.23076923076923,144.23076923076923,2747600.0,2747600.0,2747600.0,142474.0,142474.0,142474.0,0.0,0.0,hard,32,1,10000,10000000,sync_on,hard_p32_w1_i10000_t10000000
20.11,283.6538461538462,240.3846153846154,326.92307692307696,2829500.0,2766476.0,2892524.0,126836.0,116349.0,137323.0,0.0,0.0,hard,32,1,10000,10000000,sync_on,hard_p32_w1_i10000_t10000000
20.13,0.0,0.0,0.0,2769096.0,2769096.0,2769096.0,130031.0,130031.0,130031.0,0.0,0.0,hard,32,1,10000,10000000,sync_on,hard_p32_w1_i10000_t10000000
20.19,242.71844660194176,242.71844660194176,242.71844660194176,2752668.0,2752668.0,2752668.0,142623.0,142623.0,142623.0,0.0,0.0,hard,32,1,10000,10000000,sync_on,hard_p32_w1_i10000_t10000000
20.2,355.7692307692308,355.7692307692308,355.7692307692308,2747748.0,2747748.0,2747748.0,142496.0,142496.0,142496.0,0.0,0.0,hard,32,1,10000,10000000,sync_on,hard_p32_w1_i10000_t10000000
20.21,82.47759522031367,9.615384615384615,155.33980582524273,2829506.0,2766488.0,2892524.0,126945.5,116560.0,137331.0,0.0,0.0,hard,32,1,10000,10000000,sync_on,hard_p32_w1_i10000_t10000000
20.24,0.0,0.0,0.0,2769096.0,2769096.0,2769096.0,130031.0,130031.0,130031.0,0.0,0.0,hard,32,1,10000,10000000,sync_on,hard_p32_w1_i10000_t10000000
20.3,9.615384615384615,9.615384615384615,9.615384615384615,2752672.0,2752672.0,2752672.0,142623.0,142623.0,142623.0,0.0,0.0,hard,32,1,10000,10000000,sync_on,hard_p32_w1_i10000_t10000000
20.31,201.92307692307693,201.92307692307693,201.92307692307693,2747972.0,2747972.0,2747972.0,142503.0,142503.0,142503.0,0.0,0.0,hard,32,1,10000,10000000,sync_on,hard_p32_w1_i10000_t10000000
20.32,217.41971620612398,211.53846153846155,223.3009708737864,2829660.0,2766604.0,2892716.0,127085.5,116574.0,137597.0,0.0,0.0,hard,32,1,10000,10000000,sync_on,hard_p32_w1_i10000_t10000000
20.34,0.0,0.0,0.0,2769096.0,2769096.0,2769096.0,130031.0,130031.0,130031.0,0.0,0.0,hard,32,1,10000,10000000,sync_on,hard_p32_w1_i10000_t10000000
20.4,461.53846153846155,461.53846153846155,461.53846153846155,2752888.0,2752888.0,2752888.0,142637.0,142637.0,142637.0,0.0,0.0,hard,32,1,10000,10000000,sync_on,hard_p32_w1_i10000_t10000000
20.41,271.84466019417476,271.84466019417476,271.84466019417476,2748052.0,2748052.0,2748052.0,142523.0,142523.0,142523.0,0.0,0.0,hard,32,1,10000,10000000,sync_on,hard_p32_w1_i10000_t10000000
20.42,144.23076923076923,38.46153846153846,250.0,2829732.0,2766704.0,2892760.0,125075.5,112546.0,137605.0,0.0,0.0,hard,32,1,10000,10000000,sync_on,hard_p32_w1_i10000_t10000000
20.44,76.92307692307692,76.92307692307692,76.92307692307692,2769100.0,2769100.0,2769100.0,130037.0,130037.0,130037.0,0.0,0.0,hard,32,1,10000,10000000,sync_on,hard_p32_w1_i10000_t10000000
20.5,355.7692307692308,355.7692307692308,355.7692307692308,2753108.0,2753108.0,2753108.0,142661.0,142661.0,142661.0,0.0,0.0,hard,32,1,10000,10000000,sync_on,hard_p32_w1_i10000_t10000000
20.51,240.3846153846154,240.3846153846154,240.3846153846154,2748168.0,2748168.0,2748168.0,142529.0,142529.0,142529.0,0.0,0.0,hard,32,1,10000,10000000,sync_on,hard_p32_w1_i10000_t10000000
20.52,207.5242718446602,165.0485436893204,250.0,2829846.0,2766872.0,2892820.0,123688.0,112569.0,134807.0,0.0,0.0,hard,32,1,10000,10000000,sync_on,hard_p32_w1_i10000_t10000000
20.55,281.55339805825247,281.55339805825247,281.55339805825247,2767564.0,2767564.0,2767564.0,128533.0,128533.0,128533.0,0.0,0.0,hard,32,1,10000,10000000,sync_on,hard_p32_w1_i10000_t10000000
20.61,233.0097087378641,233.0097087378641,233.0097087378641,2753160.0,2753160.0,2753160.0,142671.0,142671.0,142671.0,0.0,0.0,hard,32,1,10000,10000000,sync_on,hard_p32_w1_i10000_t10000000
20.62,336.53846153846155,336.53846153846155,336.53846153846155,2748332.0,2748332.0,2748332.0,142547.0,142547.0,142547.0,0.0,0.0,hard,32,1,10000,10000000,sync_on,hard_p32_w1_i10000_t10000000
20.63,323.7957430918596,298.0769230769231,349.5145631067961,2829934.0,2766980.0,2892888.0,124002.0,112584.0,135420.0,0.0,0.0,hard,32,1,10000,10000000,sync_on,hard_p32_w1_i10000_t10000000
20.65,173.0769230769231,173.0769230769231,173.0769230769231,2768028.0,2768028.0,2768028.0,130055.0,130055.0,130055.0,0.0,0.0,hard,32,1,10000,10000000,sync_on,hard_p32_w1_i10000_t10000000
20.71,375.0,375.0,375.0,2753256.0,2753256.0,2753256.0,142687.0,142687.0,142687.0,0.0,0.0,hard,32,1,10000,10000000,sync_on,hard_p32_w1_i10000_t10000000
20.72,153.84615384615384,153.84615384615384,153.84615384615384,2748384.0,2748384.0,2748384.0,142561.0,142561.0,142561.0,0.0,0.0,hard,32,1,10000,10000000,sync_on,hard_p32_w1_i10000_t10000000
20.73,153.89283047050037,9.708737864077671,298.0769230769231,2829992.0,2766988.0,2892996.0,124010.0,112600.0,135420.0,0.0,0.0,hard,32,1,10000,10000000,sync_on,hard_p32_w1_i10000_t10000000
20.75,9.708737864077671,9.708737864077671,9.708737864077671,2768032.0,2768032.0,2768032.0,130055.0,130055.0,130055.0,0.0,0.0,hard,32,1,10000,10000000,sync_on,hard_p32_w1_i10000_t10000000
20.82,294.52949962658704,262.1359223300971,326.92307692307696,2750986.0,2748476.0,2753496.0,142638.5,142573.0,142704.0,0.0,0.0,hard,32,1,10000,10000000,sync_on,hard_p32_w1_i10000_t10000000
20.83,0.0,0.0,0.0,2766988.0,2766988.0,2766988.0,135420.0,135420.0,135420.0,0.0,0.0,hard,32,1,10000,10000000,sync_on,hard_p32_w1_i10000_t10000000
20.84,355.7692307692308,355.7692307692308,355.7692307692308,2893144.0,2893144.0,2893144.0,112620.0,112620.0,112620.0,0.0,0.0,hard,32,1,10000,10000000,sync_on,hard_p32_w1_i10000_t10000000
20.86,0.0,0.0,0.0,2768032.0,2768032.0,2768032.0,130055.0,130055.0,130055.0,0.0,0.0,hard,32,1,10000,10000000,sync_on,hard_p32_w1_i10000_t10000000
20.92,330.0970873786408,330.0970873786408,330.0970873786408,2753640.0,2753640.0,2753640.0,142722.0,142722.0,142722.0,0.0,0.0,hard,32,1,10000,10000000,sync_on,hard_p32_w1_i10000_t10000000
20.93,86.53846153846155,86.53846153846155,86.53846153846155,2748492.0,2748492.0,2748492.0,142579.0,142579.0,142579.0,0.0,0.0,hard,32,1,10000,10000000,sync_on,hard_p32_w1_i10000_t10000000
20.94,203.8834951456311,0.0,407.7669902912622,2830104.0,2766988.0,2893220.0,124030.0,112640.0,135420.0,0.0,0.0,hard,32,1,10000,10000000,sync_on,hard_p32_w1_i10000_t10000000
20.96,0.0,0.0,0.0,2768032.0,2768032.0,2768032.0,130055.0,130055.0,130055.0,0.0,0.0,hard,32,1,10000,10000000,sync_on,hard_p32_w1_i10000_t10000000
21.02,201.92307692307693,201.92307692307693,201.92307692307693,2753668.0,2753668.0,2753668.0,142734.0,142734.0,142734.0,0.0,0.0,hard,32,1,10000,10000000,sync_on,hard_p32_w1_i10000_t10000000
21.03,201.92307692307693,201.92307692307693,201.92307692307693,2748672.0,2748672.0,2748672.0,142593.0,142593.0,142593.0,0.0,0.0,hard,32,1,10000,10000000,sync_on,hard_p32_w1_i10000_t10000000
21.04,139.42307692307693,0.0,278.84615384615387,2830136.0,2766988.0,2893284.0,124037.0,112654.0,135420.0,0.0,0.0,hard,32,1,10000,10000000,sync_on,hard_p32_w1_i10000_t10000000
21.06,0.0,0.0,0.0,2768032.0,2768032.0,2768032.0,130055.0,130055.0,130055.0,0.0,0.0,hard,32,1,10000,10000000,sync_on,hard_p32_w1_i10000_t10000000
21.13,269.2307692307692,269.2307692307692,269.2307692307692,2753748.0,2753748.0,2753748.0,142747.0,142747.0,142747.0,0.0,0.0,hard,32,1,10000,10000000,sync_on,hard_p32_w1_i10000_t10000000
21.14,76.92307692307692,0.0,153.84615384615384,2757842.0,2748696.0,2766988.0,139009.0,135420.0,142598.0,0.0,0.0,hard,32,1,10000,10000000,sync_on,hard_p32_w1_i10000_t10000000
21.15,221.15384615384616,221.15384615384616,221.15384615384616,2893380.0,2893380.0,2893380.0,112667.0,112667.0,112667.0,0.0,0.0,hard,32,1,10000,10000000,sync_on,hard_p32_w1_i10000_t10000000
21.17,0.0,0.0,0.0,2768032.0,2768032.0,2768032.0,130055.0,130055.0,130055.0,0.0,0.0,hard,32,1,10000,10000000,sync_on,hard_p32_w1_i10000_t10000000
21.23,201.92307692307693,201.92307692307693,201.92307692307693,2753856.0,2753856.0,2753856.0,142759.0,142759.0,142759.0,0.0,0.0,hard,32,1,10000,10000000,sync_on,hard_p32_w1_i10000_t10000000
21.24,388.3495145631068,388.3495145631068,388.3495145631068,2748836.0,2748836.0,2748836.0,142615.0,142615.0,142615.0,0.0,0.0,hard,32,1,10000,10000000,sync_on,hard_p32_w1_i10000_t10000000
21.25,126.21359223300972,0.0,252.42718446601944,2830202.0,2766988.0,2893416.0,124050.5,112681.0,135420.0,0.0,0.0,hard,32,1,10000,10000000,sync_on,hard_p32_w1_i10000_t10000000
21.27,0.0,0.0,0.0,2768032.0,2768032.0,2768032.0,130055.0,130055.0,130055.0,0.0,0.0,hard,32,1,10000,10000000,sync_on,hard_p32_w1_i10000_t10000000
21.33,233.0097087378641,233.0097087378641,233.0097087378641,2753884.0,2753884.0,2753884.0,142772.0,142772.0,142772.0,0.0,0.0,hard,32,1,10000,10000000,sync_on,hard_p32_w1_i10000_t10000000
21.34,230.76923076923077,230.76923076923077,230.76923076923077,2748972.0,2748972.0,2748972.0,142631.0,142631.0,142631.0,0.0,0.0,hard,32,1,10000,10000000,sync_on,hard_p32_w1_i10000_t10000000
21.35,105.76923076923077,0.0,211.53846153846155,2830260.0,2766988.0,2893532.0,124058.5,112697.0,135420.0,0.0,0.0,hard,32,1,10000,10000000,sync_on,hard_p32_w1_i10000_t10000000
21.37,0.0,0.0,0.0,2768032.0,2768032.0,2768032.0,130055.0,130055.0,130055.0,0.0,0.0,hard,32,1,10000,10000000,sync_on,hard_p32_w1_i10000_t10000000
21.44,173.0769230769231,173.0769230769231,173.0769230769231,2753916.0,2753916.0,2753916.0,142786.0,142786.0,142786.0,0.0,0.0,hard,32,1,10000,10000000,sync_on,hard_p32_w1_i10000_t10000000
21.45,110.57692307692308,0.0,221.15384615384616,2758030.0,2749072.0,2766988.0,139033.5,135423.0,142644.0,0.0,0.0,hard,32,1,10000,10000000,sync_on,hard_p32_w1_i10000_t10000000
21.46,417.4757281553398,417.4757281553398,417.4757281553398,2893664.0,2893664.0,2893664.0,112715.0,112715.0,112715.0,0.0,0.0,hard,32,1,10000,10000000,sync_on,hard_p32_w1_i10000_t10000000
21.48,0.0,0.0,0.0,2768032.0,2768032.0,2768032.0,130058.0,130058.0,130058.0,0.0,0.0,hard,32,1,10000,10000000,sync_on,hard_p32_w1_i10000_t10000000
21.54,384.61538461538464,384.61538461538464,384.61538461538464,2754024.0,2754024.0,2754024.0,142798.0,142798.0,142798.0,0.0,0.0,hard,32,1,10000,10000000,sync_on,hard_p32_w1_i10000_t10000000
21.55,240.3846153846154,240.3846153846154,240.3846153846154,2749192.0,2749192.0,2749192.0,142669.0,142669.0,142669.0,0.0,0.0,hard,32,1,10000,10000000,sync_on,hard_p32_w1_i10000_t10000000
21.56,201.92307692307693,38.46153846153846,365.3846153846154,2830408.0,2766996.0,2893820.0,124078.0,112733.0,135423.0,0.0,0.0,hard,32,1,10000,10000000,sync_on,hard_p32_w1_i10000_t10000000
21.58,9.708737864077671,9.708737864077671,9.708737864077671,2768032.0,2768032.0,2768032.0,130058.0,130058.0,130058.0,0.0,0.0,hard,32,1,10000,10000000,sync_on,hard_p32_w1_i10000_t10000000
21.64,378.6407766990292,378.6407766990292,378.6407766990292,2754152.0,2754152.0,2754152.0,142815.0,142815.0,142815.0,0.0,0.0,hard,32,1,10000,10000000,sync_on,hard_p32_w1_i10000_t10000000
21.65,271.84466019417476,271.84466019417476,271.84466019417476,2749380.0,2749380.0,2749380.0,142684.0,142684.0,142684.0,0.0,0.0,hard,32,1,10000,10000000,sync_on,hard_p32_w1_i10000_t10000000
21.66,216.9529499626587,126.21359223300972,307.6923076923077,2829626.0,2765356.0,2893896.0,123169.5,112750.0,133589.0,0.0,0.0,hard,32,1,10000,10000000,sync_on,hard_p32_w1_i10000_t10000000
21.68,375.0,375.0,375.0,2766708.0,2766708.0,2766708.0,128227.0,128227.0,128227.0,0.0,0.0,hard,32,1,10000,10000000,sync_on,hard_p32_w1_i10000_t10000000
21.75,211.53846153846155,211.53846153846155,211.53846153846155,2754328.0,2754328.0,2754328.0,142828.0,142828.0,142828.0,0.0,0.0,hard,32,1,10000,10000000,sync_on,hard_p32_w1_i10000_t10000000
21.76,288.46153846153845,288.46153846153845,288.46153846153845,2749512.0,2749512.0,2749512.0,142696.0,142696.0,142696.0,0.0,0.0,hard,32,1,10000,10000000,sync_on,hard_p32_w1_i10000_t10000000
21.77,241.97162061239732,153.84615384615384,330.0970873786408,2829666.0,2765364.0,2893968.0,123182.5,112769.0,133596.0,0.0,0.0,hard,32,1,10000,10000000,sync_on,hard_p32_w1_i10000_t10000000
21.79,155.33980582524273,155.33980582524273,155.33980582524273,2766888.0,2766888.0,2766888.0,128239.0,128239.0,128239.0,0.0,0.0,hard,32,1,10000,10000000,sync_on,hard_p32_w1_i10000_t10000000
21.85,346.1538461538462,346.1538461538462,346.1538461538462,2754484.0,2754484.0,2754484.0,142845.0,142845.0,142845.0,0.0,0.0,hard,32,1,10000,10000000,sync_on,hard_p32_w1_i10000_t10000000
21.86,240.3846153846154,240.3846153846154,240.3846153846154,2749560.0,2749560.0,2749560.0,142712.0,142712.0,142712.0,0.0,0.0,hard,32,1,10000,10000000,sync_on,hard_p32_w1_i10000_t10000000
21.87,269.2307692307693,173.0769230769231,365.3846153846154,2829708.0,2765388.0,2894028.0,123198.5,112789.0,133608.0,0.0,0.0,hard,32,1,10000,10000000,sync_on,hard_p32_w1_i10000_t10000000
21.89,153.84615384615384,153.84615384615384,153.84615384615384,2767044.0,2767044.0,2767044.0,128251.0,128251.0,128251.0,0.0,0.0,hard,32,1,10000,10000000,sync_on,hard_p32_w1_i10000_t10000000
21.95,300.97087378640776,300.97087378640776,300.97087378640776,2754556.0,2754556.0,2754556.0,142855.0,142855.0,142855.0,0.0,0.0,hard,32,1,10000,10000000,sync_on,hard_p32_w1_i10000_t10000000
21.96,291.2621359223301,291.2621359223301,291.2621359223301,2749704.0,2749704.0,2749704.0,142725.0,142725.0,142725.0,0.0,0.0,hard,32,1,10000,10000000,sync_on,hard_p32_w1_i10000_t10000000
21.97,252.42718446601944,213.59223300970876,291.2621359223301,2829768.0,2765448.0,2894088.0,123210.0,112797.0,133623.0,0.0,0.0,hard,32,1,10000,10000000,sync_on,hard_p32_w1_i10000_t10000000
22.0,310.67961165048547,310.67961165048547,310.67961165048547,2767176.0,2767176.0,2767176.0,128265.0,128265.0,128265.0,0.0,0.0,hard,32,1,10000,10000000,sync_on,hard_p32_w1_i10000_t10000000
22.06,250.0,250.0,250.0,2754644.0,2754644.0,2754644.0,142867.0,142867.0,142867.0,0.0,0.0,hard,32,1,10000,10000000,sync_on,hard_p32_w1_i10000_t10000000
22.07,288.46153846153845,288.46153846153845,288.46153846153845,2749824.0,2749824.0,2749824.0,142742.0,142742.0,142742.0,0.0,0.0,hard,32,1,10000,10000000,sync_on,hard_p32_w1_i10000_t10000000
22.08,274.03846153846155,259.61538461538464,288.46153846153845,2829822.0,2765496.0,2894148.0,123228.5,112815.0,133642.0,0.0,0.0,hard,32,1,10000,10000000,sync_on,hard_p32_w1_i10000_t10000000
22.1,291.2621359223301,291.2621359223301,291.2621359223301,2767312.0,2767312.0,2767312.0,128276.0,128276.0,128276.0,0.0,0.0,hard,32,1,10000,10000000,sync_on,hard_p32_w1_i10000_t10000000
22.16,403.84615384615387,403.84615384615387,403.84615384615387,2754752.0,2754752.0,2754752.0,142885.0,142885.0,142885.0,0.0,0.0,hard,32,1,10000,10000000,sync_on,hard_p32_w1_i10000_t10000000
22.17,413.46153846153845,413.46153846153845,413.46153846153845,2750008.0,2750008.0,2750008.0,142753.0,142753.0,142753.0,0.0,0.0,hard,32,1,10000,10000000,sync_on,hard_p32_w1_i10000_t10000000
22.18,252.42718446601944,242.71844660194176,262.1359223300971,2829896.0,2765604.0,2894188.0,123239.5,112826.0,133653.0,0.0,0.0,hard,32,1,10000,10000000,sync_on,hard_p32_w1_i10000_t10000000
22.2,413.46153846153845,413.46153846153845,413.46153846153845,2767804.0,2767804.0,2767804.0,128292.0,128292.0,128292.0,0.0,0.0,hard,32,1,10000,10000000,sync_on,hard_p32_w1_i10000_t10000000
22.27,317.3076923076923,317.3076923076923,317.3076923076923,2754864.0,2754864.0,2754864.0,142903.0,142903.0,142903.0,0.0,0.0,hard,32,1,10000,10000000,sync_on,hard_p32_w1_i10000_t10000000
22.28,251.12023898431664,233.0097087378641,269.2307692307692,2757842.0,2750044.0,2765640.0,138217.0,133666.0,142768.0,0.0,0.0,hard,32,1,10000,10000000,sync_on,hard_p32_w1_i10000_t10000000
22.29,269.2307692307692,269.2307692307692,269.2307692307692,2894272.0,2894272.0,2894272.0,112840.0,112840.0,112840.0,0.0,0.0,hard,32,1,10000,10000000,sync_on,hard_p32_w1_i10000_t10000000
22.3,252.42718446601944,252.42718446601944,252.42718446601944,2767852.0,2767852.0,2767852.0,128308.0,128308.0,128308.0,0.0,0.0,hard,32,1,10000,10000000,sync_on,hard_p32_w1_i10000_t10000000
22.37,359.2233009708738,359.2233009708738,359.2233009708738,2754996.0,2754996.0,2754996.0,142919.0,142919.0,142919.0,0.0,0.0,hard,32,1,10000,10000000,sync_on,hard_p32_w1_i10000_t10000000
22.38,240.3846153846154,240.3846153846154,240.3846153846154,2750224.0,2750224.0,2750224.0,142786.0,142786.0,142786.0,0.0,0.0,hard,32,1,10000,10000000,sync_on,hard_p32_w1_i10000_t10000000
22.39,265.7300224047797,259.61538461538464,271.84466019417476,2830024.0,2765736.0,2894312.0,123273.5,112860.0,133687.0,0.0,0.0,hard,32,1,10000,10000000,sync_on,hard_p32_w1_i10000_t10000000
22.41,320.3883495145631,320.3883495145631,320.3883495145631,2768136.0,2768136.0,2768136.0,128324.0,128324.0,128324.0,0.0,0.0,hard,32,1,10000,10000000,sync_on,hard_p32_w1_i10000_t10000000
22.47,326.92307692307696,326.92307692307696,326.92307692307696,2755052.0,2755052.0,2755052.0,142934.0,142934.0,142934.0,0.0,0.0,hard,32,1,10000,10000000,sync_on,hard_p32_w1_i10000_t10000000
22.48,384.61538461538464,384.61538461538464,384.61538461538464,2750460.0,2750460.0,2750460.0,142798.0,142798.0,142798.0,0.0,0.0,hard,32,1,10000,10000000,sync_on,hard_p32_w1_i10000_t10000000
22.49,222.27408513816283,211.53846153846155,233.0097087378641,2830096.0,2765836.0,2894356.0,123284.5,112875.0,133694.0,0.0,0.0,hard,32,1,10000,10000000,sync_on,hard_p32_w1_i10000_t10000000
22.51,288.46153846153845,288.46153846153845,288.46153846153845,2768480.0,2768480.0,2768480.0,128342.0,128342.0,128342.0,0.0,0.0,hard,32,1,10000,10000000,sync_on,hard_p32_w1_i10000_t10000000
22.58,230.76923076923077,230.76923076923077,230.76923076923077,2755092.0,2755092.0,2755092.0,142943.0,142943.0,142943.0,0.0,0.0,hard,32,1,10000,10000000,sync_on,hard_p32_w1_i10000_t10000000
22.59,245.1923076923077,230.76923076923077,259.61538461538464,2758296.0,2750716.0,2765876.0,138260.0,133710.0,142810.0,0.0,0.0,hard,32,1,10000,10000000,sync_on,hard_p32_w1_i10000_t10000000
22.6,298.0769230769231,298.0769230769231,298.0769230769231,2894424.0,2894424.0,2894424.0,112893.0,112893.0,112893.0,0.0,0.0,hard,32,1,10000,10000000,sync_on,hard_p32_w1_i10000_t10000000
22.61,174.75728155339806,174.75728155339806,174.75728155339806,2768508.0,2768508.0,2768508.0,128350.0,128350.0,128350.0,0.0,0.0,hard,32,1,10000,10000000,sync_on,hard_p32_w1_i10000_t10000000
22.68,252.42718446601944,252.42718446601944,252.42718446601944,2755120.0,2755120.0,2755120.0,142962.0,142962.0,142962.0,0.0,0.0,hard,32,1,10000,10000000,sync_on,hard_p32_w1_i10000_t10000000
22.69,174.75728155339806,174.75728155339806,174.75728155339806,2750744.0,2750744.0,2750744.0,142820.0,142820.0,142820.0,0.0,0.0,hard,32,1,10000,10000000,sync_on,hard_p32_w1_i10000_t10000000
22.7,349.5145631067961,330.0970873786408,368.93203883495147,2830268.0,2766008.0,2894528.0,123317.5,112909.0,133726.0,0.0,0.0,hard,32,1,10000,10000000,sync_on,hard_p32_w1_i10000_t10000000
22.72,271.84466019417476,271.84466019417476,271.84466019417476,2768752.0,2768752.0,2768752.0,128364.0,128364.0,128364.0,0.0,0.0,hard,32,1,10000,10000000,sync_on,hard_p32_w1_i10000_t10000000
22.79,221.15384615384616,221.15384615384616,221.15384615384616,2755176.0,2755176.0,2755176.0,142972.0,142972.0,142972.0,0.0,0.0,hard,32,1,10000,10000000,sync_on,hard_p32_w1_i10000_t10000000
22.8,227.56410256410257,192.30769230769232,269.2307692307692,2803856.0,2750856.0,2894588.0,129835.66666666667,112926.0,142838.0,0.0,0.0,hard,32,1,10000,10000000,sync_on,hard_p32_w1_i10000_t10000000
22.82,221.15384615384616,221.15384615384616,221.15384615384616,2768932.0,2768932.0,2768932.0,128378.0,128378.0,128378.0,0.0,0.0,hard,32,1,10000,10000000,sync_on,hard_p32_w1_i10000_t10000000
22.89,250.0,250.0,250.0,2755248.0,2755248.0,2755248.0,142989.0,142989.0,142989.0,0.0,0.0,hard,32,1,10000,10000000,sync_on,hard_p32_w1_i10000_t10000000
22.9,212.56534727408516,211.53846153846155,213.59223300970876,2758548.0,2750936.0,2766160.0,138300.0,133751.0,142849.0,0.0,0.0,hard,32,1,10000,10000000,sync_on,hard_p32_w1_i10000_t10000000
22.91,250.0,250.0,250.0,2894668.0,2894668.0,2894668.0,112942.0,112942.0,112942.0,0.0,0.0,hard,32,1,10000,10000000,sync_on,hard_p32_w1_i10000_t10000000
22.93,330.0970873786408,330.0970873786408,330.0970873786408,2769192.0,2769192.0,2769192.0,128399.0,128399.0,128399.0,0.0,0.0,hard,32,1,10000,10000000,sync_on,hard_p32_w1_i10000_t10000000
22.99,378.6407766990292,378.6407766990292,378.6407766990292,2755324.0,2755324.0,2755324.0,143007.0,143007.0,143007.0,0.0,0.0,hard,32,1,10000,10000000,sync_on,hard_p32_w1_i10000_t10000000
23.0,153.84615384615384,153.84615384615384,153.84615384615384,2750960.0,2750960.0,2750960.0,142859.0,142859.0,142859.0,0.0,0.0,hard,32,1,10000,10000000,sync_on,hard_p32_w1_i10000_t10000000
23.01,338.35884988797613,298.0769230769231,378.6407766990292,2830522.0,2766296.0,2894748.0,123363.5,112963.0,133764.0,0.0,0.0,hard,32,1,10000,10000000,sync_on,hard_p32_w1_i10000_t10000000
23.03,213.59223300970876,213.59223300970876,213.59223300970876,2769360.0,2769360.0,2769360.0,128409.0,128409.0,128409.0,0.0,0.0,hard,32,1,10000,10000000,sync_on,hard_p32_w1_i10000_t10000000
23.1,173.0769230769231,173.0769230769231,173.0769230769231,2755340.0,2755340.0,2755340.0,143022.0,143022.0,143022.0,0.0,0.0,hard,32,1,10000,10000000,sync_on,hard_p32_w1_i10000_t10000000
23.11,260.6422703510082,211.53846153846155,320.3883495145631,2804074.6666666665,2751092.0,2894784.0,129878.0,112975.0,142879.0,0.0,0.0,hard,32,1,10000,10000000,sync_on,hard_p32_w1_i10000_t10000000
23.13,221.15384615384616,221.15384615384616,221.15384615384616,2769484.0,2769484.0,2769484.0,128433.0,128433.0,128433.0,0.0,0.0,hard,32,1,10000,10000000,sync_on,hard_p32_w1_i10000_t10000000
23.2,288.46153846153845,288.46153846153845,288.46153846153845,2755396.0,2755396.0,2755396.0,143036.0,143036.0,143036.0,0.0,0.0,hard,32,1,10000,10000000,sync_on,hard_p32_w1_i10000_t10000000
23.21,309.60604929051533,221.15384615384616,398.05825242718447,2758786.0,2751140.0,2766432.0,138340.5,133792.0,142889.0,0.0,0.0,hard,32,1,10000,10000000,sync_on,hard_p32_w1_i10000_t10000000
23.22,269.2307692307692,269.2307692307692,269.2307692307692,2894908.0,2894908.0,2894908.0,112998.0,112998.0,112998.0,0.0,0.0,hard,32,1,10000,10000000,sync_on,hard_p32_w1_i10000_t10000000
23.23,284.3137254901961,284.3137254901961,284.3137254901961,2769588.0,2769588.0,2769588.0,128442.0,128442.0,128442.0,0.0,0.0,hard,32,1,10000,10000000,sync_on,hard_p32_w1_i10000_t10000000
23.3,223.3009708737864,223.3009708737864,223.3009708737864,2755468.0,2755468.0,2755468.0,143053.0,143053.0,143053.0,0.0,0.0,hard,32,1,10000,10000000,sync_on,hard_p32_w1_i10000_t10000000
23.31,307.6923076923077,307.6923076923077,307.6923076923077,2751332.0,2751332.0,2751332.0,142904.0,142904.0,142904.0,0.0,0.0,hard,32,1,10000,10000000,sync_on,hard_p32_w1_i10000_t10000000
23.32,224.0761689291101,144.23076923076923,303.921568627451,2830708.0,2766464.0,2894952.0,123414.0,113018.0,133810.0,0.0,0.0,hard,32,1,10000,10000000,sync_on,hard_p32_w1_i10000_t10000000
23.34,174.75728155339806,174.75728155339806,174.75728155339806,2769624.0,2769624.0,2769624.0,128462.0,128462.0,128462.0,0.0,0.0,hard,32,1,10000,10000000,sync_on,hard_p32_w1_i10000_t10000000
23.41,336.53846153846155,336.53846153846155,336.53846153846155,2755696.0,2755696.0,2755696.0,143067.0,143067.0,143067.0,0.0,0.0,hard,32,1,10000,10000000,sync_on,hard_p32_w1_i10000_t10000000
23.42,355.9870550161813,262.1359223300971,427.1844660194175,2804388.0,2751552.0,2894988.0,129924.33333333333,113027.0,142919.0,0.0,0.0,hard,32,1,10000,10000000,sync_on,hard_p32_w1_i10000_t10000000
23.44,336.53846153846155,336.53846153846155,336.53846153846155,2769768.0,2769768.0,2769768.0,128469.0,128469.0,128469.0,0.0,0.0,hard,32,1,10000,10000000,sync_on,hard_p32_w1_i10000_t10000000
23.51,365.3846153846154,365.3846153846154,365.3846153846154,2755852.0,2755852.0,2755852.0,143089.0,143089.0,143089.0,0.0,0.0,hard,32,1,10000,10000000,sync_on,hard_p32_w1_i10000_t10000000
23.52,692.3076923076924,692.3076923076924,692.3076923076924,2751720.0,2751720.0,2751720.0,142957.0,142957.0,142957.0,0.0,0.0,hard,32,1,10000,10000000,sync_on,hard_p32_w1_i10000_t10000000
23.53,274.03846153846155,259.61538461538464,288.46153846153845,2830866.0,2766664.0,2895068.0,123442.0,113043.0,133841.0,0.0,0.0,hard,32,1,10000,10000000,sync_on,hard_p32_w1_i10000_t10000000
23.54,223.3009708737864,223.3009708737864,223.3009708737864,2769812.0,2769812.0,2769812.0,128489.0,128489.0,128489.0,0.0,0.0,hard,32,1,10000,10000000,sync_on,hard_p32_w1_i10000_t10000000
23.61,223.3009708737864,223.3009708737864,223.3009708737864,2755976.0,2755976.0,2755976.0,143485.0,143485.0,143485.0,0.0,0.0,hard,32,1,10000,10000000,sync_on,hard_p32_w1_i10000_t10000000
23.63,500.1025733226381,144.23076923076923,1064.8148148148148,2804653.3333333335,2752120.0,2895156.0,129973.0,113058.0,143012.0,0.0,0.0,hard,32,1,10000,10000000,sync_on,hard_p32_w1_i10000_t10000000
23.65,291.2621359223301,291.2621359223301,291.2621359223301,2769932.0,2769932.0,2769932.0,128509.0,128509.0,128509.0,0.0,0.0,hard,32,1,10000,10000000,sync_on,hard_p32_w1_i10000_t10000000
23.72,173.0769230769231,173.0769230769231,173.0769230769231,2756084.0,2756084.0,2756084.0,145181.0,145181.0,145181.0,0.0,0.0,hard,32,1,10000,10000000,sync_on,hard_p32_w1_i10000_t10000000
23.73,577.9188449091363,252.42718446601944,1058.2524271844661,2804821.3333333335,2752436.0,2895280.0,130005.0,113079.0,143065.0,0.0,0.0,hard,32,1,10000,10000000,sync_on,hard_p32_w1_i10000_t10000000
23.75,201.92307692307693,201.92307692307693,201.92307692307693,2770152.0,2770152.0,2770152.0,128521.0,128521.0,128521.0,0.0,0.0,hard,32,1,10000,10000000,sync_on,hard_p32_w1_i10000_t10000000
23.82,0.0,0.0,0.0,2756084.0,2756084.0,2756084.0,145181.0,145181.0,145181.0,0.0,0.0,hard,32,1,10000,10000000,sync_on,hard_p32_w1_i10000_t10000000
23.83,970.2970297029702,970.2970297029702,970.2970297029702,2752756.0,2752756.0,2752756.0,143118.0,143118.0,143118.0,0.0,0.0,hard,32,1,10000,10000000,sync_on,hard_p32_w1_i10000_t10000000
23.84,259.61538461538464,240.3846153846154,278.84615384615387,2831110.0,2766788.0,2895432.0,123489.5,113101.0,133878.0,0.0,0.0,hard,32,1,10000,10000000,sync_on,hard_p32_w1_i10000_t10000000
23.85,398.05825242718447,398.05825242718447,398.05825242718447,2770400.0,2770400.0,2770400.0,128538.0,128538.0,128538.0,0.0,0.0,hard,32,1,10000,10000000,sync_on,hard_p32_w1_i10000_t10000000
23.93,0.0,0.0,0.0,2756084.0,2756084.0,2756084.0,145181.0,145181.0,145181.0,0.0,0.0,hard,32,1,10000,10000000,sync_on,hard_p32_w1_i10000_t10000000
23.94,614.4510828976848,291.2621359223301,1134.6153846153848,2805174.6666666665,2752996.0,2895636.0,130060.66666666667,113119.0,143174.0,0.0,0.0,hard,32,1,10000,10000000,sync_on,hard_p32_w1_i10000_t10000000
23.96,259.61538461538464,259.61538461538464,259.61538461538464,2770504.0,2770504.0,2770504.0,128552.0,128552.0,128552.0,0.0,0.0,hard,32,1,10000,10000000,sync_on,hard_p32_w1_i10000_t10000000
24.03,0.0,0.0,0.0,2756084.0,2756084.0,2756084.0,145181.0,145181.0,145181.0,0.0,0.0,hard,32,1,10000,10000000,sync_on,hard_p32_w1_i10000_t10000000
24.04,581.6365007541478,173.0769230769231,990.1960784313726,2760158.0,2753392.0,2766924.0,139600.5,133905.0,145296.0,0.0,0.0,hard,32,1,10000,10000000,sync_on,hard_p32_w1_i10000_t10000000
24.05,442.3076923076923,442.3076923076923,442.3076923076923,2895736.0,2895736.0,2895736.0,113137.0,113137.0,113137.0,0.0,0.0,hard,32,1,10000,10000000,sync_on,hard_p32_w1_i10000_t10000000
24.06,242.71844660194176,242.71844660194176,242.71844660194176,2770628.0,2770628.0,2770628.0,128567.0,128567.0,128567.0,0.0,0.0,hard,32,1,10000,10000000,sync_on,hard_p32_w1_i10000_t10000000
24.13,201.92307692307693,201.92307692307693,201.92307692307693,2756092.0,2756092.0,2756092.0,145451.0,145451.0,145451.0,0.0,0.0,hard,32,1,10000,10000000,sync_on,hard_p32_w1_i10000_t10000000
24.14,823.529411764706,823.529411764706,823.529411764706,2753668.0,2753668.0,2753668.0,147009.0,147009.0,147009.0,0.0,0.0,hard,32,1,10000,10000000,sync_on,hard_p32_w1_i10000_t10000000
24.15,300.97087378640776,252.42718446601944,349.5145631067961,2831546.0,2767036.0,2896056.0,124340.0,114763.0,133917.0,0.0,0.0,hard,32,1,10000,10000000,sync_on,hard_p32_w1_i10000_t10000000
24.16,310.67961165048547,310.67961165048547,310.67961165048547,2770684.0,2770684.0,2770684.0,128576.0,128576.0,128576.0,0.0,0.0,hard,32,1,10000,10000000,sync_on,hard_p32_w1_i10000_t10000000
24.24,813.7730820483533,637.2549019607843,990.2912621359224,2755172.0,2753892.0,2756452.0,147758.0,147327.0,148189.0,0.0,0.0,hard,32,1,10000,10000000,sync_on,hard_p32_w1_i10000_t10000000
24.25,110.57692307692307,76.92307692307692,144.23076923076923,2831496.0,2767052.0,2895940.0,124460.5,114990.0,133931.0,0.0,0.0,hard,32,1,10000,10000000,sync_on,hard_p32_w1_i10000_t10000000
24.27,153.84615384615384,153.84615384615384,153.84615384615384,2770768.0,2770768.0,2770768.0,128591.0,128591.0,128591.0,0.0,0.0,hard,32,1,10000,10000000,sync_on,hard_p32_w1_i10000_t10000000
24.34,715.686274509804,715.686274509804,715.686274509804,2756612.0,2756612.0,2756612.0,148187.0,148187.0,148187.0,0.0,0.0,hard,32,1,10000,10000000,sync_on,hard_p32_w1_i10000_t10000000
24.35,660.1941747572816,660.1941747572816,660.1941747572816,2754120.0,2754120.0,2754120.0,149547.0,149547.0,149547.0,0.0,0.0,hard,32,1,10000,10000000,sync_on,hard_p32_w1_i10000_t10000000
24.36,100.96153846153847,0.0,201.92307692307693,2831514.0,2767088.0,2895940.0,124466.0,114990.0,133942.0,0.0,0.0,hard,32,1,10000,10000000,sync_on,hard_p32_w1_i10000_t10000000
24.37,504.8543689320389,504.8543689320389,504.8543689320389,2771164.0,2771164.0,2771164.0,128607.0,128607.0,128607.0,0.0,0.0,hard,32,1,10000,10000000,sync_on,hard_p32_w1_i10000_t10000000
24.44,588.2352941176471,588.2352941176471,588.2352941176471,2756980.0,2756980.0,2756980.0,149464.0,149464.0,149464.0,0.0,0.0,hard,32,1,10000,10000000,sync_on,hard_p32_w1_i10000_t10000000
24.45,961.5384615384615,961.5384615384615,961.5384615384615,2754408.0,2754408.0,2754408.0,151673.0,151673.0,151673.0,0.0,0.0,hard,32,1,10000,10000000,sync_on,hard_p32_w1_i10000_t10000000
24.46,139.42307692307693,0.0,278.84615384615387,2831548.0,2767156.0,2895940.0,124479.0,114990.0,133968.0,0.0,0.0,hard,32,1,10000,10000000,sync_on,hard_p32_w1_i10000_t10000000
24.47,194.1747572815534,194.1747572815534,194.1747572815534,2771276.0,2771276.0,2771276.0,128624.0,128624.0,128624.0,0.0,0.0,hard,32,1,10000,10000000,sync_on,hard_p32_w1_i10000_t10000000
24.54,951.923076923077,951.923076923077,951.923076923077,2757256.0,2757256.0,2757256.0,151590.0,151590.0,151590.0,0.0,0.0,hard,32,1,10000,10000000,sync_on,hard_p32_w1_i10000_t10000000
24.55,660.1941747572816,660.1941747572816,660.1941747572816,2754628.0,2754628.0,2754628.0,152436.0,152436.0,152436.0,0.0,0.0,hard,32,1,10000,10000000,sync_on,hard_p32_w1_i10000_t10000000
24.56,155.33980582524273,0.0,310.67961165048547,2831598.0,2767256.0,2895940.0,124483.5,114990.0,133977.0,0.0,0.0,hard,32,1,10000,10000000,sync_on,hard_p32_w1_i10000_t10000000
24.58,173.0769230769231,173.0769230769231,173.0769230769231,2771372.0,2771372.0,2771372.0,128634.0,128634.0,128634.0,0.0,0.0,hard,32,1,10000,10000000,sync_on,hard_p32_w1_i10000_t10000000
24.65,475.7281553398058,475.7281553398058,475.7281553398058,2757436.0,2757436.0,2757436.0,152348.0,152348.0,152348.0,0.0,0.0,hard,32,1,10000,10000000,sync_on,hard_p32_w1_i10000_t10000000
24.66,1155.3398058252428,1155.3398058252428,1155.3398058252428,2750428.0,2750428.0,2750428.0,143433.0,143433.0,143433.0,0.0,0.0,hard,32,1,10000,10000000,sync_on,hard_p32_w1_i10000_t10000000
24.67,254.80769230769232,0.0,509.61538461538464,2831674.0,2767408.0,2895940.0,124490.5,114990.0,133991.0,0.0,0.0,hard,32,1,10000,10000000,sync_on,hard_p32_w1_i10000_t10000000
24.68,194.1747572815534,194.1747572815534,194.1747572815534,2771416.0,2771416.0,2771416.0,128650.0,128650.0,128650.0,0.0,0.0,hard,32,1,10000,10000000,sync_on,hard_p32_w1_i10000_t10000000
24.75,1242.7184466019419,1242.7184466019419,1242.7184466019419,2753352.0,2753352.0,2753352.0,143345.0,143345.0,143345.0,0.0,0.0,hard,32,1,10000,10000000,sync_on,hard_p32_w1_i10000_t10000000
24.76,1247.5247524752474,1247.5247524752474,1247.5247524752474,2752716.0,2752716.0,2752716.0,143496.0,143496.0,143496.0,0.0,0.0,hard,32,1,10000,10000000,sync_on,hard_p32_w1_i10000_t10000000
24.77,132.3529411764706,0.0,264.7058823529412,2831810.0,2767680.0,2895940.0,124495.5,114990.0,134001.0,0.0,0.0,hard,32,1,10000,10000000,sync_on,hard_p32_w1_i10000_t10000000
24.78,349.5145631067961,349.5145631067961,349.5145631067961,2771688.0,2771688.0,2771688.0,128666.0,128666.0,128666.0,0.0,0.0,hard,32,1,10000,10000000,sync_on,hard_p32_w1_i10000_t10000000
24.85,1038.4615384615386,1038.4615384615386,1038.4615384615386,2755536.0,2755536.0,2755536.0,143404.0,143404.0,143404.0,0.0,0.0,hard,32,1,10000,10000000,sync_on,hard_p32_w1_i10000_t10000000
24.86,990.1960784313726,990.1960784313726,990.1960784313726,2753968.0,2753968.0,2753968.0,143561.0,143561.0,143561.0,0.0,0.0,hard,32,1,10000,10000000,sync_on,hard_p32_w1_i10000_t10000000
24.87,106.79611650485438,0.0,213.59223300970876,2831876.0,2767812.0,2895940.0,124503.0,114992.0,134014.0,0.0,0.0,hard,32,1,10000,10000000,sync_on,hard_p32_w1_i10000_t10000000
24.89,269.2307692307692,269.2307692307692,269.2307692307692,2771828.0,2771828.0,2771828.0,128686.0,128686.0,128686.0,0.0,0.0,hard,32,1,10000,10000000,sync_on,hard_p32_w1_i10000_t10000000
24.96,1117.6470588235295,1107.843137254902,1127.450980392157,2755872.0,2754816.0,2756928.0,143539.5,143461.0,143618.0,0.0,0.0,hard,32,1,10000,10000000,sync_on,hard_p32_w1_i10000_t10000000
24.98,149.1784914115011,29.12621359223301,269.2307692307692,2831908.0,2767872.0,2895944.0,124513.0,114998.0,134028.0,0.0,0.0,hard,32,1,10000,10000000,sync_on,hard_p32_w1_i10000_t10000000
24.99,378.6407766990292,378.6407766990292,378.6407766990292,2772048.0,2772048.0,2772048.0,128701.0,128701.0,128701.0,0.0,0.0,hard,32,1,10000,10000000,sync_on,hard_p32_w1_i10000_t10000000
25.06,1107.843137254902,1039.2156862745098,1176.4705882352941,2756648.0,2755332.0,2757964.0,143603.5,143522.0,143685.0,0.0,0.0,hard,32,1,10000,10000000,sync_on,hard_p32_w1_i10000_t10000000
25.08,332.94436146377893,252.42718446601944,413.46153846153845,2831246.0,2768004.0,2894488.0,123938.0,113836.0,134040.0,0.0,0.0,hard,32,1,10000,10000000,sync_on,hard_p32_w1_i10000_t10000000
25.09,307.6923076923077,307.6923076923077,307.6923076923077,2772124.0,2772124.0,2772124.0,128717.0,128717.0,128717.0,0.0,0.0,hard,32,1,10000,10000000,sync_on,hard_p32_w1_i10000_t10000000
25.16,1157.5907590759075,1148.5148514851485,1166.6666666666667,2757336.0,2756264.0,2758408.0,143663.5,143582.0,143745.0,0.0,0.0,hard,32,1,10000,10000000,sync_on,hard_p32_w1_i10000_t10000000
25.18,201.9230769230769,134.6153846153846,269.2307692307692,2831410.0,2768132.0,2894688.0,124525.5,114995.0,134056.0,0.0,0.0,hard,32,1,10000,10000000,sync_on,hard_p32_w1_i10000_t10000000
25.2,281.55339805825247,281.55339805825247,281.55339805825247,2772244.0,2772244.0,2772244.0,128735.0,128735.0,128735.0,0.0,0.0,hard,32,1,10000,10000000,sync_on,hard_p32_w1_i10000_t10000000
25.26,1038.8349514563108,1038.8349514563108,1038.8349514563108,2758920.0,2758920.0,2758920.0,143651.0,143651.0,143651.0,0.0,0.0,hard,32,1,10000,10000000,sync_on,hard_p32_w1_i10000_t10000000
25.27,1077.6699029126214,1077.6699029126214,1077.6699029126214,2756832.0,2756832.0,2756832.0,143803.0,143803.0,143803.0,0.0,0.0,hard,32,1,10000,10000000,sync_on,hard_p32_w1_i10000_t10000000
25.29,126.21359223300972,0.0,252.42718446601944,2831438.0,2768188.0,2894688.0,124534.0,114995.0,134073.0,0.0,0.0,hard,32,1,10000,10000000,sync_on,hard_p32_w1_i10000_t10000000
25.3,378.6407766990292,378.6407766990292,378.6407766990292,2772404.0,2772404.0,2772404.0,128751.0,128751.0,128751.0,0.0,0.0,hard,32,1,10000,10000000,sync_on,hard_p32_w1_i10000_t10000000
25.36,1215.686274509804,1215.686274509804,1215.686274509804,2759600.0,2759600.0,2759600.0,143714.0,143714.0,143714.0,0.0,0.0,hard,32,1,10000,10000000,sync_on,hard_p32_w1_i10000_t10000000
25.37,1049.0196078431372,1049.0196078431372,1049.0196078431372,2757204.0,2757204.0,2757204.0,143859.0,143859.0,143859.0,0.0,0.0,hard,32,1,10000,10000000,sync_on,hard_p32_w1_i10000_t10000000
25.39,206.73076923076923,0.0,413.46153846153845,2831486.0,2768284.0,2894688.0,124544.5,114995.0,134094.0,0.0,0.0,hard,32,1,10000,10000000,sync_on,hard_p32_w1_i10000_t10000000
25.41,403.84615384615387,403.84615384615387,403.84615384615387,2772640.0,2772640.0,2772640.0,128770.0,128770.0,128770.0,0.0,0.0,hard,32,1,10000,10000000,sync_on,hard_p32_w1_i10000_t10000000
25.47,1087.952488687783,1028.8461538461538,1147.058823529412,2758806.0,2757708.0,2759904.0,143837.0,143761.0,143913.0,0.0,0.0,hard,32,1,10000,10000000,sync_on,hard_p32_w1_i10000_t10000000
25.49,233.0097087378641,233.0097087378641,233.0097087378641,2768388.0,2768388.0,2768388.0,134103.0,134103.0,134103.0,0.0,0.0,hard,32,1,10000,10000000,sync_on,hard_p32_w1_i10000_t10000000
25.5,0.0,0.0,0.0,2894688.0,2894688.0,2894688.0,114995.0,114995.0,114995.0,0.0,0.0,hard,32,1,10000,10000000,sync_on,hard_p32_w1_i10000_t10000000
25.51,252.42718446601944,252.42718446601944,252.42718446601944,2772928.0,2772928.0,2772928.0,128779.0,128779.0,128779.0,0.0,0.0,hard,32,1,10000,10000000,sync_on,hard_p32_w1_i10000_t10000000
25.57,1219.588806396345,1203.883495145631,1235.294117647059,2759110.0,2757984.0,2760236.0,143970.5,143830.0,144111.0,0.0,0.0,hard,32,1,10000,10000000,sync_on,hard_p32_w1_i10000_t10000000
25.6,139.42307692307693,0.0,278.84615384615387,2831558.0,2768428.0,2894688.0,124554.0,114995.0,134113.0,0.0,0.0,hard,32,1,10000,10000000,sync_on,hard_p32_w1_i10000_t10000000
25.61,221.15384615384616,221.15384615384616,221.15384615384616,2773004.0,2773004.0,2773004.0,128799.0,128799.0,128799.0,0.0,0.0,hard,32,1,10000,10000000,sync_on,hard_p32_w1_i10000_t10000000
25.68,1033.6538461538462,1000.0000000000001,1067.3076923076924,2759476.0,2758264.0,2760688.0,142200.0,140243.0,144157.0,0.0,0.0,hard,32,1,10000,10000000,sync_on,hard_p32_w1_i10000_t10000000
25.7,100.96153846153847,0.0,201.92307692307693,2831570.0,2768452.0,2894688.0,124563.0,114995.0,134131.0,0.0,0.0,hard,32,1,10000,10000000,sync_on,hard_p32_w1_i10000_t10000000
25.71,320.3883495145631,320.3883495145631,320.3883495145631,2773236.0,2773236.0,2773236.0,128815.0,128815.0,128815.0,0.0,0.0,hard,32,1,10000,10000000,sync_on,hard_p32_w1_i10000_t10000000
25.78,1193.241224794623,1192.3076923076924,1194.1747572815534,2759830.0,2758580.0,2761080.0,140233.0,140167.0,140299.0,0.0,0.0,hard,32,1,10000,10000000,sync_on,hard_p32_w1_i10000_t10000000
25.8,359.2233009708738,359.2233009708738,359.2233009708738,2768568.0,2768568.0,2768568.0,134148.0,134148.0,134148.0,0.0,0.0,hard,32,1,10000,10000000,sync_on,hard_p32_w1_i10000_t10000000
25.81,0.0,0.0,0.0,2894688.0,2894688.0,2894688.0,114995.0,114995.0,114995.0,0.0,0.0,hard,32,1,10000,10000000,sync_on,hard_p32_w1_i10000_t10000000
25.82,291.2621359223301,291.2621359223301,291.2621359223301,2773288.0,2773288.0,2773288.0,128829.0,128829.0,128829.0,0.0,0.0,hard,32,1,10000,10000000,sync_on,hard_p32_w1_i10000_t10000000
25.88,1005.2361005331302,980.7692307692308,1029.7029702970297,2760304.0,2759168.0,2761440.0,134627.0,132808.0,136446.0,0.0,0.0,hard,32,1,10000,10000000,sync_on,hard_p32_w1_i10000_t10000000
25.91,129.80769230769232,0.0,259.61538461538464,2831722.0,2768756.0,2894688.0,124579.0,114995.0,134163.0,0.0,0.0,hard,32,1,10000,10000000,sync_on,hard_p32_w1_i10000_t10000000
25.92,173.0769230769231,173.0769230769231,173.0769230769231,2773588.0,2773588.0,2773588.0,128844.0,128844.0,128844.0,0.0,0.0,hard,32,1,10000,10000000,sync_on,hard_p32_w1_i10000_t10000000
25.98,1181.341920599827,1178.2178217821781,1184.4660194174758,2760596.0,2759484.0,2761708.0,134690.0,132870.0,136510.0,0.0,0.0,hard,32,1,10000,10000000,sync_on,hard_p32_w1_i10000_t10000000
26.01,246.4058999253174,240.3846153846154,252.42718446601944,2830952.0,2768796.0,2893108.0,123675.0,113174.0,134176.0,0.0,0.0,hard,32,1,10000,10000000,sync_on,hard_p32_w1_i10000_t10000000
26.02,359.2233009708738,359.2233009708738,359.2233009708738,2773704.0,2773704.0,2773704.0,128864.0,128864.0,128864.0,0.0,0.0,hard,32,1,10000,10000000,sync_on,hard_p32_w1_i10000_t10000000
26.09,1180.51589567866,1174.7572815533981,1186.2745098039215,2760836.0,2759716.0,2761956.0,134753.0,132934.0,136572.0,0.0,0.0,hard,32,1,10000,10000000,sync_on,hard_p32_w1_i10000_t10000000
26.11,307.6923076923077,307.6923076923077,307.6923076923077,2768980.0,2768980.0,2768980.0,134189.0,134189.0,134189.0,0.0,0.0,hard,32,1,10000,10000000,sync_on,hard_p32_w1_i10000_t10000000
26.12,300.97087378640776,300.97087378640776,300.97087378640776,2893368.0,2893368.0,2893368.0,113188.0,113188.0,113188.0,0.0,0.0,hard,32,1,10000,10000000,sync_on,hard_p32_w1_i10000_t10000000
26.13,213.59223300970876,213.59223300970876,213.59223300970876,2773796.0,2773796.0,2773796.0,128882.0,128882.0,128882.0,0.0,0.0,hard,32,1,10000,10000000,sync_on,hard_p32_w1_i10000_t10000000
26.19,1200.9803921568628,1156.8627450980393,1245.0980392156864,2761112.0,2759896.0,2762328.0,134820.0,132995.0,136645.0,0.0,0.0,hard,32,1,10000,10000000,sync_on,hard_p32_w1_i10000_t10000000
26.22,288.46153846153845,211.53846153846155,365.3846153846154,2831292.0,2769028.0,2893556.0,123706.0,113208.0,134204.0,0.0,0.0,hard,32,1,10000,10000000,sync_on,hard_p32_w1_i10000_t10000000
26.23,336.53846153846155,336.53846153846155,336.53846153846155,2773928.0,2773928.0,2773928.0,128898.0,128898.0,128898.0,0.0,0.0,hard,32,1,10000,10000000,sync_on,hard_p32_w1_i10000_t10000000
26.29,1236.847214133178,1156.8627450980393,1316.8316831683167,2761378.0,2760148.0,2762608.0,134884.0,133058.0,136710.0,0.0,0.0,hard,32,1,10000,10000000,sync_on,hard_p32_w1_i10000_t10000000
26.32,326.9230769230769,288.46153846153845,365.3846153846154,2831420.0,2769164.0,2893676.0,123720.5,113220.0,134221.0,0.0,0.0,hard,32,1,10000,10000000,sync_on,hard_p32_w1_i10000_t10000000
26.34,359.2233009708738,359.2233009708738,359.2233009708738,2774064.0,2774064.0,2774064.0,128912.0,128912.0,128912.0,0.0,0.0,hard,32,1,10000,10000000,sync_on,hard_p32_w1_i10000_t10000000
26.39,1034.3137254901962,950.9803921568628,1117.6470588235295,2761614.0,2760440.0,2762788.0,134938.0,133114.0,136762.0,0.0,0.0,hard,32,1,10000,10000000,sync_on,hard_p32_w1_i10000_t10000000
26.43,305.82524271844665,203.8834951456311,407.7669902912622,2831490.0,2769208.0,2893772.0,123733.5,113235.0,134232.0,0.0,0.0,hard,32,1,10000,10000000,sync_on,hard_p32_w1_i10000_t10000000
26.44,326.92307692307696,326.92307692307696,326.92307692307696,2774224.0,2774224.0,2774224.0,128928.0,128928.0,128928.0,0.0,0.0,hard,32,1,10000,10000000,sync_on,hard_p32_w1_i10000_t10000000
26.49,1137.2549019607843,1137.2549019607843,1137.2549019607843,2760776.0,2760776.0,2760776.0,133173.0,133173.0,133173.0,0.0,0.0,hard,32,1,10000,10000000,sync_on,hard_p32_w1_i10000_t10000000
26.5,1264.7058823529412,1264.7058823529412,1264.7058823529412,2763160.0,2763160.0,2763160.0,136819.0,136819.0,136819.0,0.0,0.0,hard,32,1,10000,10000000,sync_on,hard_p32_w1_i10000_t10000000
26.53,294.436146377894,242.71844660194176,346.1538461538462,2831654.0,2769340.0,2893968.0,123751.5,113255.0,134248.0,0.0,0.0,hard,32,1,10000,10000000,sync_on,hard_p32_w1_i10000_t10000000
26.54,174.75728155339806,174.75728155339806,174.75728155339806,2774252.0,2774252.0,2774252.0,128942.0,128942.0,128942.0,0.0,0.0,hard,32,1,10000,10000000,sync_on,hard_p32_w1_i10000_t10000000
26.59,1262.1359223300972,1262.1359223300972,1262.1359223300972,2761308.0,2761308.0,2761308.0,134671.0,134671.0,134671.0,0.0,0.0,hard,32,1,10000,10000000,sync_on,hard_p32_w1_i10000_t10000000
26.6,1196.0784313725492,1196.0784313725492,1196.0784313725492,2763432.0,2763432.0,2763432.0,136878.0,136878.0,136878.0,0.0,0.0,hard,32,1,10000,10000000,sync_on,hard_p32_w1_i10000_t10000000
26.63,219.17420814479638,144.23076923076923,294.11764705882354,2831690.0,2769364.0,2894016.0,123760.5,113262.0,134259.0,0.0,0.0,hard,32,1,10000,10000000,sync_on,hard_p32_w1_i10000_t10000000
26.64,194.1747572815534,194.1747572815534,194.1747572815534,2774400.0,2774400.0,2774400.0,129215.0,129215.0,129215.0,0.0,0.0,hard,32,1,10000,10000000,sync_on,hard_p32_w1_i10000_t10000000
26.7,971.2490479817213,673.2673267326733,1269.2307692307693,2761782.0,2759760.0,2763804.0,135107.5,133271.0,136944.0,0.0,0.0,hard,32,1,10000,10000000,sync_on,hard_p32_w1_i10000_t10000000
26.73,339.80582524271847,339.80582524271847,339.80582524271847,2769432.0,2769432.0,2769432.0,134278.0,134278.0,134278.0,0.0,0.0,hard,32,1,10000,10000000,sync_on,hard_p32_w1_i10000_t10000000
26.74,58.25242718446602,58.25242718446602,58.25242718446602,2894036.0,2894036.0,2894036.0,113531.0,113531.0,113531.0,0.0,0.0,hard,32,1,10000,10000000,sync_on,hard_p32_w1_i10000_t10000000
26.75,0.0,0.0,0.0,2774400.0,2774400.0,2774400.0,129218.0,129218.0,129218.0,0.0,0.0,hard,32,1,10000,10000000,sync_on,hard_p32_w1_i10000_t10000000
26.8,1029.173805444508,1009.8039215686275,1048.5436893203885,2762056.0,2760048.0,2764064.0,135163.5,133332.0,136995.0,0.0,0.0,hard,32,1,10000,10000000,sync_on,hard_p32_w1_i10000_t10000000
26.84,182.69230769230768,134.6153846153846,230.76923076923077,2831854.0,2769476.0,2894232.0,123914.5,113541.0,134288.0,0.0,0.0,hard,32,1,10000,10000000,sync_on,hard_p32_w1_i10000_t10000000
26.85,291.2621359223301,291.2621359223301,291.2621359223301,2774604.0,2774604.0,2774604.0,129230.0,129230.0,129230.0,0.0,0.0,hard,32,1,10000,10000000,sync_on,hard_p32_w1_i10000_t10000000
26.9,1203.883495145631,1203.883495145631,1203.883495145631,2760608.0,2760608.0,2760608.0,133394.0,133394.0,133394.0,0.0,0.0,hard,32,1,10000,10000000,sync_on,hard_p32_w1_i10000_t10000000
26.91,1117.6470588235295,1117.6470588235295,1117.6470588235295,2764312.0,2764312.0,2764312.0,137060.0,137060.0,137060.0,0.0,0.0,hard,32,1,10000,10000000,sync_on,hard_p32_w1_i10000_t10000000
26.94,328.69678864824493,288.46153846153845,368.93203883495147,2831928.0,2769548.0,2894308.0,121911.5,109519.0,134304.0,0.0,0.0,hard,32,1,10000,10000000,sync_on,hard_p32_w1_i10000_t10000000
26.96,288.46153846153845,288.46153846153845,288.46153846153845,2774632.0,2774632.0,2774632.0,125205.0,125205.0,125205.0,0.0,0.0,hard,32,1,10000,10000000,sync_on,hard_p32_w1_i10000_t10000000
27.01,1172.55331302361,1048.076923076923,1297.029702970297,2762690.0,2760816.0,2764564.0,135287.5,133449.0,137126.0,0.0,0.0,hard,32,1,10000,10000000,sync_on,hard_p32_w1_i10000_t10000000
27.05,261.10903659447354,211.53846153846155,310.67961165048547,2832026.0,2769656.0,2894396.0,121930.5,109543.0,134318.0,0.0,0.0,hard,32,1,10000,10000000,sync_on,hard_p32_w1_i10000_t10000000
27.06,242.71844660194176,242.71844660194176,242.71844660194176,2774824.0,2774824.0,2774824.0,125219.0,125219.0,125219.0,0.0,0.0,hard,32,1,10000,10000000,sync_on,hard_p32_w1_i10000_t10000000
27.11,1170.6259426847664,1096.1538461538462,1245.0980392156864,2763134.0,2761332.0,2764936.0,135350.0,133514.0,137186.0,0.0,0.0,hard,32,1,10000,10000000,sync_on,hard_p32_w1_i10000_t10000000
27.15,298.0769230769231,230.76923076923077,365.3846153846154,2832128.0,2769760.0,2894496.0,121945.0,109556.0,134334.0,0.0,0.0,hard,32,1,10000,10000000,sync_on,hard_p32_w1_i10000_t10000000
27.16,271.84466019417476,271.84466019417476,271.84466019417476,2774892.0,2774892.0,2774892.0,125237.0,125237.0,125237.0,0.0,0.0,hard,32,1,10000,10000000,sync_on,hard_p32_w1_i10000_t10000000
27.21,1014.0963405526513,932.0388349514564,1096.1538461538462,2763512.0,2761656.0,2765368.0,135398.0,133556.0,137240.0,0.0,0.0,hard,32,1,10000,10000000,sync_on,hard_p32_w1_i10000_t10000000
27.25,313.9936519790889,310.67961165048547,317.3076923076923,2832296.0,2769828.0,2894764.0,121961.5,109576.0,134347.0,0.0,0.0,hard,32,1,10000,10000000,sync_on,hard_p32_w1_i10000_t10000000
27.27,461.53846153846155,461.53846153846155,461.53846153846155,2775044.0,2775044.0,2775044.0,125256.0,125256.0,125256.0,0.0,0.0,hard,32,1,10000,10000000,sync_on,hard_p32_w1_i10000_t10000000
27.31,1207.9207920792078,1207.9207920792078,1207.9207920792078,2762116.0,2762116.0,2762116.0,133615.0,133615.0,133615.0,0.0,0.0,hard,32,1,10000,10000000,sync_on,hard_p32_w1_i10000_t10000000
27.32,1215.686274509804,1215.686274509804,1215.686274509804,2765668.0,2765668.0,2765668.0,137296.0,137296.0,137296.0,0.0,0.0,hard,32,1,10000,10000000,sync_on,hard_p32_w1_i10000_t10000000
27.36,183.34578043315906,135.92233009708738,230.76923076923077,2832358.0,2769856.0,2894860.0,121976.5,109591.0,134362.0,0.0,0.0,hard,32,1,10000,10000000,sync_on,hard_p32_w1_i10000_t10000000
27.37,388.3495145631068,388.3495145631068,388.3495145631068,2775240.0,2775240.0,2775240.0,125274.0,125274.0,125274.0,0.0,0.0,hard,32,1,10000,10000000,sync_on,hard_p32_w1_i10000_t10000000
27.41,1078.4313725490197,1078.4313725490197,1078.4313725490197,2762452.0,2762452.0,2762452.0,133677.0,133677.0,133677.0,0.0,0.0,hard,32,1,10000,10000000,sync_on,hard_p32_w1_i10000_t10000000
27.42,1118.8118811881188,1118.8118811881188,1118.8118811881188,2765884.0,2765884.0,2765884.0,137350.0,137350.0,137350.0,0.0,0.0,hard,32,1,10000,10000000,sync_on,hard_p32_w1_i10000_t10000000
27.46,260.9223300970874,250.0,271.84466019417476,2832440.0,2769908.0,2894972.0,121994.5,109618.0,134371.0,0.0,0.0,hard,32,1,10000,10000000,sync_on,hard_p32_w1_i10000_t10000000
27.47,300.97087378640776,300.97087378640776,300.97087378640776,2775288.0,2775288.0,2775288.0,125288.0,125288.0,125288.0,0.0,0.0,hard,32,1,10000,10000000,sync_on,hard_p32_w1_i10000_t10000000
27.52,1250.0,1225.4901960784314,1274.5098039215686,2764560.0,2762900.0,2766220.0,135579.5,133742.0,137417.0,0.0,0.0,hard,32,1,10000,10000000,sync_on,hard_p32_w1_i10000_t10000000
27.56,194.1747572815534,194.1747572815534,194.1747572815534,2769976.0,2769976.0,2769976.0,134383.0,134383.0,134383.0,0.0,0.0,hard,32,1,10000,10000000,sync_on,hard_p32_w1_i10000_t10000000
27.57,336.53846153846155,336.53846153846155,336.53846153846155,2895028.0,2895028.0,2895028.0,109633.0,109633.0,109633.0,0.0,0.0,hard,32,1,10000,10000000,sync_on,hard_p32_w1_i10000_t10000000
27.58,173.0769230769231,173.0769230769231,173.0769230769231,2775340.0,2775340.0,2775340.0,125298.0,125298.0,125298.0,0.0,0.0,hard,32,1,10000,10000000,sync_on,hard_p32_w1_i10000_t10000000
27.62,1035.5102817974105,942.3076923076924,1128.7128712871286,2764938.0,2763300.0,2766576.0,135776.0,133797.0,137755.0,0.0,0.0,hard,32,1,10000,10000000,sync_on,hard_p32_w1_i10000_t10000000
27.67,260.6422703510082,213.59223300970876,307.6923076923077,2832558.0,2770032.0,2895084.0,122157.0,109915.0,134399.0,0.0,0.0,hard,32,1,10000,10000000,sync_on,hard_p32_w1_i10000_t10000000
27.68,233.0097087378641,233.0097087378641,233.0097087378641,2775428.0,2775428.0,2775428.0,125309.0,125309.0,125309.0,0.0,0.0,hard,32,1,10000,10000000,sync_on,hard_p32_w1_i10000_t10000000
27.72,1205.8823529411766,1205.8823529411766,1205.8823529411766,2763636.0,2763636.0,2763636.0,133862.0,133862.0,133862.0,0.0,0.0,hard,32,1,10000,10000000,sync_on,hard_p32_w1_i10000_t10000000
27.73,990.1960784313726,990.1960784313726,990.1960784313726,2767120.0,2767120.0,2767120.0,139358.0,139358.0,139358.0,0.0,0.0,hard,32,1,10000,10000000,sync_on,hard_p32_w1_i10000_t10000000
27.77,92.18633308439134,9.615384615384615,174.75728155339806,2832570.0,2770056.0,2895084.0,122163.5,109915.0,134412.0,0.0,0.0,hard,32,1,10000,10000000,sync_on,hard_p32_w1_i10000_t10000000
27.78,126.21359223300972,126.21359223300972,126.21359223300972,2775520.0,2775520.0,2775520.0,125318.0,125318.0,125318.0,0.0,0.0,hard,32,1,10000,10000000,sync_on,hard_p32_w1_i10000_t10000000
27.82,1147.058823529412,1147.058823529412,1147.058823529412,2763968.0,2763968.0,2763968.0,133917.0,133917.0,133917.0,0.0,0.0,hard,32,1,10000,10000000,sync_on,hard_p32_w1_i10000_t10000000
27.83,961.1650485436894,961.1650485436894,961.1650485436894,2765628.0,2765628.0,2765628.0,137565.0,137565.0,137565.0,0.0,0.0,hard,32,1,10000,10000000,sync_on,hard_p32_w1_i10000_t10000000
27.88,275.76549663928307,192.30769230769232,359.2233009708738,2832682.0,2770104.0,2895260.0,120158.0,105886.0,134430.0,0.0,0.0,hard,32,1,10000,10000000,sync_on,hard_p32_w1_i10000_t10000000
27.89,307.6923076923077,307.6923076923077,307.6923076923077,2775596.0,2775596.0,2775596.0,125336.0,125336.0,125336.0,0.0,0.0,hard,32,1,10000,10000000,sync_on,hard_p32_w1_i10000_t10000000
27.92,1264.7058823529412,1264.7058823529412,1264.7058823529412,2764280.0,2764280.0,2764280.0,133984.0,133984.0,133984.0,0.0,0.0,hard,32,1,10000,10000000,sync_on,hard_p32_w1_i10000_t10000000
27.93,1000.0000000000001,1000.0000000000001,1000.0000000000001,2765884.0,2765884.0,2765884.0,137627.0,137627.0,137627.0,0.0,0.0,hard,32,1,10000,10000000,sync_on,hard_p32_w1_i10000_t10000000
27.98,230.76923076923077,144.23076923076923,317.3076923076923,2832828.0,2770320.0,2895336.0,120542.5,105902.0,135183.0,0.0,0.0,hard,32,1,10000,10000000,sync_on,hard_p32_w1_i10000_t10000000
27.99,339.80582524271847,339.80582524271847,339.80582524271847,2775664.0,2775664.0,2775664.0,125355.0,125355.0,125355.0,0.0,0.0,hard,32,1,10000,10000000,sync_on,hard_p32_w1_i10000_t10000000
28.02,1118.8118811881188,1118.8118811881188,1118.8118811881188,2764632.0,2764632.0,2764632.0,134037.0,134037.0,134037.0,0.0,0.0,hard,32,1,10000,10000000,sync_on,hard_p32_w1_i10000_t10000000
28.03,1176.4705882352941,1176.4705882352941,1176.4705882352941,2766088.0,2766088.0,2766088.0,137690.0,137690.0,137690.0,0.0,0.0,hard,32,1,10000,10000000,sync_on,hard_p32_w1_i10000_t10000000
28.08,252.4271844660194,155.33980582524273,349.5145631067961,2832906.0,2770344.0,2895468.0,121106.5,105921.0,136292.0,0.0,0.0,hard,32,1,10000,10000000,sync_on,hard_p32_w1_i10000_t10000000
28.09,355.7692307692308,355.7692307692308,355.7692307692308,2775768.0,2775768.0,2775768.0,125371.0,125371.0,125371.0,0.0,0.0,hard,32,1,10000,10000000,sync_on,hard_p32_w1_i10000_t10000000
28.13,1181.372549019608,1176.4705882352941,1186.2745098039215,2765678.0,2764944.0,2766412.0,135925.5,134096.0,137755.0,0.0,0.0,hard,32,1,10000,10000000,sync_on,hard_p32_w1_i10000_t10000000
28.19,105.76923076923077,0.0,211.53846153846155,2832914.0,2770344.0,2895484.0,121114.5,105937.0,136292.0,0.0,0.0,hard,32,1,10000,10000000,sync_on,hard_p32_w1_i10000_t10000000
28.2,252.42718446601944,252.42718446601944,252.42718446601944,2775820.0,2775820.0,2775820.0,125383.0,125383.0,125383.0,0.0,0.0,hard,32,1,10000,10000000,sync_on,hard_p32_w1_i10000_t10000000
28.23,1117.6470588235295,1117.6470588235295,1117.6470588235295,2765208.0,2765208.0,2765208.0,134153.0,134153.0,134153.0,0.0,0.0,hard,32,1,10000,10000000,sync_on,hard_p32_w1_i10000_t10000000
28.24,1147.058823529412,1147.058823529412,1147.058823529412,2766784.0,2766784.0,2766784.0,137816.0,137816.0,137816.0,0.0,0.0,hard,32,1,10000,10000000,sync_on,hard_p32_w1_i10000_t10000000
28.29,247.5728155339806,0.0,495.1456310679612,2832994.0,2770344.0,2895644.0,121125.0,105958.0,136292.0,0.0,0.0,hard,32,1,10000,10000000,sync_on,hard_p32_w1_i10000_t10000000
28.3,359.2233009708738,359.2233009708738,359.2233009708738,2775928.0,2775928.0,2775928.0,125397.0,125397.0,125397.0,0.0,0.0,hard,32,1,10000,10000000,sync_on,hard_p32_w1_i10000_t10000000
28.33,1137.2549019607843,1137.2549019607843,1137.2549019607843,2765520.0,2765520.0,2765520.0,134214.0,134214.0,134214.0,0.0,0.0,hard,32,1,10000,10000000,sync_on,hard_p32_w1_i10000_t10000000
28.34,1039.2156862745098,1039.2156862745098,1039.2156862745098,2767084.0,2767084.0,2767084.0,137872.0,137872.0,137872.0,0.0,0.0,hard,32,1,10000,10000000,sync_on,hard_p32_w1_i10000_t10000000
28.39,139.42307692307693,0.0,278.84615384615387,2833052.0,2770344.0,2895760.0,121134.0,105976.0,136292.0,0.0,0.0,hard,32,1,10000,10000000,sync_on,hard_p32_w1_i10000_t10000000
28.4,288.46153846153845,288.46153846153845,288.46153846153845,2776072.0,2776072.0,2776072.0,125416.0,125416.0,125416.0,0.0,0.0,hard,32,1,10000,10000000,sync_on,hard_p32_w1_i10000_t10000000
28.43,1176.4705882352941,1176.4705882352941,1176.4705882352941,2766216.0,2766216.0,2766216.0,135764.0,135764.0,135764.0,0.0,0.0,hard,32,1,10000,10000000,sync_on,hard_p32_w1_i10000_t10000000
28.44,1068.6274509803923,1068.6274509803923,1068.6274509803923,2767372.0,2767372.0,2767372.0,137928.0,137928.0,137928.0,0.0,0.0,hard,32,1,10000,10000000,sync_on,hard_p32_w1_i10000_t10000000
28.5,169.90291262135923,0.0,339.80582524271847,2833084.0,2770344.0,2895824.0,121140.0,105988.0,136292.0,0.0,0.0,hard,32,1,10000,10000000,sync_on,hard_p32_w1_i10000_t10000000
28.51,213.59223300970876,213.59223300970876,213.59223300970876,2776096.0,2776096.0,2776096.0,125429.0,125429.0,125429.0,0.0,0.0,hard,32,1,10000,10000000,sync_on,hard_p32_w1_i10000_t10000000
28.53,696.0784313725491,696.0784313725491,696.0784313725491,2764488.0,2764488.0,2764488.0,134299.0,134299.0,134299.0,0.0,0.0,hard,32,1,10000,10000000,sync_on,hard_p32_w1_i10000_t10000000
28.54,1176.4705882352941,1176.4705882352941,1176.4705882352941,2767756.0,2767756.0,2767756.0,137985.0,137985.0,137985.0,0.0,0.0,hard,32,1,10000,10000000,sync_on,hard_p32_w1_i10000_t10000000
28.6,115.38461538461539,0.0,230.76923076923077,2833174.0,2770344.0,2896004.0,121277.0,106262.0,136292.0,0.0,0.0,hard,32,1,10000,10000000,sync_on,hard_p32_w1_i10000_t10000000
28.61,407.7669902912622,407.7669902912622,407.7669902912622,2776352.0,2776352.0,2776352.0,125447.0,125447.0,125447.0,0.0,0.0,hard,32,1,10000,10000000,sync_on,hard_p32_w1_i10000_t10000000
28.64,1044.5544554455446,980.1980198019801,1108.9108910891089,2766396.0,2764736.0,2768056.0,134316.0,134271.0,134361.0,0.0,0.0,hard,32,1,10000,10000000,sync_on,hard_p32_w1_i10000_t10000000
28.7,0.0,0.0,0.0,2833174.0,2770344.0,2896004.0,121277.0,106262.0,136292.0,0.0,0.0,hard,32,1,10000,10000000,sync_on,hard_p32_w1_i10000_t10000000
28.71,211.53846153846155,211.53846153846155,211.53846153846155,2776396.0,2776396.0,2776396.0,125456.0,125456.0,125456.0,0.0,0.0,hard,32,1,10000,10000000,sync_on,hard_p32_w1_i10000_t10000000
28.74,1137.2549019607843,1137.2549019607843,1137.2549019607843,2765188.0,2765188.0,2765188.0,134423.0,134423.0,134423.0,0.0,0.0,hard,32,1,10000,10000000,sync_on,hard_p32_w1_i10000_t10000000
28.75,1077.6699029126214,1077.6699029126214,1077.6699029126214,2768304.0,2768304.0,2768304.0,134329.0,134329.0,134329.0,0.0,0.0,hard,32,1,10000,10000000,sync_on,hard_p32_w1_i10000_t10000000
28.81,187.5,0.0,375.0,2833324.0,2770344.0,2896304.0,119266.0,102240.0,136292.0,0.0,0.0,hard,32,1,10000,10000000,sync_on,hard_p32_w1_i10000_t10000000
28.82,242.71844660194176,242.71844660194176,242.71844660194176,2776584.0,2776584.0,2776584.0,125474.0,125474.0,125474.0,0.0,0.0,hard,32,1,10000,10000000,sync_on,hard_p32_w1_i10000_t10000000
28.84,970.5882352941177,970.5882352941177,970.5882352941177,2765668.0,2765668.0,2765668.0,136307.0,136307.0,136307.0,0.0,0.0,hard,32,1,10000,10000000,sync_on,hard_p32_w1_i10000_t10000000
28.85,1165.0485436893205,1165.0485436893205,1165.0485436893205,2768924.0,2768924.0,2768924.0,134386.0,134386.0,134386.0,0.0,0.0,hard,32,1,10000,10000000,sync_on,hard_p32_w1_i10000_t10000000
28.91,379.8076923076923,288.46153846153845,471.1538461538462,2832558.0,2768772.0,2896344.0,118362.0,102254.0,134470.0,0.0,0.0,hard,32,1,10000,10000000,sync_on,hard_p32_w1_i10000_t10000000
28.92,417.4757281553398,417.4757281553398,417.4757281553398,2776836.0,2776836.0,2776836.0,125489.0,125489.0,125489.0,0.0,0.0,hard,32,1,10000,10000000,sync_on,hard_p32_w1_i10000_t10000000
28.94,823.529411764706,823.529411764706,823.529411764706,2764360.0,2764360.0,2764360.0,134535.0,134535.0,134535.0,0.0,0.0,hard,32,1,10000,10000000,sync_on,hard_p32_w1_i10000_t10000000
28.95,1194.1747572815534,1194.1747572815534,1194.1747572815534,2769348.0,2769348.0,2769348.0,134450.0,134450.0,134450.0,0.0,0.0,hard,32,1,10000,10000000,sync_on,hard_p32_w1_i10000_t10000000
29.01,665.0485436893205,184.46601941747574,1145.6310679611652,2832758.0,2769140.0,2896376.0,118403.5,102269.0,134538.0,0.0,0.5,hard,32,1,10000,10000000,sync_on,hard_p32_w1_i10000_t10000000
29.02,163.46153846153848,163.46153846153848,163.46153846153848,2777056.0,2777056.0,2777056.0,125502.0,125502.0,125502.0,0.0,0.0,hard,32,1,10000,10000000,sync_on,hard_p32_w1_i10000_t10000000
29.04,1048.5436893203885,1048.5436893203885,1048.5436893203885,2764832.0,2764832.0,2764832.0,136403.0,136403.0,136403.0,0.0,0.0,hard,32,1,10000,10000000,sync_on,hard_p32_w1_i10000_t10000000
29.05,1107.843137254902,1107.843137254902,1107.843137254902,2769608.0,2769608.0,2769608.0,134508.0,134508.0,134508.0,0.0,0.0,hard,32,1,10000,10000000,sync_on,hard_p32_w1_i10000_t10000000
29.12,961.5384615384615,961.5384615384615,961.5384615384615,2769812.0,2769812.0,2769812.0,134597.0,134597.0,134597.0,0.0,1.0,hard,32,1,10000,10000000,sync_on,hard_p32_w1_i10000_t10000000
29.13,223.3009708737864,223.3009708737864,223.3009708737864,2777100.0,2777100.0,2777100.0,125517.0,125517.0,125517.0,0.0,0.0,hard,32,1,10000,10000000,sync_on,hard_p32_w1_i10000_t10000000
29.15,650.4854368932039,650.4854368932039,650.4854368932039,2763276.0,2763276.0,2763276.0,134599.0,134599.0,134599.0,0.0,0.0,hard,32,1,10000,10000000,sync_on,hard_p32_w1_i10000_t10000000
29.16,1096.1538461538462,1096.1538461538462,1096.1538461538462,2769788.0,2769788.0,2769788.0,134572.0,134572.0,134572.0,0.0,0.0,hard,32,1,10000,10000000,sync_on,hard_p32_w1_i10000_t10000000
29.22,931.372549019608,931.372549019608,931.372549019608,2769992.0,2769992.0,2769992.0,134662.0,134662.0,134662.0,0.0,1.0,hard,32,1,10000,10000000,sync_on,hard_p32_w1_i10000_t10000000
29.23,307.6923076923077,307.6923076923077,307.6923076923077,2777212.0,2777212.0,2777212.0,125537.0,125537.0,125537.0,0.0,0.0,hard,32,1,10000,10000000,sync_on,hard_p32_w1_i10000_t10000000
29.25,1198.019801980198,1198.019801980198,1198.019801980198,2764084.0,2764084.0,2764084.0,134662.0,134662.0,134662.0,0.0,0.0,hard,32,1,10000,10000000,sync_on,hard_p32_w1_i10000_t10000000
29.26,1068.6274509803923,1068.6274509803923,1068.6274509803923,2770064.0,2770064.0,2770064.0,135277.0,135277.0,135277.0,0.0,0.0,hard,32,1,10000,10000000,sync_on,hard_p32_w1_i10000_t10000000
29.32,1029.4117647058824,1029.4117647058824,1029.4117647058824,2770252.0,2770252.0,2770252.0,134729.0,134729.0,134729.0,0.0,1.0,hard,32,1,10000,10000000,sync_on,hard_p32_w1_i10000_t10000000
29.33,252.42718446601944,252.42718446601944,252.42718446601944,2777412.0,2777412.0,2777412.0,125553.0,125553.0,125553.0,0.0,0.0,hard,32,1,10000,10000000,sync_on,hard_p32_w1_i10000_t10000000
29.35,1264.7058823529412,1264.7058823529412,1264.7058823529412,2764540.0,2764540.0,2764540.0,134727.0,134727.0,134727.0,0.0,0.0,hard,32,1,10000,10000000,sync_on,hard_p32_w1_i10000_t10000000
29.36,609.5238095238095,609.5238095238095,609.5238095238095,2768812.0,2768812.0,2768812.0,134654.0,134654.0,134654.0,0.0,0.0,hard,32,1,10000,10000000,sync_on,hard_p32_w1_i10000_t10000000
29.43,932.0388349514564,932.0388349514564,932.0388349514564,2770524.0,2770524.0,2770524.0,134782.0,134782.0,134782.0,0.0,1.0,hard,32,1,10000,10000000,sync_on,hard_p32_w1_i10000_t10000000
29.44,259.61538461538464,259.61538461538464,259.61538461538464,2777464.0,2777464.0,2777464.0,125562.0,125562.0,125562.0,0.0,0.0,hard,32,1,10000,10000000,sync_on,hard_p32_w1_i10000_t10000000
29.45,1126.2135922330099,1126.2135922330099,1126.2135922330099,2765156.0,2765156.0,2765156.0,131010.0,131010.0,131010.0,0.0,0.0,hard,32,1,10000,10000000,sync_on,hard_p32_w1_i10000_t10000000
29.47,1107.843137254902,1107.843137254902,1107.843137254902,2769132.0,2769132.0,2769132.0,134713.0,134713.0,134713.0,0.0,0.0,hard,32,1,10000,10000000,sync_on,hard_p32_w1_i10000_t10000000
29.48,6.46551724137931,6.46551724137931,6.46551724137931,2896376.0,2896376.0,2896376.0,102269.0,102269.0,102269.0,0.0,0.0,hard,32,1,10000,10000000,sync_on,hard_p32_w1_i10000_t10000000
29.53,941.747572815534,941.747572815534,941.747572815534,2771072.0,2771072.0,2771072.0,131060.0,131060.0,131060.0,0.0,0.0,hard,32,1,10000,10000000,sync_on,hard_p32_w1_i10000_t10000000
29.54,349.5145631067961,349.5145631067961,349.5145631067961,2777616.0,2777616.0,2777616.0,125582.0,125582.0,125582.0,0.0,0.0,hard,32,1,10000,10000000,sync_on,hard_p32_w1_i10000_t10000000
29.56,1116.504854368932,1116.504854368932,1116.504854368932,2765564.0,2765564.0,2765564.0,131062.0,131062.0,131062.0,0.0,0.0,hard,32,1,10000,10000000,sync_on,hard_p32_w1_i10000_t10000000
29.57,1188.118811881188,1188.118811881188,1188.118811881188,2769564.0,2769564.0,2769564.0,135251.0,135251.0,135251.0,0.0,0.0,hard,32,1,10000,10000000,sync_on,hard_p32_w1_i10000_t10000000
29.58,250.0,250.0,250.0,2896536.0,2896536.0,2896536.0,102286.0,102286.0,102286.0,0.0,0.0,hard,32,1,10000,10000000,sync_on,hard_p32_w1_i10000_t10000000
29.63,1147.058823529412,1147.058823529412,1147.058823529412,2771796.0,2771796.0,2771796.0,132469.0,132469.0,132469.0,0.0,0.0,hard,32,1,10000,10000000,sync_on,hard_p32_w1_i10000_t10000000
29.64,184.46601941747574,184.46601941747574,184.46601941747574,2777656.0,2777656.0,2777656.0,125595.0,125595.0,125595.0,0.0,0.0,hard,32,1,10000,10000000,sync_on,hard_p32_w1_i10000_t10000000
29.66,1217.8217821782177,1217.8217821782177,1217.8217821782177,2766020.0,2766020.0,2766020.0,131122.0,131122.0,131122.0,0.0,0.0,hard,32,1,10000,10000000,sync_on,hard_p32_w1_i10000_t10000000
29.67,637.2549019607843,637.2549019607843,637.2549019607843,2770048.0,2770048.0,2770048.0,136650.0,136650.0,136650.0,0.0,0.0,hard,32,1,10000,10000000,sync_on,hard_p32_w1_i10000_t10000000
29.68,320.3883495145631,320.3883495145631,320.3883495145631,2896660.0,2896660.0,2896660.0,102298.0,102298.0,102298.0,0.0,0.0,hard,32,1,10000,10000000,sync_on,hard_p32_w1_i10000_t10000000
29.73,712.8712871287129,712.8712871287129,712.8712871287129,2770448.0,2770448.0,2770448.0,131749.0,131749.0,131749.0,0.0,0.0,hard,32,1,10000,10000000,sync_on,hard_p32_w1_i10000_t10000000
29.75,0.0,0.0,0.0,2777656.0,2777656.0,2777656.0,125595.0,125595.0,125595.0,0.0,0.0,hard,32,1,10000,10000000,sync_on,hard_p32_w1_i10000_t10000000
29.76,960.7843137254903,960.7843137254903,960.7843137254903,2766464.0,2766464.0,2766464.0,133024.0,133024.0,133024.0,0.0,0.0,hard,32,1,10000,10000000,sync_on,hard_p32_w1_i10000_t10000000
29.77,1000.0,1000.0,1000.0,2768656.0,2768656.0,2768656.0,136707.0,136707.0,136707.0,0.0,0.0,hard,32,1,10000,10000000,sync_on,hard_p32_w1_i10000_t10000000
29.79,221.15384615384616,221.15384615384616,221.15384615384616,2896764.0,2896764.0,2896764.0,102313.0,102313.0,102313.0,0.0,0.0,hard,32,1,10000,10000000,sync_on,hard_p32_w1_i10000_t10000000
29.83,805.8252427184467,805.8252427184467,805.8252427184467,2770060.0,2770060.0,2770060.0,131190.0,131190.0,131190.0,0.0,0.0,hard,32,1,10000,10000000,sync_on,hard_p32_w1_i10000_t10000000
29.85,0.0,0.0,0.0,2777656.0,2777656.0,2777656.0,125595.0,125595.0,125595.0,0.0,0.0,hard,32,1,10000,10000000,sync_on,hard_p32_w1_i10000_t10000000
29.86,715.686274509804,715.686274509804,715.686274509804,2765156.0,2765156.0,2765156.0,132009.0,132009.0,132009.0,0.0,0.0,hard,32,1,10000,10000000,sync_on,hard_p32_w1_i10000_t10000000
29.88,932.0388349514564,932.0388349514564,932.0388349514564,2767460.0,2767460.0,2767460.0,134911.0,134911.0,134911.0,0.0,0.0,hard,32,1,10000,10000000,sync_on,hard_p32_w1_i10000_t10000000
29.89,359.2233009708738,359.2233009708738,359.2233009708738,2896924.0,2896924.0,2896924.0,102324.0,102324.0,102324.0,0.0,0.0,hard,32,1,10000,10000000,sync_on,hard_p32_w1_i10000_t10000000
29.94,1125.0,1125.0,1125.0,2769788.0,2769788.0,2769788.0,131246.0,131246.0,131246.0,0.0,0.0,hard,32,1,10000,10000000,sync_on,hard_p32_w1_i10000_t10000000
29.95,48.54368932038835,48.54368932038835,48.54368932038835,2777656.0,2777656.0,2777656.0,125595.0,125595.0,125595.0,0.0,0.0,hard,32,1,10000,10000000,sync_on,hard_p32_w1_i10000_t10000000
29.96,588.2352941176471,588.2352941176471,588.2352941176471,2765792.0,2765792.0,2765792.0,133097.0,133097.0,133097.0,0.0,0.0,hard,32,1,10000,10000000,sync_on,hard_p32_w1_i10000_t10000000
29.98,1058.2524271844661,1058.2524271844661,1058.2524271844661,2767932.0,2767932.0,2767932.0,134976.0,134976.0,134976.0,0.0,0.0,hard,32,1,10000,10000000,sync_on,hard_p32_w1_i10000_t10000000
30.0,326.92307692307696,326.92307692307696,326.92307692307696,2897164.0,2897164.0,2897164.0,102341.0,102341.0,102341.0,0.0,0.0,hard,32,1,10000,10000000,sync_on,hard_p32_w1_i10000_t10000000
30.04,1165.0485436893205,1165.0485436893205,1165.0485436893205,2770264.0,2770264.0,2770264.0,131302.0,131302.0,131302.0,0.0,0.0,hard,32,1,10000,10000000,sync_on,hard_p32_w1_i10000_t10000000
30.06,153.84615384615384,153.84615384615384,153.84615384615384,2777932.0,2777932.0,2777932.0,125599.0,125599.0,125599.0,0.0,0.0,hard,32,1,10000,10000000,sync_on,hard_p32_w1_i10000_t10000000
0.1,1144.3175328383782,921.5686274509804,1294.1176470588236,2756788.8,2736452.0,2780112.0,167558.8,167547.0,167564.0,0.0,0.0,lock_stripping,32,3,0,10000000,sync_on,lock_stripping_p32_w3_i0_t10000000
0.2,1109.8039215686274,911.764705882353,1274.5098039215686,2759520.8,2739684.0,2783428.0,164594.6,163835.0,167595.0,0.0,0.0,lock_stripping,32,3,0,10000000,sync_on,lock_stripping_p32_w3_i0_t10000000
0.31,1158.5379782981154,961.1650485436894,1254.9019607843138,2762038.4,2742172.0,2785652.0,163905.2,163882.0,163926.0,0.0,0.0,lock_stripping,32,3,0,10000000,sync_on,lock_stripping_p32_w3_i0_t10000000
0.41,1096.711167404576,883.495145631068,1303.921568627451,2764327.2,2744892.0,2788296.0,163965.2,163931.0,163994.0,0.0,0.0,lock_stripping,32,3,0,10000000,sync_on,lock_stripping_p32_w3_i0_t10000000
0.51,1205.9914843568881,942.3076923076924,1366.3366336633662,2766656.8,2747544.0,2790632.0,164030.8,163987.0,164069.0,0.0,0.0,lock_stripping,32,3,0,10000000,sync_on,lock_stripping_p32_w3_i0_t10000000
0.61,1320.2614379084969,1147.058823529412,1421.5686274509806,2778178.6666666665,2749964.0,2793020.0,164131.33333333334,164108.0,164145.0,0.0,0.0,lock_stripping,32,3,0,10000000,sync_on,lock_stripping_p32_w3_i0_t10000000
0.62,1033.9366515837105,1029.4117647058824,1038.4615384615386,2754910.0,2753328.0,2756492.0,164047.5,164040.0,164055.0,0.0,0.0,lock_stripping,32,3,0,10000000,sync_on,lock_stripping_p32_w3_i0_t10000000
0.71,1181.372549019608,1117.6470588235295,1245.0980392156864,2772876.0,2752052.0,2793700.0,164186.0,164164.0,164208.0,0.0,0.0,lock_stripping,32,3,0,10000000,sync_on,lock_stripping_p32_w3_i0_t10000000
0.72,1008.0044203515373,882.3529411764706,1230.7692307692307,2769265.3333333335,2754616.0,2795164.0,164137.0,164096.0,164207.0,0.0,0.0,lock_stripping,32,3,0,10000000,sync_on,lock_stripping_p32_w3_i0_t10000000
0.82,1211.0717859116228,884.6153846153846,1415.8415841584158,2772780.0,2754308.0,2797560.0,164213.8,164141.0,164273.0,0.0,0.0,lock_stripping,32,3,0,10000000,sync_on,lock_stripping_p32_w3_i0_t10000000
0.92,1137.594641817123,1078.4313725490197,1176.4705882352941,2778742.0,2755672.0,2799760.0,164289.75,164220.0,164333.0,0.0,0.0,lock_stripping,32,3,0,10000000,sync_on,lock_stripping_p32_w3_i0_t10000000
0.93,854.368932038835,854.368932038835,854.368932038835,2757556.0,2757556.0,2757556.0,164189.0,164189.0,164189.0,0.0,0.0,lock_stripping,32,3,0,10000000,sync_on,lock_stripping_p32_w3_i0_t10000000
1.02,1264.2061679040548,1147.058823529412,1392.1568627450981,2780599.0,2757608.0,2801344.0,164352.0,164279.0,164398.0,0.0,0.0,lock_stripping,32,3,0,10000000,sync_on,lock_stripping_p32_w3_i0_t10000000
1.03,1028.8461538461538,1028.8461538461538,1028.8461538461538,2759156.0,2759156.0,2759156.0,164239.0,164239.0,164239.0,0.0,0.0,lock_stripping,32,3,0,10000000,sync_on,lock_stripping_p32_w3_i0_t10000000
1.12,1341.2929528246943,1205.8823529411766,1435.6435643564355,2787825.3333333335,2759144.0,2803104.0,164438.33333333334,164386.0,164465.0,0.0,0.0,lock_stripping,32,3,0,10000000,sync_on,lock_stripping_p32_w3_i0_t10000000
1.13,1062.4533233756536,990.2912621359224,1134.6153846153848,2763034.0,2760604.0,2765464.0,164311.0,164284.0,164338.0,0.0,0.0,lock_stripping,32,3,0,10000000,sync_on,lock_stripping_p32_w3_i0_t10000000
1.22,1176.4705882352941,1049.0196078431372,1303.921568627451,2781498.0,2760360.0,2802636.0,164487.5,164449.0,164526.0,0.0,0.0,lock_stripping,32,3,0,10000000,sync_on,lock_stripping_p32_w3_i0_t10000000
1.23,1058.6617485277939,950.4950495049504,1137.2549019607843,2777722.6666666665,2762324.0,2803720.0,164416.0,164331.0,164528.0,0.0,0.0,lock_stripping,32,3,0,10000000,sync_on,lock_stripping_p32_w3_i0_t10000000
1.32,1092.8945835760046,950.4950495049504,1235.294117647059,2782800.0,2761948.0,2803652.0,164550.0,164510.0,164590.0,0.0,0.0,lock_stripping,32,3,0,10000000,sync_on,lock_stripping_p32_w3_i0_t10000000
1.33,1137.2549019607845,1127.450980392157,1147.058823529412,2786888.0,2768584.0,2805192.0,164517.0,164443.0,164591.0,0.0,0.0,lock_stripping,32,3,0,10000000,sync_on,lock_stripping_p32_w3_i0_t10000000
1.34,911.764705882353,911.764705882353,911.764705882353,2763516.0,2763516.0,2763516.0,164371.0,164371.0,164371.0,0.0,0.0,lock_stripping,32,3,0,10000000,sync_on,lock_stripping_p32_w3_i0_t10000000
1.43,1170.7435449427296,950.9803921568628,1313.7254901960785,2791573.3333333335,2763460.0,2806596.0,164625.33333333334,164558.0,164660.0,0.0,0.0,lock_stripping,32,3,0,10000000,sync_on,lock_stripping_p32_w3_i0_t10000000
1.44,1034.3137254901962,990.1960784313726,1078.4313725490197,2767396.0,2764784.0,2770008.0,164462.0,164420.0,164504.0,0.0,0.0,lock_stripping,32,3,0,10000000,sync_on,lock_stripping_p32_w3_i0_t10000000
1.53,1266.926835459103,1156.8627450980393,1323.5294117647059,2793168.0,2765172.0,2808344.0,163436.33333333334,160952.0,164730.0,0.0,0.0,lock_stripping,32,3,0,10000000,sync_on,lock_stripping_p32_w3_i0_t10000000
1.54,869.3054518297238,815.5339805825244,923.0769230769231,2768616.0,2766072.0,2771160.0,164511.5,164469.0,164554.0,0.0,0.0,lock_stripping,32,3,0,10000000,sync_on,lock_stripping_p32_w3_i0_t10000000
1.63,1111.111111111111,1078.4313725490197,1137.2549019607843,2794377.3333333335,2766324.0,2809664.0,162244.0,161025.0,164682.0,0.0,0.0,lock_stripping,32,3,0,10000000,sync_on,lock_stripping_p32_w3_i0_t10000000
1.64,1106.7961165048544,1106.7961165048544,1106.7961165048544,2772436.0,2772436.0,2772436.0,164611.0,164611.0,164611.0,0.0,0.0,lock_stripping,32,3,0,10000000,sync_on,lock_stripping_p32_w3_i0_t10000000
1.65,902.9126213592233,902.9126213592233,902.9126213592233,2767288.0,2767288.0,2767288.0,164520.0,164520.0,164520.0,0.0,0.0,lock_stripping,32,3,0,10000000,sync_on,lock_stripping_p32_w3_i0_t10000000
1.73,1212.09858103062,1116.504854368932,1307.6923076923078,2788044.0,2767508.0,2808580.0,162920.0,161095.0,164745.0,0.0,0.0,lock_stripping,32,3,0,10000000,sync_on,lock_stripping_p32_w3_i0_t10000000
1.74,1214.1633352370075,1117.6470588235295,1310.6796116504854,2792114.0,2773584.0,2810644.0,160995.0,157317.0,164673.0,0.0,0.0,lock_stripping,32,3,0,10000000,sync_on,lock_stripping_p32_w3_i0_t10000000
1.75,970.5882352941177,970.5882352941177,970.5882352941177,2768164.0,2768164.0,2768164.0,164572.0,164572.0,164572.0,0.0,0.0,lock_stripping,32,3,0,10000000,sync_on,lock_stripping_p32_w3_i0_t10000000
1.84,1205.8823529411766,1000.0000000000001,1392.1568627450981,2791372.0,2769124.0,2812328.0,161074.0,157381.0,164810.0,0.0,0.0,lock_stripping,32,3,0,10000000,sync_on,lock_stripping_p32_w3_i0_t10000000
1.85,855.7692307692308,855.7692307692308,855.7692307692308,2769164.0,2769164.0,2769164.0,164626.0,164626.0,164626.0,0.0,0.0,lock_stripping,32,3,0,10000000,sync_on,lock_stripping_p32_w3_i0_t10000000
1.94,1299.9238530363602,1223.3009708737866,1421.5686274509806,2798104.0,2770212.0,2813576.0,158753.0,153676.0,165137.0,0.0,0.0,lock_stripping,32,3,0,10000000,sync_on,lock_stripping_p32_w3_i0_t10000000
1.95,1019.8933942509043,941.747572815534,1098.0392156862745,2772970.0,2770192.0,2775748.0,162843.5,161015.0,164672.0,0.0,0.0,lock_stripping,32,3,0,10000000,sync_on,lock_stripping_p32_w3_i0_t10000000
2.04,1346.40522875817,1166.6666666666667,1460.7843137254904,2799809.3333333335,2771704.0,2815592.0,154958.0,153747.0,157378.0,0.0,0.0,lock_stripping,32,3,0,10000000,sync_on,lock_stripping_p32_w3_i0_t10000000
2.05,1088.235294117647,1088.235294117647,1088.235294117647,2776708.0,2776708.0,2776708.0,161076.0,161076.0,161076.0,0.0,0.0,lock_stripping,32,3,0,10000000,sync_on,lock_stripping_p32_w3_i0_t10000000
2.06,923.0769230769231,923.0769230769231,923.0769230769231,2771236.0,2771236.0,2771236.0,164727.0,164727.0,164727.0,0.0,0.0,lock_stripping,32,3,0,10000000,sync_on,lock_stripping_p32_w3_i0_t10000000
2.14,1226.5903060894325,1019.6078431372549,1336.6336633663366,2801094.6666666665,2773100.0,2817104.0,153854.33333333334,150047.0,157429.0,0.0,0.0,lock_stripping,32,3,0,10000000,sync_on,lock_stripping_p32_w3_i0_t10000000
2.15,980.3921568627452,980.3921568627452,980.3921568627452,2778140.0,2778140.0,2778140.0,161126.0,161126.0,161126.0,0.0,0.0,lock_stripping,32,3,0,10000000,sync_on,lock_stripping_p32_w3_i0_t10000000
2.16,834.9514563106796,834.9514563106796,834.9514563106796,2771996.0,2771996.0,2771996.0,165038.0,165038.0,165038.0,0.0,0.0,lock_stripping,32,3,0,10000000,sync_on,lock_stripping_p32_w3_i0_t10000000
2.24,1372.5490196078433,1372.5490196078433,1372.5490196078433,2773788.0,2773788.0,2773788.0,150116.0,150116.0,150116.0,0.0,0.0,lock_stripping,32,3,0,10000000,sync_on,lock_stripping_p32_w3_i0_t10000000
2.25,1261.437908496732,1176.4705882352941,1343.137254901961,2803812.0,2779340.0,2817824.0,156353.33333333334,150123.0,161451.0,0.0,0.0,lock_stripping,32,3,0,10000000,sync_on,lock_stripping_p32_w3_i0_t10000000
2.26,1039.2156862745098,1039.2156862745098,1039.2156862745098,2772744.0,2772744.0,2772744.0,161060.0,161060.0,161060.0,0.0,0.0,lock_stripping,32,3,0,10000000,sync_on,lock_stripping_p32_w3_i0_t10000000
2.35,1262.2549019607845,1196.0784313725492,1313.7254901960785,2797484.0,2775112.0,2818596.0,152907.5,150192.0,157553.0,0.0,0.0,lock_stripping,32,3,0,10000000,sync_on,lock_stripping_p32_w3_i0_t10000000
2.37,1097.0873786407767,1097.0873786407767,1097.0873786407767,2774100.0,2774100.0,2774100.0,157335.0,157335.0,157335.0,0.0,0.0,lock_stripping,32,3,0,10000000,sync_on,lock_stripping_p32_w3_i0_t10000000
2.45,1163.223222774766,1096.1538461538462,1254.9019607843138,2804074.6666666665,2775976.0,2819344.0,152800.66666666666,150254.0,157887.0,0.0,0.0,lock_stripping,32,3,0,10000000,sync_on,lock_stripping_p32_w3_i0_t10000000
2.46,1107.843137254902,1107.843137254902,1107.843137254902,2782044.0,2782044.0,2782044.0,153750.0,153750.0,153750.0,0.0,0.0,lock_stripping,32,3,0,10000000,sync_on,lock_stripping_p32_w3_i0_t10000000
2.47,1117.6470588235295,1117.6470588235295,1117.6470588235295,2775392.0,2775392.0,2775392.0,157389.0,157389.0,157389.0,0.0,0.0,lock_stripping,32,3,0,10000000,sync_on,lock_stripping_p32_w3_i0_t10000000
2.55,1192.3345389935912,1145.6310679611652,1235.294117647059,2805126.6666666665,2777180.0,2820340.0,146479.66666666666,142764.0,150128.0,0.0,0.0,lock_stripping,32,3,0,10000000,sync_on,lock_stripping_p32_w3_i0_t10000000
2.56,1038.4615384615386,1038.4615384615386,1038.4615384615386,2782984.0,2782984.0,2782984.0,153808.0,153808.0,153808.0,0.0,0.0,lock_stripping,32,3,0,10000000,sync_on,lock_stripping_p32_w3_i0_t10000000
2.57,911.764705882353,911.764705882353,911.764705882353,2776120.0,2776120.0,2776120.0,157436.0,157436.0,157436.0,0.0,0.0,lock_stripping,32,3,0,10000000,sync_on,lock_stripping_p32_w3_i0_t10000000
2.65,1189.8914905768133,1117.6470588235295,1262.1359223300972,2800278.0,2778828.0,2821728.0,142827.0,139053.0,146601.0,0.0,0.0,lock_stripping,32,3,0,10000000,sync_on,lock_stripping_p32_w3_i0_t10000000
2.66,1151.9607843137255,1107.843137254902,1196.0784313725492,2801354.0,2784268.0,2818440.0,150143.0,150094.0,150192.0,0.0,0.0,lock_stripping,32,3,0,10000000,sync_on,lock_stripping_p32_w3_i0_t10000000
2.67,1115.3846153846155,1115.3846153846155,1115.3846153846155,2777384.0,2777384.0,2777384.0,157493.0,157493.0,157493.0,0.0,0.0,lock_stripping,32,3,0,10000000,sync_on,lock_stripping_p32_w3_i0_t10000000
2.75,1156.8627450980393,1156.8627450980393,1156.8627450980393,2779712.0,2779712.0,2779712.0,139112.0,139112.0,139112.0,0.0,0.0,lock_stripping,32,3,0,10000000,sync_on,lock_stripping_p32_w3_i0_t10000000
2.76,1142.1568627450981,1088.235294117647,1196.0784313725492,2820962.0,2819320.0,2822604.0,146570.5,146479.0,146662.0,0.0,0.0,lock_stripping,32,3,0,10000000,sync_on,lock_stripping_p32_w3_i0_t10000000
2.77,1054.2631933096222,1019.4174757281554,1089.108910891089,2781786.0,2778512.0,2785060.0,152099.5,146383.0,157816.0,0.0,0.0,lock_stripping,32,3,0,10000000,sync_on,lock_stripping_p32_w3_i0_t10000000
2.86,1202.1116138763198,1076.923076923077,1313.7254901960785,2808152.0,2780788.0,2823276.0,144149.0,139183.0,146730.0,0.0,0.0,lock_stripping,32,3,0,10000000,sync_on,lock_stripping_p32_w3_i0_t10000000
2.87,1088.235294117647,1088.235294117647,1088.235294117647,2786048.0,2786048.0,2786048.0,146441.0,146441.0,146441.0,0.0,0.0,lock_stripping,32,3,0,10000000,sync_on,lock_stripping_p32_w3_i0_t10000000
2.88,843.1372549019609,843.1372549019609,843.1372549019609,2779516.0,2779516.0,2779516.0,153822.0,153822.0,153822.0,0.0,0.0,lock_stripping,32,3,0,10000000,sync_on,lock_stripping_p32_w3_i0_t10000000
2.96,1285.7373972691387,1000.0000000000001,1435.6435643564355,2809206.6666666665,2782032.0,2824320.0,144300.0,139250.0,147060.0,0.0,0.0,lock_stripping,32,3,0,10000000,sync_on,lock_stripping_p32_w3_i0_t10000000
2.97,980.7692307692308,980.7692307692308,980.7692307692308,2786884.0,2786884.0,2786884.0,146491.0,146491.0,146491.0,0.0,0.0,lock_stripping,32,3,0,10000000,sync_on,lock_stripping_p32_w3_i0_t10000000
2.98,1019.2307692307693,1019.2307692307693,1019.2307692307693,2780336.0,2780336.0,2780336.0,153875.0,153875.0,153875.0,0.0,0.0,lock_stripping,32,3,0,10000000,sync_on,lock_stripping_p32_w3_i0_t10000000
3.06,1340.4516922280463,1178.2178217821781,1421.5686274509806,2809945.3333333335,2782700.0,2824972.0,143101.66666666666,139314.0,146905.0,0.0,0.0,lock_stripping,32,3,0,10000000,sync_on,lock_stripping_p32_w3_i0_t10000000
3.07,872.5490196078432,872.5490196078432,872.5490196078432,2787532.0,2787532.0,2787532.0,146545.0,146545.0,146545.0,0.0,0.0,lock_stripping,32,3,0,10000000,sync_on,lock_stripping_p32_w3_i0_t10000000
3.08,1000.0,1000.0,1000.0,2781164.0,2781164.0,2781164.0,154202.0,154202.0,154202.0,0.0,0.0,lock_stripping,32,3,0,10000000,sync_on,lock_stripping_p32_w3_i0_t10000000
3.16,1348.0392156862745,1343.137254901961,1352.9411764705883,2804438.0,2783380.0,2825496.0,139380.5,139378.0,139383.0,0.0,0.0,lock_stripping,32,3,0,10000000,sync_on,lock_stripping_p32_w3_i0_t10000000
3.17,843.1372549019609,843.1372549019609,843.1372549019609,2822672.0,2822672.0,2822672.0,142918.0,142918.0,142918.0,0.0,0.0,lock_stripping,32,3,0,10000000,sync_on,lock_stripping_p32_w3_i0_t10000000
3.18,1176.4705882352941,1176.4705882352941,1176.4705882352941,2788384.0,2788384.0,2788384.0,142823.0,142823.0,142823.0,0.0,0.0,lock_stripping,32,3,0,10000000,sync_on,lock_stripping_p32_w3_i0_t10000000
3.19,990.3846153846155,990.3846153846155,990.3846153846155,2781980.0,2781980.0,2781980.0,146441.0,146441.0,146441.0,0.0,0.0,lock_stripping,32,3,0,10000000,sync_on,lock_stripping_p32_w3_i0_t10000000
3.26,1303.921568627451,1303.921568627451,1303.921568627451,2783920.0,2783920.0,2783920.0,139458.0,139458.0,139458.0,0.0,0.0,lock_stripping,32,3,0,10000000,sync_on,lock_stripping_p32_w3_i0_t10000000
3.27,1205.8823529411766,1127.450980392157,1284.3137254901962,2824678.0,2823140.0,2826216.0,141212.0,139453.0,142971.0,0.0,0.0,lock_stripping,32,3,0,10000000,sync_on,lock_stripping_p32_w3_i0_t10000000
3.28,1078.4313725490197,1078.4313725490197,1078.4313725490197,2789028.0,2789028.0,2789028.0,142876.0,142876.0,142876.0,0.0,0.0,lock_stripping,32,3,0,10000000,sync_on,lock_stripping_p32_w3_i0_t10000000
3.29,1165.0485436893205,1165.0485436893205,1165.0485436893205,2783156.0,2783156.0,2783156.0,146495.0,146495.0,146495.0,0.0,0.0,lock_stripping,32,3,0,10000000,sync_on,lock_stripping_p32_w3_i0_t10000000
3.37,1266.4027149321266,1240.3846153846155,1284.3137254901962,2811936.0,2784628.0,2827376.0,139434.66666666666,135747.0,143030.0,0.0,0.0,lock_stripping,32,3,0,10000000,sync_on,lock_stripping_p32_w3_i0_t10000000
3.38,1039.2156862745098,1039.2156862745098,1039.2156862745098,2789672.0,2789672.0,2789672.0,139157.0,139157.0,139157.0,0.0,0.0,lock_stripping,32,3,0,10000000,sync_on,lock_stripping_p32_w3_i0_t10000000
3.39,961.1650485436894,961.1650485436894,961.1650485436894,2783720.0,2783720.0,2783720.0,146553.0,146553.0,146553.0,0.0,0.0,lock_stripping,32,3,0,10000000,sync_on,lock_stripping_p32_w3_i0_t10000000
3.47,1253.8549400342663,1213.5922330097087,1294.1176470588236,2806678.0,2785200.0,2828156.0,137703.0,135816.0,139590.0,0.0,0.0,lock_stripping,32,3,0,10000000,sync_on,lock_stripping_p32_w3_i0_t10000000
3.48,1063.7254901960785,1000.0000000000001,1127.450980392157,2807608.0,2790772.0,2824444.0,141147.0,139211.0,143083.0,0.0,0.0,lock_stripping,32,3,0,10000000,sync_on,lock_stripping_p32_w3_i0_t10000000
3.5,821.7821782178218,821.7821782178218,821.7821782178218,2784476.0,2784476.0,2784476.0,146593.0,146593.0,146593.0,0.0,0.0,lock_stripping,32,3,0,10000000,sync_on,lock_stripping_p32_w3_i0_t10000000
3.57,1338.2352941176473,1284.3137254901962,1392.1568627450981,2807488.0,2786164.0,2828812.0,137767.5,135876.0,139659.0,0.0,0.0,lock_stripping,32,3,0,10000000,sync_on,lock_stripping_p32_w3_i0_t10000000
3.58,1196.078431372549,1117.6470588235295,1274.5098039215686,2808320.0,2791504.0,2825136.0,141204.0,139270.0,143138.0,0.0,0.0,lock_stripping,32,3,0,10000000,sync_on,lock_stripping_p32_w3_i0_t10000000
3.6,1116.504854368932,1116.504854368932,1116.504854368932,2785492.0,2785492.0,2785492.0,146647.0,146647.0,146647.0,0.0,0.0,lock_stripping,32,3,0,10000000,sync_on,lock_stripping_p32_w3_i0_t10000000
3.67,1310.5203619909503,1294.1176470588236,1326.923076923077,2808308.0,2786956.0,2829660.0,135948.5,135948.0,135949.0,0.0,0.0,lock_stripping,32,3,0,10000000,sync_on,lock_stripping_p32_w3_i0_t10000000
3.68,961.1650485436894,961.1650485436894,961.1650485436894,2825604.0,2825604.0,2825604.0,139419.0,139419.0,139419.0,0.0,0.0,lock_stripping,32,3,0,10000000,sync_on,lock_stripping_p32_w3_i0_t10000000
3.69,1225.4901960784314,1225.4901960784314,1225.4901960784314,2792184.0,2792184.0,2792184.0,139329.0,139329.0,139329.0,0.0,0.0,lock_stripping,32,3,0,10000000,sync_on,lock_stripping_p32_w3_i0_t10000000
3.7,732.6732673267326,732.6732673267326,732.6732673267326,2785724.0,2785724.0,2785724.0,146691.0,146691.0,146691.0,0.0,0.0,lock_stripping,32,3,0,10000000,sync_on,lock_stripping_p32_w3_i0_t10000000
3.78,1090.8119658119658,913.4615384615385,1192.3076923076924,2814489.3333333335,2787292.0,2830256.0,135911.0,132239.0,139472.0,0.0,0.0,lock_stripping,32,3,0,10000000,sync_on,lock_stripping_p32_w3_i0_t10000000
3.79,1048.5436893203885,1048.5436893203885,1048.5436893203885,2792952.0,2792952.0,2792952.0,139377.0,139377.0,139377.0,0.0,0.0,lock_stripping,32,3,0,10000000,sync_on,lock_stripping_p32_w3_i0_t10000000
3.8,1067.3076923076924,1067.3076923076924,1067.3076923076924,2786644.0,2786644.0,2786644.0,146745.0,146745.0,146745.0,0.0,0.0,lock_stripping,32,3,0,10000000,sync_on,lock_stripping_p32_w3_i0_t10000000
3.88,1166.6666666666667,1137.2549019607843,1196.0784313725492,2809424.0,2787764.0,2831084.0,132306.0,132303.0,132309.0,0.0,0.0,lock_stripping,32,3,0,10000000,sync_on,lock_stripping_p32_w3_i0_t10000000
3.89,971.3872292755789,894.2307692307693,1048.5436893203885,2809944.0,2793360.0,2826528.0,139481.5,139432.0,139531.0,0.0,0.0,lock_stripping,32,3,0,10000000,sync_on,lock_stripping_p32_w3_i0_t10000000
3.91,1126.2135922330099,1126.2135922330099,1126.2135922330099,2787508.0,2787508.0,2787508.0,146891.0,146891.0,146891.0,0.0,0.0,lock_stripping,32,3,0,10000000,sync_on,lock_stripping_p32_w3_i0_t10000000
3.98,1213.3295625942685,1186.2745098039215,1240.3846153846155,2810034.0,2788368.0,2831700.0,132367.5,132362.0,132373.0,0.0,0.0,lock_stripping,32,3,0,10000000,sync_on,lock_stripping_p32_w3_i0_t10000000
3.99,1092.3457730388423,1069.3069306930693,1115.3846153846155,2810550.0,2793764.0,2827336.0,139564.5,139490.0,139639.0,0.0,0.0,lock_stripping,32,3,0,10000000,sync_on,lock_stripping_p32_w3_i0_t10000000
4.01,1097.0873786407767,1097.0873786407767,1097.0873786407767,2788148.0,2788148.0,2788148.0,143076.0,143076.0,143076.0,0.0,0.0,lock_stripping,32,3,0,10000000,sync_on,lock_stripping_p32_w3_i0_t10000000
4.08,1088.235294117647,1088.235294117647,1088.235294117647,2810484.0,2788836.0,2832132.0,132429.5,132425.0,132434.0,0.0,0.0,lock_stripping,32,3,0,10000000,sync_on,lock_stripping_p32_w3_i0_t10000000
4.09,1252.4271844660195,1252.4271844660195,1252.4271844660195,2828420.0,2828420.0,2828420.0,132094.0,132094.0,132094.0,0.0,0.0,lock_stripping,32,3,0,10000000,sync_on,lock_stripping_p32_w3_i0_t10000000
4.1,990.1960784313726,990.1960784313726,990.1960784313726,2794332.0,2794332.0,2794332.0,135766.0,135766.0,135766.0,0.0,0.0,lock_stripping,32,3,0,10000000,sync_on,lock_stripping_p32_w3_i0_t10000000
4.11,871.2871287128712,871.2871287128712,871.2871287128712,2788908.0,2788908.0,2788908.0,143119.0,143119.0,143119.0,0.0,0.0,lock_stripping,32,3,0,10000000,sync_on,lock_stripping_p32_w3_i0_t10000000
4.18,1127.450980392157,1127.450980392157,1127.450980392157,2832492.0,2832492.0,2832492.0,132484.0,132484.0,132484.0,0.0,0.0,lock_stripping,32,3,0,10000000,sync_on,lock_stripping_p32_w3_i0_t10000000
4.19,1067.3076923076924,1067.3076923076924,1067.3076923076924,2789348.0,2789348.0,2789348.0,132491.0,132491.0,132491.0,0.0,0.0,lock_stripping,32,3,0,10000000,sync_on,lock_stripping_p32_w3_i0_t10000000
4.2,1210.7843137254904,1088.235294117647,1333.3333333333335,2811986.0,2794692.0,2829280.0,133995.0,132165.0,135825.0,0.0,0.0,lock_stripping,32,3,0,10000000,sync_on,lock_stripping_p32_w3_i0_t10000000
4.21,882.3529411764706,882.3529411764706,882.3529411764706,2789316.0,2789316.0,2789316.0,143431.0,143431.0,143431.0,0.0,0.0,lock_stripping,32,3,0,10000000,sync_on,lock_stripping_p32_w3_i0_t10000000
4.29,1241.6521063871091,1186.2745098039215,1297.029702970297,2811538.0,2789808.0,2833268.0,132545.5,132544.0,132547.0,0.0,0.0,lock_stripping,32,3,0,10000000,sync_on,lock_stripping_p32_w3_i0_t10000000
4.3,1107.8907291071769,990.2912621359224,1225.4901960784314,2812532.0,2795132.0,2829932.0,134053.0,132234.0,135872.0,0.0,0.0,lock_stripping,32,3,0,10000000,sync_on,lock_stripping_p32_w3_i0_t10000000
4.31,872.5490196078432,872.5490196078432,872.5490196078432,2789992.0,2789992.0,2789992.0,139438.0,139438.0,139438.0,0.0,0.0,lock_stripping,32,3,0,10000000,sync_on,lock_stripping_p32_w3_i0_t10000000
4.39,1245.0980392156862,1176.4705882352941,1313.7254901960785,2811990.0,2790300.0,2833680.0,132612.0,132610.0,132614.0,0.0,0.0,lock_stripping,32,3,0,10000000,sync_on,lock_stripping_p32_w3_i0_t10000000
4.4,1078.4313725490197,980.3921568627452,1176.4705882352941,2812882.0,2795496.0,2830268.0,134110.5,132299.0,135922.0,0.0,0.0,lock_stripping,32,3,0,10000000,sync_on,lock_stripping_p32_w3_i0_t10000000
4.42,836.5384615384615,836.5384615384615,836.5384615384615,2790504.0,2790504.0,2790504.0,139752.0,139752.0,139752.0,0.0,0.0,lock_stripping,32,3,0,10000000,sync_on,lock_stripping_p32_w3_i0_t10000000
4.49,1299.0196078431372,1294.1176470588236,1303.921568627451,2812650.0,2790952.0,2834348.0,132679.5,132678.0,132681.0,0.0,0.0,lock_stripping,32,3,0,10000000,sync_on,lock_stripping_p32_w3_i0_t10000000
4.5,1142.1568627450981,1058.8235294117649,1225.4901960784314,2813534.0,2796140.0,2830928.0,134173.0,132365.0,135981.0,0.0,0.0,lock_stripping,32,3,0,10000000,sync_on,lock_stripping_p32_w3_i0_t10000000
4.52,932.0388349514564,932.0388349514564,932.0388349514564,2790980.0,2790980.0,2790980.0,131983.0,131983.0,131983.0,0.0,0.0,lock_stripping,32,3,0,10000000,sync_on,lock_stripping_p32_w3_i0_t10000000
4.59,1138.6138613861385,1138.6138613861385,1138.6138613861385,2834824.0,2834824.0,2834824.0,132751.0,132751.0,132751.0,0.0,0.0,lock_stripping,32,3,0,10000000,sync_on,lock_stripping_p32_w3_i0_t10000000
4.6,1171.5686274509806,1107.843137254902,1235.294117647059,2811494.0,2791348.0,2831640.0,132591.0,132425.0,132757.0,0.0,0.0,lock_stripping,32,3,0,10000000,sync_on,lock_stripping_p32_w3_i0_t10000000
4.61,813.7254901960785,813.7254901960785,813.7254901960785,2796488.0,2796488.0,2796488.0,136027.0,136027.0,136027.0,0.0,0.0,lock_stripping,32,3,0,10000000,sync_on,lock_stripping_p32_w3_i0_t10000000
4.62,970.873786407767,970.873786407767,970.873786407767,2791588.0,2791588.0,2791588.0,132034.0,132034.0,132034.0,0.0,0.0,lock_stripping,32,3,0,10000000,sync_on,lock_stripping_p32_w3_i0_t10000000
4.69,1284.3137254901962,1284.3137254901962,1284.3137254901962,2835748.0,2835748.0,2835748.0,132806.0,132806.0,132806.0,0.0,0.0,lock_stripping,32,3,0,10000000,sync_on,lock_stripping_p32_w3_i0_t10000000
4.7,1213.5922330097087,1213.5922330097087,1213.5922330097087,2792128.0,2792128.0,2792128.0,132816.0,132816.0,132816.0,0.0,0.0,lock_stripping,32,3,0,10000000,sync_on,lock_stripping_p32_w3_i0_t10000000
4.71,955.8823529411766,901.9607843137255,1009.8039215686275,2814392.0,2796756.0,2832028.0,134278.5,132479.0,136078.0,0.0,0.0,lock_stripping,32,3,0,10000000,sync_on,lock_stripping_p32_w3_i0_t10000000
4.73,893.2038834951456,893.2038834951456,893.2038834951456,2791996.0,2791996.0,2791996.0,132082.0,132082.0,132082.0,0.0,0.0,lock_stripping,32,3,0,10000000,sync_on,lock_stripping_p32_w3_i0_t10000000
4.8,1337.2549019607843,1274.5098039215686,1400.0,2814388.0,2792684.0,2836092.0,132879.5,132874.0,132885.0,0.0,0.0,lock_stripping,32,3,0,10000000,sync_on,lock_stripping_p32_w3_i0_t10000000
4.81,1175.6221719457014,1086.5384615384617,1264.7058823529412,2814940.0,2797216.0,2832664.0,134340.5,132547.0,136134.0,0.0,0.0,lock_stripping,32,3,0,10000000,sync_on,lock_stripping_p32_w3_i0_t10000000
4.83,960.7843137254903,960.7843137254903,960.7843137254903,2792680.0,2792680.0,2792680.0,132130.0,132130.0,132130.0,0.0,0.0,lock_stripping,32,3,0,10000000,sync_on,lock_stripping_p32_w3_i0_t10000000
4.9,1352.9411764705883,1352.9411764705883,1352.9411764705883,2836500.0,2836500.0,2836500.0,132944.0,132944.0,132944.0,0.0,0.0,lock_stripping,32,3,0,10000000,sync_on,lock_stripping_p32_w3_i0_t10000000
4.91,1189.2836342457776,920.7920792079208,1362.7450980392157,2808073.3333333335,2793168.0,2833556.0,133968.66666666666,132610.0,136339.0,0.0,0.0,lock_stripping,32,3,0,10000000,sync_on,lock_stripping_p32_w3_i0_t10000000
4.93,990.1960784313726,990.1960784313726,990.1960784313726,2793312.0,2793312.0,2793312.0,132179.0,132179.0,132179.0,0.0,0.0,lock_stripping,32,3,0,10000000,sync_on,lock_stripping_p32_w3_i0_t10000000
5.0,1205.8823529411766,1205.8823529411766,1205.8823529411766,2837208.0,2837208.0,2837208.0,133006.0,133006.0,133006.0,0.0,0.0,lock_stripping,32,3,0,10000000,sync_on,lock_stripping_p32_w3_i0_t10000000
5.01,1199.6478202931658,1127.450980392157,1271.8446601941748,2813894.0,2793572.0,2834216.0,132846.0,132672.0,133020.0,0.0,0.0,lock_stripping,32,3,0,10000000,sync_on,lock_stripping_p32_w3_i0_t10000000
5.02,1000.0000000000001,1000.0000000000001,1000.0000000000001,2797984.0,2797984.0,2797984.0,132462.0,132462.0,132462.0,0.0,0.0,lock_stripping,32,3,0,10000000,sync_on,lock_stripping_p32_w3_i0_t10000000
5.03,1000.0000000000001,1000.0000000000001,1000.0000000000001,2793816.0,2793816.0,2793816.0,132239.0,132239.0,132239.0,0.0,0.0,lock_stripping,32,3,0,10000000,sync_on,lock_stripping_p32_w3_i0_t10000000
5.1,1284.3137254901962,1284.3137254901962,1284.3137254901962,2837764.0,2837764.0,2837764.0,133074.0,133074.0,133074.0,0.0,0.0,lock_stripping,32,3,0,10000000,sync_on,lock_stripping_p32_w3_i0_t10000000
5.11,909.8233352747039,603.9603960396039,1215.686274509804,2814230.0,2794040.0,2834420.0,132898.5,132707.0,133090.0,0.0,0.0,lock_stripping,32,3,0,10000000,sync_on,lock_stripping_p32_w3_i0_t10000000
5.12,921.5686274509804,921.5686274509804,921.5686274509804,2798408.0,2798408.0,2798408.0,132513.0,132513.0,132513.0,0.0,0.0,lock_stripping,32,3,0,10000000,sync_on,lock_stripping_p32_w3_i0_t10000000
5.14,1048.5436893203885,1048.5436893203885,1048.5436893203885,2794284.0,2794284.0,2794284.0,132296.0,132296.0,132296.0,0.0,0.0,lock_stripping,32,3,0,10000000,sync_on,lock_stripping_p32_w3_i0_t10000000
5.2,1254.9019607843138,1254.9019607843138,1254.9019607843138,2838076.0,2838076.0,2838076.0,133147.0,133147.0,133147.0,0.0,0.0,lock_stripping,32,3,0,10000000,sync_on,lock_stripping_p32_w3_i0_t10000000
5.21,1262.1359223300972,1262.1359223300972,1262.1359223300972,2794568.0,2794568.0,2794568.0,133160.0,133160.0,133160.0,0.0,0.0,lock_stripping,32,3,0,10000000,sync_on,lock_stripping_p32_w3_i0_t10000000
5.22,839.852501867065,689.3203883495146,990.3846153846155,2816732.0,2798812.0,2834652.0,132650.5,132551.0,132750.0,0.0,0.0,lock_stripping,32,3,0,10000000,sync_on,lock_stripping_p32_w3_i0_t10000000
5.24,923.0769230769231,923.0769230769231,923.0769230769231,2794872.0,2794872.0,2794872.0,132342.0,132342.0,132342.0,0.0,0.0,lock_stripping,32,3,0,10000000,sync_on,lock_stripping_p32_w3_i0_t10000000
5.31,1186.2745098039215,1186.2745098039215,1186.2745098039215,2838600.0,2838600.0,2838600.0,133206.0,133206.0,133206.0,0.0,0.0,lock_stripping,32,3,0,10000000,sync_on,lock_stripping_p32_w3_i0_t10000000
5.32,923.8310708898945,653.8461538461539,1166.6666666666667,2809614.6666666665,2794812.0,2834900.0,132869.33333333334,132607.0,133223.0,0.0,0.0,lock_stripping,32,3,0,10000000,sync_on,lock_stripping_p32_w3_i0_t10000000
5.34,844.6601941747573,844.6601941747573,844.6601941747573,2795220.0,2795220.0,2795220.0,132396.0,132396.0,132396.0,0.0,0.0,lock_stripping,32,3,0,10000000,sync_on,lock_stripping_p32_w3_i0_t10000000
5.41,990.2912621359224,990.2912621359224,990.2912621359224,2838892.0,2838892.0,2838892.0,133263.0,133263.0,133263.0,0.0,0.0,lock_stripping,32,3,0,10000000,sync_on,lock_stripping_p32_w3_i0_t10000000
5.42,912.8324597165599,607.843137254902,1217.8217821782177,2815164.0,2795116.0,2835212.0,133048.5,132813.0,133284.0,0.0,0.0,lock_stripping,32,3,0,10000000,sync_on,lock_stripping_p32_w3_i0_t10000000
5.43,766.990291262136,766.990291262136,766.990291262136,2799524.0,2799524.0,2799524.0,132649.0,132649.0,132649.0,0.0,0.0,lock_stripping,32,3,0,10000000,sync_on,lock_stripping_p32_w3_i0_t10000000
5.45,843.1372549019609,843.1372549019609,843.1372549019609,2795472.0,2795472.0,2795472.0,132437.0,132437.0,132437.0,0.0,0.0,lock_stripping,32,3,0,10000000,sync_on,lock_stripping_p32_w3_i0_t10000000
5.51,1176.4705882352941,1176.4705882352941,1176.4705882352941,2839164.0,2839164.0,2839164.0,133327.0,133327.0,133327.0,0.0,0.0,lock_stripping,32,3,0,10000000,sync_on,lock_stripping_p32_w3_i0_t10000000
5.52,965.686274509804,745.0980392156863,1186.2745098039215,2815528.0,2795440.0,2835616.0,133099.0,132852.0,133346.0,0.0,0.0,lock_stripping,32,3,0,10000000,sync_on,lock_stripping_p32_w3_i0_t10000000
5.53,1048.076923076923,1048.076923076923,1048.076923076923,2800224.0,2800224.0,2800224.0,132709.0,132709.0,132709.0,0.0,0.0,lock_stripping,32,3,0,10000000,sync_on,lock_stripping_p32_w3_i0_t10000000
5.55,951.923076923077,951.923076923077,951.923076923077,2795836.0,2795836.0,2795836.0,132487.0,132487.0,132487.0,0.0,0.0,lock_stripping,32,3,0,10000000,sync_on,lock_stripping_p32_w3_i0_t10000000
5.61,1320.3883495145633,1320.3883495145633,1320.3883495145633,2839656.0,2839656.0,2839656.0,133401.0,133401.0,133401.0,0.0,0.0,lock_stripping,32,3,0,10000000,sync_on,lock_stripping_p32_w3_i0_t10000000
5.62,1298.076923076923,1298.076923076923,1298.076923076923,2795964.0,2795964.0,2795964.0,133419.0,133419.0,133419.0,0.0,0.0,lock_stripping,32,3,0,10000000,sync_on,lock_stripping_p32_w3_i0_t10000000
5.63,869.0748143917763,708.73786407767,1029.4117647058824,2818244.0,2800536.0,2835952.0,132826.0,132770.0,132882.0,0.0,0.0,lock_stripping,32,3,0,10000000,sync_on,lock_stripping_p32_w3_i0_t10000000
5.65,1019.4174757281554,1019.4174757281554,1019.4174757281554,2796296.0,2796296.0,2796296.0,132540.0,132540.0,132540.0,0.0,0.0,lock_stripping,32,3,0,10000000,sync_on,lock_stripping_p32_w3_i0_t10000000
5.72,1333.3333333333335,1333.3333333333335,1333.3333333333335,2840132.0,2840132.0,2840132.0,133474.0,133474.0,133474.0,0.0,0.0,lock_stripping,32,3,0,10000000,sync_on,lock_stripping_p32_w3_i0_t10000000
5.73,980.5825242718447,660.1941747572816,1300.9708737864078,2816176.0,2796272.0,2836080.0,133204.5,132917.0,133492.0,0.0,0.0,lock_stripping,32,3,0,10000000,sync_on,lock_stripping_p32_w3_i0_t10000000
5.74,1156.8627450980393,1156.8627450980393,1156.8627450980393,2801332.0,2801332.0,2801332.0,132824.0,132824.0,132824.0,0.0,0.0,lock_stripping,32,3,0,10000000,sync_on,lock_stripping_p32_w3_i0_t10000000
5.75,1019.6078431372549,1019.6078431372549,1019.6078431372549,2796920.0,2796920.0,2796920.0,132581.0,132581.0,132581.0,0.0,0.0,lock_stripping,32,3,0,10000000,sync_on,lock_stripping_p32_w3_i0_t10000000
5.82,1227.7227722772277,1227.7227722772277,1227.7227722772277,2840472.0,2840472.0,2840472.0,133541.0,133541.0,133541.0,0.0,0.0,lock_stripping,32,3,0,10000000,sync_on,lock_stripping_p32_w3_i0_t10000000
5.83,932.0388349514565,708.73786407767,1155.3398058252428,2816502.0,2796656.0,2836348.0,133261.5,132958.0,133565.0,0.0,0.0,lock_stripping,32,3,0,10000000,sync_on,lock_stripping_p32_w3_i0_t10000000
5.84,1098.0392156862745,1098.0392156862745,1098.0392156862745,2801688.0,2801688.0,2801688.0,132876.0,132876.0,132876.0,0.0,0.0,lock_stripping,32,3,0,10000000,sync_on,lock_stripping_p32_w3_i0_t10000000
5.86,663.4615384615385,663.4615384615385,663.4615384615385,2797388.0,2797388.0,2797388.0,132624.0,132624.0,132624.0,0.0,0.0,lock_stripping,32,3,0,10000000,sync_on,lock_stripping_p32_w3_i0_t10000000
5.92,1254.9019607843138,1254.9019607843138,1254.9019607843138,2840900.0,2840900.0,2840900.0,133618.0,133618.0,133618.0,0.0,0.0,lock_stripping,32,3,0,10000000,sync_on,lock_stripping_p32_w3_i0_t10000000
5.93,1274.5098039215686,1274.5098039215686,1274.5098039215686,2797232.0,2797232.0,2797232.0,133638.0,133638.0,133638.0,0.0,0.0,lock_stripping,32,3,0,10000000,sync_on,lock_stripping_p32_w3_i0_t10000000
5.94,788.1787330316743,605.7692307692308,970.5882352941177,2819308.0,2802052.0,2836564.0,132960.5,132931.0,132990.0,0.0,0.0,lock_stripping,32,3,0,10000000,sync_on,lock_stripping_p32_w3_i0_t10000000
5.96,922.3300970873787,922.3300970873787,922.3300970873787,2798004.0,2798004.0,2798004.0,132672.0,132672.0,132672.0,0.0,0.0,lock_stripping,32,3,0,10000000,sync_on,lock_stripping_p32_w3_i0_t10000000
6.02,1076.923076923077,1076.923076923077,1076.923076923077,2841212.0,2841212.0,2841212.0,133674.0,133674.0,133674.0,0.0,0.0,lock_stripping,32,3,0,10000000,sync_on,lock_stripping_p32_w3_i0_t10000000
6.03,1235.294117647059,1235.294117647059,1235.294117647059,2797708.0,2797708.0,2797708.0,133698.0,133698.0,133698.0,0.0,0.0,lock_stripping,32,3,0,10000000,sync_on,lock_stripping_p32_w3_i0_t10000000
6.04,859.7468113458976,611.6504854368933,1107.843137254902,2819566.0,2802452.0,2836680.0,133004.5,132991.0,133018.0,0.0,0.0,lock_stripping,32,3,0,10000000,sync_on,lock_stripping_p32_w3_i0_t10000000
6.06,699.0291262135922,699.0291262135922,699.0291262135922,2798264.0,2798264.0,2798264.0,132720.0,132720.0,132720.0,0.0,0.0,lock_stripping,32,3,0,10000000,sync_on,lock_stripping_p32_w3_i0_t10000000
6.12,1235.294117647059,1235.294117647059,1235.294117647059,2841532.0,2841532.0,2841532.0,133742.0,133742.0,133742.0,0.0,0.0,lock_stripping,32,3,0,10000000,sync_on,lock_stripping_p32_w3_i0_t10000000
6.13,1235.294117647059,1235.294117647059,1235.294117647059,2798204.0,2798204.0,2798204.0,133761.0,133761.0,133761.0,0.0,0.0,lock_stripping,32,3,0,10000000,sync_on,lock_stripping_p32_w3_i0_t10000000
6.14,952.865761689291,807.6923076923077,1098.0392156862745,2819936.0,2802736.0,2837136.0,133049.5,133038.0,133061.0,0.0,0.0,lock_stripping,32,3,0,10000000,sync_on,lock_stripping_p32_w3_i0_t10000000
6.17,912.621359223301,912.621359223301,912.621359223301,2798564.0,2798564.0,2798564.0,132765.0,132765.0,132765.0,0.0,0.0,lock_stripping,32,3,0,10000000,sync_on,lock_stripping_p32_w3_i0_t10000000
6.23,1372.5490196078433,1372.5490196078433,1372.5490196078433,2841888.0,2841888.0,2841888.0,133808.0,133808.0,133808.0,0.0,0.0,lock_stripping,32,3,0,10000000,sync_on,lock_stripping_p32_w3_i0_t10000000
6.24,1352.9411764705883,1352.9411764705883,1352.9411764705883,2798568.0,2798568.0,2798568.0,133833.0,133833.0,133833.0,0.0,0.0,lock_stripping,32,3,0,10000000,sync_on,lock_stripping_p32_w3_i0_t10000000
6.25,744.6266968325792,548.0769230769231,941.1764705882354,2820190.0,2803064.0,2837316.0,133097.5,133097.0,133098.0,0.0,0.0,lock_stripping,32,3,0,10000000,sync_on,lock_stripping_p32_w3_i0_t10000000
6.27,980.3921568627452,980.3921568627452,980.3921568627452,2798916.0,2798916.0,2798916.0,132815.0,132815.0,132815.0,0.0,0.0,lock_stripping,32,3,0,10000000,sync_on,lock_stripping_p32_w3_i0_t10000000
6.33,1254.9019607843138,1254.9019607843138,1254.9019607843138,2842192.0,2842192.0,2842192.0,133875.0,133875.0,133875.0,0.0,0.0,lock_stripping,32,3,0,10000000,sync_on,lock_stripping_p32_w3_i0_t10000000
6.34,1166.6666666666667,1166.6666666666667,1166.6666666666667,2798932.0,2798932.0,2798932.0,133893.0,133893.0,133893.0,0.0,0.0,lock_stripping,32,3,0,10000000,sync_on,lock_stripping_p32_w3_i0_t10000000
6.35,873.8815914715401,728.1553398058253,1019.6078431372549,2820410.0,2803324.0,2837496.0,133145.5,133139.0,133152.0,0.0,0.0,lock_stripping,32,3,0,10000000,sync_on,lock_stripping_p32_w3_i0_t10000000
6.37,1223.3009708737866,1223.3009708737866,1223.3009708737866,2799252.0,2799252.0,2799252.0,132874.0,132874.0,132874.0,0.0,0.0,lock_stripping,32,3,0,10000000,sync_on,lock_stripping_p32_w3_i0_t10000000
6.43,1225.4901960784314,1225.4901960784314,1225.4901960784314,2842536.0,2842536.0,2842536.0,133935.0,133935.0,133935.0,0.0,0.0,lock_stripping,32,3,0,10000000,sync_on,lock_stripping_p32_w3_i0_t10000000
6.44,1230.7692307692307,1230.7692307692307,1230.7692307692307,2799276.0,2799276.0,2799276.0,133962.0,133962.0,133962.0,0.0,0.0,lock_stripping,32,3,0,10000000,sync_on,lock_stripping_p32_w3_i0_t10000000
6.45,815.5339805825242,631.0679611650486,999.9999999999999,2820692.0,2803764.0,2837620.0,133185.5,133171.0,133200.0,0.0,0.0,lock_stripping,32,3,0,10000000,sync_on,lock_stripping_p32_w3_i0_t10000000
6.47,1097.0873786407767,1097.0873786407767,1097.0873786407767,2799564.0,2799564.0,2799564.0,132942.0,132942.0,132942.0,0.0,0.0,lock_stripping,32,3,0,10000000,sync_on,lock_stripping_p32_w3_i0_t10000000
6.53,1343.137254901961,1343.137254901961,1343.137254901961,2842852.0,2842852.0,2842852.0,134002.0,134002.0,134002.0,0.0,0.0,lock_stripping,32,3,0,10000000,sync_on,lock_stripping_p32_w3_i0_t10000000
6.54,1343.137254901961,1343.137254901961,1343.137254901961,2799776.0,2799776.0,2799776.0,134029.0,134029.0,134029.0,0.0,0.0,lock_stripping,32,3,0,10000000,sync_on,lock_stripping_p32_w3_i0_t10000000
6.55,1000.0000000000001,1000.0000000000001,1000.0000000000001,2804092.0,2804092.0,2804092.0,133260.0,133260.0,133260.0,0.0,0.0,lock_stripping,32,3,0,10000000,sync_on,lock_stripping_p32_w3_i0_t10000000
6.56,692.3076923076924,692.3076923076924,692.3076923076924,2837740.0,2837740.0,2837740.0,133205.0,133205.0,133205.0,0.0,0.0,lock_stripping,32,3,0,10000000,sync_on,lock_stripping_p32_w3_i0_t10000000
6.58,1274.5098039215686,1274.5098039215686,1274.5098039215686,2800132.0,2800132.0,2800132.0,133009.0,133009.0,133009.0,0.0,0.0,lock_stripping,32,3,0,10000000,sync_on,lock_stripping_p32_w3_i0_t10000000
6.63,1254.9019607843138,1254.9019607843138,1254.9019607843138,2843176.0,2843176.0,2843176.0,134068.0,134068.0,134068.0,0.0,0.0,lock_stripping,32,3,0,10000000,sync_on,lock_stripping_p32_w3_i0_t10000000
6.65,1173.736802413273,1068.6274509803923,1278.8461538461538,2802322.0,2800212.0,2804432.0,133708.0,133320.0,134096.0,0.0,0.0,lock_stripping,32,3,0,10000000,sync_on,lock_stripping_p32_w3_i0_t10000000
6.66,737.8640776699029,737.8640776699029,737.8640776699029,2838004.0,2838004.0,2838004.0,133249.0,133249.0,133249.0,0.0,0.0,lock_stripping,32,3,0,10000000,sync_on,lock_stripping_p32_w3_i0_t10000000
6.68,1116.504854368932,1116.504854368932,1116.504854368932,2800432.0,2800432.0,2800432.0,133071.0,133071.0,133071.0,0.0,0.0,lock_stripping,32,3,0,10000000,sync_on,lock_stripping_p32_w3_i0_t10000000
6.74,1215.686274509804,1215.686274509804,1215.686274509804,2843596.0,2843596.0,2843596.0,134405.0,134405.0,134405.0,0.0,0.0,lock_stripping,32,3,0,10000000,sync_on,lock_stripping_p32_w3_i0_t10000000
6.75,1196.078431372549,1098.0392156862745,1294.1176470588236,2802664.0,2800468.0,2804860.0,133769.0,133369.0,134169.0,0.0,0.0,lock_stripping,32,3,0,10000000,sync_on,lock_stripping_p32_w3_i0_t10000000
6.76,514.5631067961166,514.5631067961166,514.5631067961166,2838084.0,2838084.0,2838084.0,133279.0,133279.0,133279.0,0.0,0.0,lock_stripping,32,3,0,10000000,sync_on,lock_stripping_p32_w3_i0_t10000000
6.78,1352.9411764705883,1352.9411764705883,1352.9411764705883,2800872.0,2800872.0,2800872.0,133140.0,133140.0,133140.0,0.0,0.0,lock_stripping,32,3,0,10000000,sync_on,lock_stripping_p32_w3_i0_t10000000
6.84,1196.0784313725492,1196.0784313725492,1196.0784313725492,2843972.0,2843972.0,2843972.0,130434.0,130434.0,130434.0,0.0,0.0,lock_stripping,32,3,0,10000000,sync_on,lock_stripping_p32_w3_i0_t10000000
6.85,1137.2549019607843,1137.2549019607843,1137.2549019607843,2800696.0,2800696.0,2800696.0,134237.0,134237.0,134237.0,0.0,0.0,lock_stripping,32,3,0,10000000,sync_on,lock_stripping_p32_w3_i0_t10000000
6.86,960.7843137254903,960.7843137254903,960.7843137254903,2805272.0,2805272.0,2805272.0,133426.0,133426.0,133426.0,0.0,0.0,lock_stripping,32,3,0,10000000,sync_on,lock_stripping_p32_w3_i0_t10000000
6.87,740.3846153846155,740.3846153846155,740.3846153846155,2838340.0,2838340.0,2838340.0,133315.0,133315.0,133315.0,0.0,0.0,lock_stripping,32,3,0,10000000,sync_on,lock_stripping_p32_w3_i0_t10000000
6.88,1126.2135922330099,1126.2135922330099,1126.2135922330099,2801176.0,2801176.0,2801176.0,133195.0,133195.0,133195.0,0.0,0.0,lock_stripping,32,3,0,10000000,sync_on,lock_stripping_p32_w3_i0_t10000000
6.94,1254.9019607843138,1254.9019607843138,1254.9019607843138,2844308.0,2844308.0,2844308.0,130499.0,130499.0,130499.0,0.0,0.0,lock_stripping,32,3,0,10000000,sync_on,lock_stripping_p32_w3_i0_t10000000
6.96,1107.843137254902,990.1960784313726,1225.4901960784314,2803336.0,2801000.0,2805672.0,133893.5,133482.0,134305.0,0.0,0.0,lock_stripping,32,3,0,10000000,sync_on,lock_stripping_p32_w3_i0_t10000000
6.97,769.2307692307693,769.2307692307693,769.2307692307693,2838732.0,2838732.0,2838732.0,133355.0,133355.0,133355.0,0.0,0.0,lock_stripping,32,3,0,10000000,sync_on,lock_stripping_p32_w3_i0_t10000000
6.99,1176.4705882352941,1176.4705882352941,1176.4705882352941,2801564.0,2801564.0,2801564.0,133267.0,133267.0,133267.0,0.0,0.0,lock_stripping,32,3,0,10000000,sync_on,lock_stripping_p32_w3_i0_t10000000
7.04,1421.5686274509806,1421.5686274509806,1421.5686274509806,2844628.0,2844628.0,2844628.0,130576.0,130576.0,130576.0,0.0,0.0,lock_stripping,32,3,0,10000000,sync_on,lock_stripping_p32_w3_i0_t10000000
7.06,1166.8552036199096,980.7692307692308,1352.9411764705883,2803642.0,2801280.0,2806004.0,133955.0,133542.0,134368.0,0.0,0.0,lock_stripping,32,3,0,10000000,sync_on,lock_stripping_p32_w3_i0_t10000000
7.08,650.4854368932039,650.4854368932039,650.4854368932039,2839008.0,2839008.0,2839008.0,133394.0,133394.0,133394.0,0.0,0.0,lock_stripping,32,3,0,10000000,sync_on,lock_stripping_p32_w3_i0_t10000000
7.09,1137.2549019607843,1137.2549019607843,1137.2549019607843,2802080.0,2802080.0,2802080.0,133332.0,133332.0,133332.0,0.0,0.0,lock_stripping,32,3,0,10000000,sync_on,lock_stripping_p32_w3_i0_t10000000
7.14,1176.4705882352941,1176.4705882352941,1176.4705882352941,2845016.0,2845016.0,2845016.0,130633.0,130633.0,130633.0,0.0,0.0,lock_stripping,32,3,0,10000000,sync_on,lock_stripping_p32_w3_i0_t10000000
7.16,1133.51776354106,1029.4117647058824,1237.6237623762374,2804060.0,2801828.0,2806292.0,130243.5,126886.0,133601.0,0.0,0.0,lock_stripping,32,3,0,10000000,sync_on,lock_stripping_p32_w3_i0_t10000000
7.18,611.6504854368933,611.6504854368933,611.6504854368933,2839240.0,2839240.0,2839240.0,133428.0,133428.0,133428.0,0.0,0.0,lock_stripping,32,3,0,10000000,sync_on,lock_stripping_p32_w3_i0_t10000000
7.19,1213.5922330097087,1213.5922330097087,1213.5922330097087,2802820.0,2802820.0,2802820.0,133398.0,133398.0,133398.0,0.0,0.0,lock_stripping,32,3,0,10000000,sync_on,lock_stripping_p32_w3_i0_t10000000
7.25,1117.6470588235295,1117.6470588235295,1117.6470588235295,2845352.0,2845352.0,2845352.0,126921.0,126921.0,126921.0,0.0,0.0,lock_stripping,32,3,0,10000000,sync_on,lock_stripping_p32_w3_i0_t10000000
7.26,1182.6923076923078,1182.6923076923078,1182.6923076923078,2802176.0,2802176.0,2802176.0,126944.0,126944.0,126944.0,0.0,0.0,lock_stripping,32,3,0,10000000,sync_on,lock_stripping_p32_w3_i0_t10000000
7.27,961.1650485436894,961.1650485436894,961.1650485436894,2806584.0,2806584.0,2806584.0,133650.0,133650.0,133650.0,0.0,0.0,lock_stripping,32,3,0,10000000,sync_on,lock_stripping_p32_w3_i0_t10000000
7.28,634.6153846153846,634.6153846153846,634.6153846153846,2839524.0,2839524.0,2839524.0,133465.0,133465.0,133465.0,0.0,0.0,lock_stripping,32,3,0,10000000,sync_on,lock_stripping_p32_w3_i0_t10000000
7.29,1166.6666666666667,1166.6666666666667,1166.6666666666667,2803176.0,2803176.0,2803176.0,133470.0,133470.0,133470.0,0.0,0.0,lock_stripping,32,3,0,10000000,sync_on,lock_stripping_p32_w3_i0_t10000000
7.35,1217.8217821782177,1217.8217821782177,1217.8217821782177,2845684.0,2845684.0,2845684.0,126981.0,126981.0,126981.0,0.0,0.0,lock_stripping,32,3,0,10000000,sync_on,lock_stripping_p32_w3_i0_t10000000
7.36,1264.7058823529412,1264.7058823529412,1264.7058823529412,2802512.0,2802512.0,2802512.0,127011.0,127011.0,127011.0,0.0,0.0,lock_stripping,32,3,0,10000000,sync_on,lock_stripping_p32_w3_i0_t10000000
7.37,892.1568627450981,892.1568627450981,892.1568627450981,2806968.0,2806968.0,2806968.0,133703.0,133703.0,133703.0,0.0,0.0,lock_stripping,32,3,0,10000000,sync_on,lock_stripping_p32_w3_i0_t10000000
7.38,689.3203883495146,689.3203883495146,689.3203883495146,2839752.0,2839752.0,2839752.0,133502.0,133502.0,133502.0,0.0,0.0,lock_stripping,32,3,0,10000000,sync_on,lock_stripping_p32_w3_i0_t10000000
7.39,1267.3267326732673,1267.3267326732673,1267.3267326732673,2803484.0,2803484.0,2803484.0,133535.0,133535.0,133535.0,0.0,0.0,lock_stripping,32,3,0,10000000,sync_on,lock_stripping_p32_w3_i0_t10000000
7.45,1394.2307692307693,1394.2307692307693,1394.2307692307693,2846004.0,2846004.0,2846004.0,127051.0,127051.0,127051.0,0.0,0.0,lock_stripping,32,3,0,10000000,sync_on,lock_stripping_p32_w3_i0_t10000000
7.47,1245.7579185520362,1058.8235294117649,1432.6923076923078,2805132.0,2802952.0,2807312.0,130418.0,127079.0,133757.0,0.0,0.0,lock_stripping,32,3,0,10000000,sync_on,lock_stripping_p32_w3_i0_t10000000
7.49,548.0769230769231,548.0769230769231,548.0769230769231,2839948.0,2839948.0,2839948.0,133536.0,133536.0,133536.0,0.0,0.0,lock_stripping,32,3,0,10000000,sync_on,lock_stripping_p32_w3_i0_t10000000
7.5,1145.6310679611652,1145.6310679611652,1145.6310679611652,2804140.0,2804140.0,2804140.0,133597.0,133597.0,133597.0,0.0,0.0,lock_stripping,32,3,0,10000000,sync_on,lock_stripping_p32_w3_i0_t10000000
7.55,1349.5145631067962,1349.5145631067962,1349.5145631067962,2846340.0,2846340.0,2846340.0,127121.0,127121.0,127121.0,0.0,0.0,lock_stripping,32,3,0,10000000,sync_on,lock_stripping_p32_w3_i0_t10000000
7.57,1205.8823529411766,1107.843137254902,1303.921568627451,2805376.0,2803152.0,2807600.0,130487.0,127161.0,133813.0,0.0,0.0,lock_stripping,32,3,0,10000000,sync_on,lock_stripping_p32_w3_i0_t10000000
7.59,689.3203883495146,689.3203883495146,689.3203883495146,2840256.0,2840256.0,2840256.0,133576.0,133576.0,133576.0,0.0,0.0,lock_stripping,32,3,0,10000000,sync_on,lock_stripping_p32_w3_i0_t10000000
7.6,1235.294117647059,1235.294117647059,1235.294117647059,2804764.0,2804764.0,2804764.0,133656.0,133656.0,133656.0,0.0,0.0,lock_stripping,32,3,0,10000000,sync_on,lock_stripping_p32_w3_i0_t10000000
7.66,1380.952380952381,1380.952380952381,1380.952380952381,2846676.0,2846676.0,2846676.0,127204.0,127204.0,127204.0,0.0,0.0,lock_stripping,32,3,0,10000000,sync_on,lock_stripping_p32_w3_i0_t10000000
7.67,1138.29185520362,882.3529411764706,1394.2307692307693,2805644.0,2803396.0,2807892.0,130542.5,127228.0,133857.0,0.0,0.0,lock_stripping,32,3,0,10000000,sync_on,lock_stripping_p32_w3_i0_t10000000
7.7,935.4260935143288,586.5384615384615,1284.3137254901962,2822800.0,2805144.0,2840456.0,133667.5,133612.0,133723.0,0.0,0.0,lock_stripping,32,3,0,10000000,sync_on,lock_stripping_p32_w3_i0_t10000000
7.76,1323.5294117647059,1323.5294117647059,1323.5294117647059,2847128.0,2847128.0,2847128.0,127269.0,127269.0,127269.0,0.0,0.0,lock_stripping,32,3,0,10000000,sync_on,lock_stripping_p32_w3_i0_t10000000
7.78,1273.7007424328956,1165.0485436893205,1382.3529411764707,2805954.0,2803700.0,2808208.0,130607.5,127298.0,133917.0,0.0,0.0,lock_stripping,32,3,0,10000000,sync_on,lock_stripping_p32_w3_i0_t10000000
7.8,1035.2722772277227,625.0,1445.5445544554455,2823140.0,2805548.0,2840732.0,133721.5,133649.0,133794.0,0.0,0.0,lock_stripping,32,3,0,10000000,sync_on,lock_stripping_p32_w3_i0_t10000000
7.86,1277.227722772277,1277.227722772277,1277.227722772277,2847448.0,2847448.0,2847448.0,127337.0,127337.0,127337.0,0.0,0.0,lock_stripping,32,3,0,10000000,sync_on,lock_stripping_p32_w3_i0_t10000000
7.88,1093.0420711974111,1019.4174757281554,1166.6666666666667,2806290.0,2803956.0,2808624.0,130667.0,127364.0,133970.0,0.0,0.0,lock_stripping,32,3,0,10000000,sync_on,lock_stripping_p32_w3_i0_t10000000
7.9,747.5728155339806,747.5728155339806,747.5728155339806,2840996.0,2840996.0,2840996.0,133681.0,133681.0,133681.0,0.0,0.0,lock_stripping,32,3,0,10000000,sync_on,lock_stripping_p32_w3_i0_t10000000
7.91,1156.8627450980393,1156.8627450980393,1156.8627450980393,2805956.0,2805956.0,2805956.0,130081.0,130081.0,130081.0,0.0,0.0,lock_stripping,32,3,0,10000000,sync_on,lock_stripping_p32_w3_i0_t10000000
7.96,1058.8235294117649,1058.8235294117649,1058.8235294117649,2847664.0,2847664.0,2847664.0,127399.0,127399.0,127399.0,0.0,0.0,lock_stripping,32,3,0,10000000,sync_on,lock_stripping_p32_w3_i0_t10000000
7.98,1156.8627450980393,1156.8627450980393,1156.8627450980393,2804184.0,2804184.0,2804184.0,127432.0,127432.0,127432.0,0.0,0.0,lock_stripping,32,3,0,10000000,sync_on,lock_stripping_p32_w3_i0_t10000000
7.99,925.2336448598131,925.2336448598131,925.2336448598131,2808848.0,2808848.0,2808848.0,134023.0,134023.0,134023.0,0.0,0.0,lock_stripping,32,3,0,10000000,sync_on,lock_stripping_p32_w3_i0_t10000000
8.01,920.0603318250378,653.8461538461539,1186.2745098039215,2823676.0,2806164.0,2841188.0,131929.0,130139.0,133719.0,0.0,0.0,lock_stripping,32,3,0,10000000,sync_on,lock_stripping_p32_w3_i0_t10000000
8.07,1235.294117647059,1235.294117647059,1235.294117647059,2848000.0,2848000.0,2848000.0,127641.0,127641.0,127641.0,0.0,0.0,lock_stripping,32,3,0,10000000,sync_on,lock_stripping_p32_w3_i0_t10000000
8.08,1156.8627450980393,1156.8627450980393,1156.8627450980393,2804568.0,2804568.0,2804568.0,127476.0,127476.0,127476.0,0.0,0.0,lock_stripping,32,3,0,10000000,sync_on,lock_stripping_p32_w3_i0_t10000000
8.09,864.0776699029127,864.0776699029127,864.0776699029127,2809084.0,2809084.0,2809084.0,134065.0,134065.0,134065.0,0.0,0.0,lock_stripping,32,3,0,10000000,sync_on,lock_stripping_p32_w3_i0_t10000000
8.11,908.9567865981345,572.8155339805826,1245.0980392156864,2823906.0,2806520.0,2841292.0,131982.5,130214.0,133751.0,0.0,0.0,lock_stripping,32,3,0,10000000,sync_on,lock_stripping_p32_w3_i0_t10000000
8.17,1372.5490196078433,1372.5490196078433,1372.5490196078433,2848392.0,2848392.0,2848392.0,123744.0,123744.0,123744.0,0.0,0.0,lock_stripping,32,3,0,10000000,sync_on,lock_stripping_p32_w3_i0_t10000000
8.18,1137.2549019607843,1137.2549019607843,1137.2549019607843,2804960.0,2804960.0,2804960.0,127538.0,127538.0,127538.0,0.0,0.0,lock_stripping,32,3,0,10000000,sync_on,lock_stripping_p32_w3_i0_t10000000
8.19,990.1960784313726,990.1960784313726,990.1960784313726,2809308.0,2809308.0,2809308.0,134123.0,134123.0,134123.0,0.0,0.0,lock_stripping,32,3,0,10000000,sync_on,lock_stripping_p32_w3_i0_t10000000
8.21,1036.479861578391,815.5339805825244,1257.4257425742574,2824216.0,2806868.0,2841564.0,132040.5,130288.0,133793.0,0.0,0.0,lock_stripping,32,3,0,10000000,sync_on,lock_stripping_p32_w3_i0_t10000000
8.27,1176.4705882352941,1176.4705882352941,1176.4705882352941,2848764.0,2848764.0,2848764.0,123807.0,123807.0,123807.0,0.0,0.0,lock_stripping,32,3,0,10000000,sync_on,lock_stripping_p32_w3_i0_t10000000
8.29,1333.3333333333335,1333.3333333333335,1333.3333333333335,2805356.0,2805356.0,2805356.0,127608.0,127608.0,127608.0,0.0,0.0,lock_stripping,32,3,0,10000000,sync_on,lock_stripping_p32_w3_i0_t10000000
8.3,817.3076923076924,817.3076923076924,817.3076923076924,2809600.0,2809600.0,2809600.0,134172.0,134172.0,134172.0,0.0,0.0,lock_stripping,32,3,0,10000000,sync_on,lock_stripping_p32_w3_i0_t10000000
8.31,1259.6153846153848,1259.6153846153848,1259.6153846153848,2807364.0,2807364.0,2807364.0,130412.0,130412.0,130412.0,0.0,0.0,lock_stripping,32,3,0,10000000,sync_on,lock_stripping_p32_w3_i0_t10000000
8.32,750.0,750.0,750.0,2841796.0,2841796.0,2841796.0,133832.0,133832.0,133832.0,0.0,0.0,lock_stripping,32,3,0,10000000,sync_on,lock_stripping_p32_w3_i0_t10000000
8.37,1294.1176470588236,1294.1176470588236,1294.1176470588236,2849084.0,2849084.0,2849084.0,123872.0,123872.0,123872.0,0.0,0.0,lock_stripping,32,3,0,10000000,sync_on,lock_stripping_p32_w3_i0_t10000000
8.39,1264.7058823529412,1264.7058823529412,1264.7058823529412,2805628.0,2805628.0,2805628.0,127674.0,127674.0,127674.0,0.0,0.0,lock_stripping,32,3,0,10000000,sync_on,lock_stripping_p32_w3_i0_t10000000
8.4,1098.0392156862745,1098.0392156862745,1098.0392156862745,2809916.0,2809916.0,2809916.0,130461.0,130461.0,130461.0,0.0,0.0,lock_stripping,32,3,0,10000000,sync_on,lock_stripping_p32_w3_i0_t10000000
8.42,1040.5958499904816,718.4466019417476,1362.7450980392157,2824948.0,2807932.0,2841964.0,130255.5,126643.0,133868.0,0.0,0.0,lock_stripping,32,3,0,10000000,sync_on,lock_stripping_p32_w3_i0_t10000000
8.47,1294.1176470588236,1294.1176470588236,1294.1176470588236,2849384.0,2849384.0,2849384.0,123938.0,123938.0,123938.0,0.0,0.0,lock_stripping,32,3,0,10000000,sync_on,lock_stripping_p32_w3_i0_t10000000
8.49,1137.2549019607843,1137.2549019607843,1137.2549019607843,2805996.0,2805996.0,2805996.0,123954.0,123954.0,123954.0,0.0,0.0,lock_stripping,32,3,0,10000000,sync_on,lock_stripping_p32_w3_i0_t10000000
8.5,1166.6666666666667,1166.6666666666667,1166.6666666666667,2810140.0,2810140.0,2810140.0,130522.0,130522.0,130522.0,0.0,0.0,lock_stripping,32,3,0,10000000,sync_on,lock_stripping_p32_w3_i0_t10000000
8.52,911.1048265460031,567.3076923076924,1254.9019607843138,2825198.0,2808212.0,2842184.0,130303.5,126710.0,133897.0,0.0,0.0,lock_stripping,32,3,0,10000000,sync_on,lock_stripping_p32_w3_i0_t10000000
8.58,1235.294117647059,1235.294117647059,1235.294117647059,2849680.0,2849680.0,2849680.0,124010.0,124010.0,124010.0,0.0,0.0,lock_stripping,32,3,0,10000000,sync_on,lock_stripping_p32_w3_i0_t10000000
8.59,1303.921568627451,1303.921568627451,1303.921568627451,2806364.0,2806364.0,2806364.0,124028.0,124028.0,124028.0,0.0,0.0,lock_stripping,32,3,0,10000000,sync_on,lock_stripping_p32_w3_i0_t10000000
8.6,1049.0196078431372,1049.0196078431372,1049.0196078431372,2810324.0,2810324.0,2810324.0,130573.0,130573.0,130573.0,0.0,0.0,lock_stripping,32,3,0,10000000,sync_on,lock_stripping_p32_w3_i0_t10000000
8.62,1098.0392156862745,1098.0392156862745,1098.0392156862745,2808492.0,2808492.0,2808492.0,126773.0,126773.0,126773.0,0.0,0.0,lock_stripping,32,3,0,10000000,sync_on,lock_stripping_p32_w3_i0_t10000000
8.63,757.2815533980583,757.2815533980583,757.2815533980583,2842356.0,2842356.0,2842356.0,133934.0,133934.0,133934.0,0.0,0.0,lock_stripping,32,3,0,10000000,sync_on,lock_stripping_p32_w3_i0_t10000000
8.68,1230.7692307692307,1230.7692307692307,1230.7692307692307,2850008.0,2850008.0,2850008.0,124558.0,124558.0,124558.0,0.0,0.0,lock_stripping,32,3,0,10000000,sync_on,lock_stripping_p32_w3_i0_t10000000
8.69,1323.5294117647059,1323.5294117647059,1323.5294117647059,2806632.0,2806632.0,2806632.0,124092.0,124092.0,124092.0,0.0,0.0,lock_stripping,32,3,0,10000000,sync_on,lock_stripping_p32_w3_i0_t10000000
8.71,1067.9611650485438,1067.9611650485438,1067.9611650485438,2810692.0,2810692.0,2810692.0,126845.0,126845.0,126845.0,0.0,0.0,lock_stripping,32,3,0,10000000,sync_on,lock_stripping_p32_w3_i0_t10000000
8.72,1378.6407766990292,1378.6407766990292,1378.6407766990292,2808764.0,2808764.0,2808764.0,126844.0,126844.0,126844.0,0.0,0.0,lock_stripping,32,3,0,10000000,sync_on,lock_stripping_p32_w3_i0_t10000000
8.73,451.92307692307696,451.92307692307696,451.92307692307696,2842548.0,2842548.0,2842548.0,134227.0,134227.0,134227.0,0.0,0.0,lock_stripping,32,3,0,10000000,sync_on,lock_stripping_p32_w3_i0_t10000000
8.78,1156.8627450980393,1156.8627450980393,1156.8627450980393,2850404.0,2850404.0,2850404.0,125976.0,125976.0,125976.0,0.0,0.0,lock_stripping,32,3,0,10000000,sync_on,lock_stripping_p32_w3_i0_t10000000
8.8,1336.5384615384617,1336.5384615384617,1336.5384615384617,2806988.0,2806988.0,2806988.0,124163.0,124163.0,124163.0,0.0,0.0,lock_stripping,32,3,0,10000000,sync_on,lock_stripping_p32_w3_i0_t10000000
8.81,941.747572815534,941.747572815534,941.747572815534,2810944.0,2810944.0,2810944.0,126907.0,126907.0,126907.0,0.0,0.0,lock_stripping,32,3,0,10000000,sync_on,lock_stripping_p32_w3_i0_t10000000
8.82,1254.9019607843138,1254.9019607843138,1254.9019607843138,2809124.0,2809124.0,2809124.0,126900.0,126900.0,126900.0,0.0,0.0,lock_stripping,32,3,0,10000000,sync_on,lock_stripping_p32_w3_i0_t10000000
8.84,153.84615384615384,153.84615384615384,153.84615384615384,2842596.0,2842596.0,2842596.0,134233.0,134233.0,134233.0,0.0,0.0,lock_stripping,32,3,0,10000000,sync_on,lock_stripping_p32_w3_i0_t10000000
8.88,1176.4705882352941,1176.4705882352941,1176.4705882352941,2849068.0,2849068.0,2849068.0,124199.0,124199.0,124199.0,0.0,0.0,lock_stripping,32,3,0,10000000,sync_on,lock_stripping_p32_w3_i0_t10000000
8.9,1196.0784313725492,1196.0784313725492,1196.0784313725492,2807272.0,2807272.0,2807272.0,124229.0,124229.0,124229.0,0.0,0.0,lock_stripping,32,3,0,10000000,sync_on,lock_stripping_p32_w3_i0_t10000000
8.91,1029.4117647058824,1029.4117647058824,1029.4117647058824,2811236.0,2811236.0,2811236.0,126956.0,126956.0,126956.0,0.0,0.0,lock_stripping,32,3,0,10000000,sync_on,lock_stripping_p32_w3_i0_t10000000
8.93,1333.3333333333335,1333.3333333333335,1333.3333333333335,2809360.0,2809360.0,2809360.0,126974.0,126974.0,126974.0,0.0,0.0,lock_stripping,32,3,0,10000000,sync_on,lock_stripping_p32_w3_i0_t10000000
8.94,679.6116504854369,679.6116504854369,679.6116504854369,2842804.0,2842804.0,2842804.0,130228.0,130228.0,130228.0,0.0,0.0,lock_stripping,32,3,0,10000000,sync_on,lock_stripping_p32_w3_i0_t10000000
8.99,1313.7254901960785,1313.7254901960785,1313.7254901960785,2849336.0,2849336.0,2849336.0,124263.0,124263.0,124263.0,0.0,0.0,lock_stripping,32,3,0,10000000,sync_on,lock_stripping_p32_w3_i0_t10000000
9.01,1127.46185852982,883.495145631068,1371.4285714285716,2809500.0,2807600.0,2811400.0,125650.0,124295.0,127005.0,0.0,0.0,lock_stripping,32,3,0,10000000,sync_on,lock_stripping_p32_w3_i0_t10000000
9.03,1303.921568627451,1303.921568627451,1303.921568627451,2809644.0,2809644.0,2809644.0,123272.0,123272.0,123272.0,0.0,0.0,lock_stripping,32,3,0,10000000,sync_on,lock_stripping_p32_w3_i0_t10000000
9.04,836.5384615384615,836.5384615384615,836.5384615384615,2843048.0,2843048.0,2843048.0,130277.0,130277.0,130277.0,0.0,0.0,lock_stripping,32,3,0,10000000,sync_on,lock_stripping_p32_w3_i0_t10000000
9.09,1284.3137254901962,1284.3137254901962,1284.3137254901962,2850052.0,2850052.0,2850052.0,124640.0,124640.0,124640.0,0.0,0.0,lock_stripping,32,3,0,10000000,sync_on,lock_stripping_p32_w3_i0_t10000000
9.11,1137.2549019607843,1137.2549019607843,1137.2549019607843,2807884.0,2807884.0,2807884.0,124365.0,124365.0,124365.0,0.0,0.0,lock_stripping,32,3,0,10000000,sync_on,lock_stripping_p32_w3_i0_t10000000
9.12,1201.923076923077,1201.923076923077,1201.923076923077,2811616.0,2811616.0,2811616.0,127060.0,127060.0,127060.0,0.0,0.0,lock_stripping,32,3,0,10000000,sync_on,lock_stripping_p32_w3_i0_t10000000
9.13,1276.1904761904761,1276.1904761904761,1276.1904761904761,2810016.0,2810016.0,2810016.0,123340.0,123340.0,123340.0,0.0,0.0,lock_stripping,32,3,0,10000000,sync_on,lock_stripping_p32_w3_i0_t10000000
9.14,1097.0873786407767,1097.0873786407767,1097.0873786407767,2843372.0,2843372.0,2843372.0,130335.0,130335.0,130335.0,0.0,0.0,lock_stripping,32,3,0,10000000,sync_on,lock_stripping_p32_w3_i0_t10000000
9.19,1058.8235294117649,1058.8235294117649,1058.8235294117649,2850356.0,2850356.0,2850356.0,126236.0,126236.0,126236.0,0.0,0.0,lock_stripping,32,3,0,10000000,sync_on,lock_stripping_p32_w3_i0_t10000000
9.21,1118.8118811881188,1118.8118811881188,1118.8118811881188,2808176.0,2808176.0,2808176.0,124431.0,124431.0,124431.0,0.0,0.0,lock_stripping,32,3,0,10000000,sync_on,lock_stripping_p32_w3_i0_t10000000
9.22,1118.8118811881188,1118.8118811881188,1118.8118811881188,2811832.0,2811832.0,2811832.0,127116.0,127116.0,127116.0,0.0,0.0,lock_stripping,32,3,0,10000000,sync_on,lock_stripping_p32_w3_i0_t10000000
9.24,1372.5490196078433,1372.5490196078433,1372.5490196078433,2810348.0,2810348.0,2810348.0,123414.0,123414.0,123414.0,0.0,0.0,lock_stripping,32,3,0,10000000,sync_on,lock_stripping_p32_w3_i0_t10000000
9.25,682.6923076923077,682.6923076923077,682.6923076923077,2843632.0,2843632.0,2843632.0,130370.0,130370.0,130370.0,0.0,0.0,lock_stripping,32,3,0,10000000,sync_on,lock_stripping_p32_w3_i0_t10000000
9.29,1049.0196078431372,1049.0196078431372,1049.0196078431372,2848904.0,2848904.0,2848904.0,124449.0,124449.0,124449.0,0.0,0.0,lock_stripping,32,3,0,10000000,sync_on,lock_stripping_p32_w3_i0_t10000000
9.31,1225.4901960784314,1225.4901960784314,1225.4901960784314,2808496.0,2808496.0,2808496.0,124490.0,124490.0,124490.0,0.0,0.0,lock_stripping,32,3,0,10000000,sync_on,lock_stripping_p32_w3_i0_t10000000
9.32,1009.6153846153846,1009.6153846153846,1009.6153846153846,2812104.0,2812104.0,2812104.0,127183.0,127183.0,127183.0,0.0,0.0,lock_stripping,32,3,0,10000000,sync_on,lock_stripping_p32_w3_i0_t10000000
9.34,1245.0980392156864,1245.0980392156864,1245.0980392156864,2810596.0,2810596.0,2810596.0,123481.0,123481.0,123481.0,0.0,0.0,lock_stripping,32,3,0,10000000,sync_on,lock_stripping_p32_w3_i0_t10000000
9.35,519.6078431372549,519.6078431372549,519.6078431372549,2843792.0,2843792.0,2843792.0,130402.0,130402.0,130402.0,0.0,0.0,lock_stripping,32,3,0,10000000,sync_on,lock_stripping_p32_w3_i0_t10000000
9.39,1382.3529411764707,1382.3529411764707,1382.3529411764707,2849432.0,2849432.0,2849432.0,124741.0,124741.0,124741.0,0.0,0.0,lock_stripping,32,3,0,10000000,sync_on,lock_stripping_p32_w3_i0_t10000000
9.41,1281.5533980582525,1281.5533980582525,1281.5533980582525,2808852.0,2808852.0,2808852.0,124559.0,124559.0,124559.0,0.0,0.0,lock_stripping,32,3,0,10000000,sync_on,lock_stripping_p32_w3_i0_t10000000
9.43,1107.843137254902,1107.843137254902,1107.843137254902,2812332.0,2812332.0,2812332.0,127235.0,127235.0,127235.0,0.0,0.0,lock_stripping,32,3,0,10000000,sync_on,lock_stripping_p32_w3_i0_t10000000
9.44,1310.6796116504854,1310.6796116504854,1310.6796116504854,2810964.0,2810964.0,2810964.0,123542.0,123542.0,123542.0,0.0,0.0,lock_stripping,32,3,0,10000000,sync_on,lock_stripping_p32_w3_i0_t10000000
9.45,611.6504854368933,611.6504854368933,611.6504854368933,2843932.0,2843932.0,2843932.0,130440.0,130440.0,130440.0,0.0,0.0,lock_stripping,32,3,0,10000000,sync_on,lock_stripping_p32_w3_i0_t10000000
9.5,921.5686274509804,921.5686274509804,921.5686274509804,2850144.0,2850144.0,2850144.0,126410.0,126410.0,126410.0,0.0,0.0,lock_stripping,32,3,0,10000000,sync_on,lock_stripping_p32_w3_i0_t10000000
9.52,1303.921568627451,1303.921568627451,1303.921568627451,2809136.0,2809136.0,2809136.0,124628.0,124628.0,124628.0,0.0,0.0,lock_stripping,32,3,0,10000000,sync_on,lock_stripping_p32_w3_i0_t10000000
9.53,1078.4313725490197,1078.4313725490197,1078.4313725490197,2812644.0,2812644.0,2812644.0,123518.0,123518.0,123518.0,0.0,0.0,lock_stripping,32,3,0,10000000,sync_on,lock_stripping_p32_w3_i0_t10000000
9.54,1166.6666666666667,1166.6666666666667,1166.6666666666667,2811308.0,2811308.0,2811308.0,123600.0,123600.0,123600.0,0.0,0.0,lock_stripping,32,3,0,10000000,sync_on,lock_stripping_p32_w3_i0_t10000000
9.56,627.4509803921569,627.4509803921569,627.4509803921569,2844060.0,2844060.0,2844060.0,130472.0,130472.0,130472.0,0.0,0.0,lock_stripping,32,3,0,10000000,sync_on,lock_stripping_p32_w3_i0_t10000000
9.6,1049.0196078431372,1049.0196078431372,1049.0196078431372,2848632.0,2848632.0,2848632.0,124624.0,124624.0,124624.0,0.0,0.0,lock_stripping,32,3,0,10000000,sync_on,lock_stripping_p32_w3_i0_t10000000
9.62,1230.7692307692307,1230.7692307692307,1230.7692307692307,2809424.0,2809424.0,2809424.0,124697.0,124697.0,124697.0,0.0,0.0,lock_stripping,32,3,0,10000000,sync_on,lock_stripping_p32_w3_i0_t10000000
9.63,990.2912621359224,990.2912621359224,990.2912621359224,2813200.0,2813200.0,2813200.0,123568.0,123568.0,123568.0,0.0,0.0,lock_stripping,32,3,0,10000000,sync_on,lock_stripping_p32_w3_i0_t10000000
9.65,1125.0,1125.0,1125.0,2811552.0,2811552.0,2811552.0,123659.0,123659.0,123659.0,0.0,0.0,lock_stripping,32,3,0,10000000,sync_on,lock_stripping_p32_w3_i0_t10000000
9.66,653.8461538461539,653.8461538461539,653.8461538461539,2844284.0,2844284.0,2844284.0,130510.0,130510.0,130510.0,0.0,0.0,lock_stripping,32,3,0,10000000,sync_on,lock_stripping_p32_w3_i0_t10000000
9.7,1431.372549019608,1431.372549019608,1431.372549019608,2849468.0,2849468.0,2849468.0,124700.0,124700.0,124700.0,0.0,0.0,lock_stripping,32,3,0,10000000,sync_on,lock_stripping_p32_w3_i0_t10000000
9.72,1303.921568627451,1303.921568627451,1303.921568627451,2809720.0,2809720.0,2809720.0,124757.0,124757.0,124757.0,0.0,0.0,lock_stripping,32,3,0,10000000,sync_on,lock_stripping_p32_w3_i0_t10000000
9.73,843.1372549019609,843.1372549019609,843.1372549019609,2813436.0,2813436.0,2813436.0,123622.0,123622.0,123622.0,0.0,0.0,lock_stripping,32,3,0,10000000,sync_on,lock_stripping_p32_w3_i0_t10000000
9.75,1362.7450980392157,1362.7450980392157,1362.7450980392157,2811860.0,2811860.0,2811860.0,123729.0,123729.0,123729.0,0.0,0.0,lock_stripping,32,3,0,10000000,sync_on,lock_stripping_p32_w3_i0_t10000000
9.76,582.5242718446602,582.5242718446602,582.5242718446602,2844468.0,2844468.0,2844468.0,130542.0,130542.0,130542.0,0.0,0.0,lock_stripping,32,3,0,10000000,sync_on,lock_stripping_p32_w3_i0_t10000000
9.8,1313.7254901960785,1313.7254901960785,1313.7254901960785,2850004.0,2850004.0,2850004.0,124759.0,124759.0,124759.0,0.0,0.0,lock_stripping,32,3,0,10000000,sync_on,lock_stripping_p32_w3_i0_t10000000
9.82,1375.0,1375.0,1375.0,2810152.0,2810152.0,2810152.0,126675.0,126675.0,126675.0,0.0,0.0,lock_stripping,32,3,0,10000000,sync_on,lock_stripping_p32_w3_i0_t10000000
9.84,1086.5384615384617,1086.5384615384617,1086.5384615384617,2813780.0,2813780.0,2813780.0,125525.0,125525.0,125525.0,0.0,0.0,lock_stripping,32,3,0,10000000,sync_on,lock_stripping_p32_w3_i0_t10000000
9.85,1186.2745098039215,1186.2745098039215,1186.2745098039215,2812092.0,2812092.0,2812092.0,123792.0,123792.0,123792.0,0.0,0.0,lock_stripping,32,3,0,10000000,sync_on,lock_stripping_p32_w3_i0_t10000000
9.87,596.1538461538462,596.1538461538462,596.1538461538462,2844612.0,2844612.0,2844612.0,130573.0,130573.0,130573.0,0.0,0.0,lock_stripping,32,3,0,10000000,sync_on,lock_stripping_p32_w3_i0_t10000000
9.91,1259.6153846153848,1259.6153846153848,1259.6153846153848,2850444.0,2850444.0,2850444.0,124825.0,124825.0,124825.0,0.0,0.0,lock_stripping,32,3,0,10000000,sync_on,lock_stripping_p32_w3_i0_t10000000
9.93,941.1764705882354,941.1764705882354,941.1764705882354,2808836.0,2808836.0,2808836.0,125857.0,125857.0,125857.0,0.0,0.0,lock_stripping,32,3,0,10000000,sync_on,lock_stripping_p32_w3_i0_t10000000
9.94,1049.0196078431372,1049.0196078431372,1049.0196078431372,2812648.0,2812648.0,2812648.0,123716.0,123716.0,123716.0,0.0,0.0,lock_stripping,32,3,0,10000000,sync_on,lock_stripping_p32_w3_i0_t10000000
9.95,1277.227722772277,1277.227722772277,1277.227722772277,2812472.0,2812472.0,2812472.0,123863.0,123863.0,123863.0,0.0,0.0,lock_stripping,32,3,0,10000000,sync_on,lock_stripping_p32_w3_i0_t10000000
9.97,730.7692307692308,730.7692307692308,730.7692307692308,2844876.0,2844876.0,2844876.0,130605.0,130605.0,130605.0,0.0,0.0,lock_stripping,32,3,0,10000000,sync_on,lock_stripping_p32_w3_i0_t10000000
10.01,1431.372549019608,1431.372549019608,1431.372549019608,2851340.0,2851340.0,2851340.0,126610.0,126610.0,126610.0,0.0,0.0,lock_stripping,32,3,0,10000000,sync_on,lock_stripping_p32_w3_i0_t10000000
10.03,930.6930693069306,930.6930693069306,930.6930693069306,2807568.0,2807568.0,2807568.0,125148.0,125148.0,125148.0,0.0,0.0,lock_stripping,32,3,0,10000000,sync_on,lock_stripping_p32_w3_i0_t10000000
10.04,841.5841584158416,841.5841584158416,841.5841584158416,2813028.0,2813028.0,2813028.0,123765.0,123765.0,123765.0,0.0,0.0,lock_stripping,32,3,0,10000000,sync_on,lock_stripping_p32_w3_i0_t10000000
10.06,1190.4761904761906,1190.4761904761906,1190.4761904761906,2812704.0,2812704.0,2812704.0,123924.0,123924.0,123924.0,0.0,0.0,lock_stripping,32,3,0,10000000,sync_on,lock_stripping_p32_w3_i0_t10000000
10.07,660.1941747572816,660.1941747572816,660.1941747572816,2845160.0,2845160.0,2845160.0,130638.0,130638.0,130638.0,0.0,0.0,lock_stripping,32,3,0,10000000,sync_on,lock_stripping_p32_w3_i0_t10000000
10.11,1049.0196078431372,1049.0196078431372,1049.0196078431372,2850032.0,2850032.0,2850032.0,124942.0,124942.0,124942.0,0.0,0.0,lock_stripping,32,3,0,10000000,sync_on,lock_stripping_p32_w3_i0_t10000000
10.13,1039.2156862745098,1039.2156862745098,1039.2156862745098,2808240.0,2808240.0,2808240.0,126802.0,126802.0,126802.0,0.0,0.0,lock_stripping,32,3,0,10000000,sync_on,lock_stripping_p32_w3_i0_t10000000
10.14,1009.6153846153846,1009.6153846153846,1009.6153846153846,2813316.0,2813316.0,2813316.0,123817.0,123817.0,123817.0,0.0,0.0,lock_stripping,32,3,0,10000000,sync_on,lock_stripping_p32_w3_i0_t10000000
10.16,1221.1538461538462,1221.1538461538462,1221.1538461538462,2812980.0,2812980.0,2812980.0,123990.0,123990.0,123990.0,0.0,0.0,lock_stripping,32,3,0,10000000,sync_on,lock_stripping_p32_w3_i0_t10000000
10.18,446.6019417475728,446.6019417475728,446.6019417475728,2845240.0,2845240.0,2845240.0,130667.0,130667.0,130667.0,0.0,0.0,lock_stripping,32,3,0,10000000,sync_on,lock_stripping_p32_w3_i0_t10000000
10.21,1147.058823529412,1147.058823529412,1147.058823529412,2850604.0,2850604.0,2850604.0,125002.0,125002.0,125002.0,0.0,0.0,lock_stripping,32,3,0,10000000,sync_on,lock_stripping_p32_w3_i0_t10000000
10.23,1215.686274509804,1215.686274509804,1215.686274509804,2807156.0,2807156.0,2807156.0,125029.0,125029.0,125029.0,0.0,0.0,lock_stripping,32,3,0,10000000,sync_on,lock_stripping_p32_w3_i0_t10000000
10.24,941.1764705882354,941.1764705882354,941.1764705882354,2813580.0,2813580.0,2813580.0,123862.0,123862.0,123862.0,0.0,0.0,lock_stripping,32,3,0,10000000,sync_on,lock_stripping_p32_w3_i0_t10000000
10.26,1078.4313725490197,1078.4313725490197,1078.4313725490197,2813356.0,2813356.0,2813356.0,125893.0,125893.0,125893.0,0.0,0.0,lock_stripping,32,3,0,10000000,sync_on,lock_stripping_p32_w3_i0_t10000000
10.28,471.1538461538462,471.1538461538462,471.1538461538462,2845332.0,2845332.0,2845332.0,130691.0,130691.0,130691.0,0.0,0.0,lock_stripping,32,3,0,10000000,sync_on,lock_stripping_p32_w3_i0_t10000000
10.31,1316.8316831683167,1316.8316831683167,1316.8316831683167,2851064.0,2851064.0,2851064.0,125083.0,125083.0,125083.0,0.0,0.0,lock_stripping,32,3,0,10000000,sync_on,lock_stripping_p32_w3_i0_t10000000
10.33,1166.6666666666667,1166.6666666666667,1166.6666666666667,2807452.0,2807452.0,2807452.0,125582.0,125582.0,125582.0,0.0,0.0,lock_stripping,32,3,0,10000000,sync_on,lock_stripping_p32_w3_i0_t10000000
10.35,1009.6153846153846,1009.6153846153846,1009.6153846153846,2813904.0,2813904.0,2813904.0,123922.0,123922.0,123922.0,0.0,0.0,lock_stripping,32,3,0,10000000,sync_on,lock_stripping_p32_w3_i0_t10000000
10.37,1107.843137254902,1107.843137254902,1107.843137254902,2812104.0,2812104.0,2812104.0,124106.0,124106.0,124106.0,0.0,0.0,lock_stripping,32,3,0,10000000,sync_on,lock_stripping_p32_w3_i0_t10000000
10.38,446.6019417475728,446.6019417475728,446.6019417475728,2845436.0,2845436.0,2845436.0,130711.0,130711.0,130711.0,0.0,0.0,lock_stripping,32,3,0,10000000,sync_on,lock_stripping_p32_w3_i0_t10000000
10.42,1225.4901960784314,1225.4901960784314,1225.4901960784314,2851876.0,2851876.0,2851876.0,126988.0,126988.0,126988.0,0.0,0.0,lock_stripping,32,3,0,10000000,sync_on,lock_stripping_p32_w3_i0_t10000000
10.44,1127.450980392157,1127.450980392157,1127.450980392157,2808208.0,2808208.0,2808208.0,127001.0,127001.0,127001.0,0.0,0.0,lock_stripping,32,3,0,10000000,sync_on,lock_stripping_p32_w3_i0_t10000000
10.45,1019.4174757281554,1019.4174757281554,1019.4174757281554,2814324.0,2814324.0,2814324.0,123969.0,123969.0,123969.0,0.0,0.0,lock_stripping,32,3,0,10000000,sync_on,lock_stripping_p32_w3_i0_t10000000
10.47,1362.7450980392157,1362.7450980392157,1362.7450980392157,2812436.0,2812436.0,2812436.0,124188.0,124188.0,124188.0,0.0,0.0,lock_stripping,32,3,0,10000000,sync_on,lock_stripping_p32_w3_i0_t10000000
10.49,634.6153846153846,634.6153846153846,634.6153846153846,2845784.0,2845784.0,2845784.0,126970.0,126970.0,126970.0,0.0,0.0,lock_stripping,32,3,0,10000000,sync_on,lock_stripping_p32_w3_i0_t10000000
10.52,1049.0196078431372,1049.0196078431372,1049.0196078431372,2850684.0,2850684.0,2850684.0,121425.0,121425.0,121425.0,0.0,0.0,lock_stripping,32,3,0,10000000,sync_on,lock_stripping_p32_w3_i0_t10000000
10.54,1166.6666666666667,1166.6666666666667,1166.6666666666667,2807024.0,2807024.0,2807024.0,125216.0,125216.0,125216.0,0.0,0.0,lock_stripping,32,3,0,10000000,sync_on,lock_stripping_p32_w3_i0_t10000000
10.55,1127.450980392157,1127.450980392157,1127.450980392157,2814628.0,2814628.0,2814628.0,124031.0,124031.0,124031.0,0.0,0.0,lock_stripping,32,3,0,10000000,sync_on,lock_stripping_p32_w3_i0_t10000000
10.57,1196.0784313725492,1196.0784313725492,1196.0784313725492,2812748.0,2812748.0,2812748.0,124257.0,124257.0,124257.0,0.0,0.0,lock_stripping,32,3,0,10000000,sync_on,lock_stripping_p32_w3_i0_t10000000
10.59,553.3980582524272,553.3980582524272,553.3980582524272,2845968.0,2845968.0,2845968.0,127006.0,127006.0,127006.0,0.0,0.0,lock_stripping,32,3,0,10000000,sync_on,lock_stripping_p32_w3_i0_t10000000
10.62,1245.0980392156864,1245.0980392156864,1245.0980392156864,2851392.0,2851392.0,2851392.0,123323.0,123323.0,123323.0,0.0,0.0,lock_stripping,32,3,0,10000000,sync_on,lock_stripping_p32_w3_i0_t10000000
10.64,1196.0784313725492,1196.0784313725492,1196.0784313725492,2807696.0,2807696.0,2807696.0,127120.0,127120.0,127120.0,0.0,0.0,lock_stripping,32,3,0,10000000,sync_on,lock_stripping_p32_w3_i0_t10000000
10.66,980.3921568627452,980.3921568627452,980.3921568627452,2814916.0,2814916.0,2814916.0,124080.0,124080.0,124080.0,0.0,0.0,lock_stripping,32,3,0,10000000,sync_on,lock_stripping_p32_w3_i0_t10000000
10.67,1362.7450980392157,1362.7450980392157,1362.7450980392157,2813292.0,2813292.0,2813292.0,124313.0,124313.0,124313.0,0.0,0.0,lock_stripping,32,3,0,10000000,sync_on,lock_stripping_p32_w3_i0_t10000000
10.69,786.4077669902913,786.4077669902913,786.4077669902913,2846108.0,2846108.0,2846108.0,127039.0,127039.0,127039.0,0.0,0.0,lock_stripping,32,3,0,10000000,sync_on,lock_stripping_p32_w3_i0_t10000000
10.72,990.1960784313726,990.1960784313726,990.1960784313726,2849992.0,2849992.0,2849992.0,121536.0,121536.0,121536.0,0.0,0.0,lock_stripping,32,3,0,10000000,sync_on,lock_stripping_p32_w3_i0_t10000000
10.74,1088.235294117647,1088.235294117647,1088.235294117647,2806488.0,2806488.0,2806488.0,125333.0,125333.0,125333.0,0.0,0.0,lock_stripping,32,3,0,10000000,sync_on,lock_stripping_p32_w3_i0_t10000000
10.76,980.3921568627452,980.3921568627452,980.3921568627452,2815176.0,2815176.0,2815176.0,124135.0,124135.0,124135.0,0.0,0.0,lock_stripping,32,3,0,10000000,sync_on,lock_stripping_p32_w3_i0_t10000000
10.77,1237.6237623762374,1237.6237623762374,1237.6237623762374,2813712.0,2813712.0,2813712.0,124381.0,124381.0,124381.0,0.0,0.0,lock_stripping,32,3,0,10000000,sync_on,lock_stripping_p32_w3_i0_t10000000
10.8,615.3846153846154,615.3846153846154,615.3846153846154,2846224.0,2846224.0,2846224.0,127069.0,127069.0,127069.0,0.0,0.0,lock_stripping,32,3,0,10000000,sync_on,lock_stripping_p32_w3_i0_t10000000
10.82,1245.0980392156864,1245.0980392156864,1245.0980392156864,2850784.0,2850784.0,2850784.0,121599.0,121599.0,121599.0,0.0,0.0,lock_stripping,32,3,0,10000000,sync_on,lock_stripping_p32_w3_i0_t10000000
10.85,1194.1747572815534,1194.1747572815534,1194.1747572815534,2807312.0,2807312.0,2807312.0,125393.0,125393.0,125393.0,0.0,0.0,lock_stripping,32,3,0,10000000,sync_on,lock_stripping_p32_w3_i0_t10000000
10.86,1049.0196078431372,1049.0196078431372,1049.0196078431372,2815400.0,2815400.0,2815400.0,124191.0,124191.0,124191.0,0.0,0.0,lock_stripping,32,3,0,10000000,sync_on,lock_stripping_p32_w3_i0_t10000000
10.88,1291.2621359223301,1291.2621359223301,1291.2621359223301,2814152.0,2814152.0,2814152.0,124438.0,124438.0,124438.0,0.0,0.0,lock_stripping,32,3,0,10000000,sync_on,lock_stripping_p32_w3_i0_t10000000
10.9,514.5631067961166,514.5631067961166,514.5631067961166,2846312.0,2846312.0,2846312.0,127099.0,127099.0,127099.0,0.0,0.0,lock_stripping,32,3,0,10000000,sync_on,lock_stripping_p32_w3_i0_t10000000
10.93,1411.764705882353,1411.764705882353,1411.764705882353,2851396.0,2851396.0,2851396.0,121660.0,121660.0,121660.0,0.0,0.0,lock_stripping,32,3,0,10000000,sync_on,lock_stripping_p32_w3_i0_t10000000
10.95,1330.097087378641,1330.097087378641,1330.097087378641,2807956.0,2807956.0,2807956.0,125455.0,125455.0,125455.0,0.0,0.0,lock_stripping,32,3,0,10000000,sync_on,lock_stripping_p32_w3_i0_t10000000
10.96,930.6930693069306,930.6930693069306,930.6930693069306,2815596.0,2815596.0,2815596.0,124240.0,124240.0,124240.0,0.0,0.0,lock_stripping,32,3,0,10000000,sync_on,lock_stripping_p32_w3_i0_t10000000
10.98,1186.2745098039215,1186.2745098039215,1186.2745098039215,2814512.0,2814512.0,2814512.0,124497.0,124497.0,124497.0,0.0,0.0,lock_stripping,32,3,0,10000000,sync_on,lock_stripping_p32_w3_i0_t10000000
11.01,326.92307692307696,326.92307692307696,326.92307692307696,2846440.0,2846440.0,2846440.0,127380.0,127380.0,127380.0,0.0,0.0,lock_stripping,32,3,0,10000000,sync_on,lock_stripping_p32_w3_i0_t10000000
11.03,1163.4615384615386,1163.4615384615386,1163.4615384615386,2852008.0,2852008.0,2852008.0,123565.0,123565.0,123565.0,0.0,0.0,lock_stripping,32,3,0,10000000,sync_on,lock_stripping_p32_w3_i0_t10000000
11.05,1223.3009708737866,1223.3009708737866,1223.3009708737866,2808336.0,2808336.0,2808336.0,125524.0,125524.0,125524.0,0.0,0.0,lock_stripping,32,3,0,10000000,sync_on,lock_stripping_p32_w3_i0_t10000000
11.06,894.2307692307693,894.2307692307693,894.2307692307693,2815820.0,2815820.0,2815820.0,124286.0,124286.0,124286.0,0.0,0.0,lock_stripping,32,3,0,10000000,sync_on,lock_stripping_p32_w3_i0_t10000000
11.08,1303.921568627451,1303.921568627451,1303.921568627451,2814908.0,2814908.0,2814908.0,124565.0,124565.0,124565.0,0.0,0.0,lock_stripping,32,3,0,10000000,sync_on,lock_stripping_p32_w3_i0_t10000000
11.11,271.84466019417476,271.84466019417476,271.84466019417476,2846496.0,2846496.0,2846496.0,127393.0,127393.0,127393.0,0.0,0.0,lock_stripping,32,3,0,10000000,sync_on,lock_stripping_p32_w3_i0_t10000000
11.13,1029.4117647058824,1029.4117647058824,1029.4117647058824,2851116.0,2851116.0,2851116.0,121777.0,121777.0,121777.0,0.0,0.0,lock_stripping,32,3,0,10000000,sync_on,lock_stripping_p32_w3_i0_t10000000
11.15,1362.7450980392157,1362.7450980392157,1362.7450980392157,2809160.0,2809160.0,2809160.0,122046.0,122046.0,122046.0,0.0,0.0,lock_stripping,32,3,0,10000000,sync_on,lock_stripping_p32_w3_i0_t10000000
11.17,980.5825242718447,980.5825242718447,980.5825242718447,2816096.0,2816096.0,2816096.0,124333.0,124333.0,124333.0,0.0,0.0,lock_stripping,32,3,0,10000000,sync_on,lock_stripping_p32_w3_i0_t10000000
11.18,1254.9019607843138,1254.9019607843138,1254.9019607843138,2815236.0,2815236.0,2815236.0,124634.0,124634.0,124634.0,0.0,0.0,lock_stripping,32,3,0,10000000,sync_on,lock_stripping_p32_w3_i0_t10000000
11.21,528.8461538461539,528.8461538461539,528.8461538461539,2846608.0,2846608.0,2846608.0,123390.0,123390.0,123390.0,0.0,0.0,lock_stripping,32,3,0,10000000,sync_on,lock_stripping_p32_w3_i0_t10000000
11.23,1274.5098039215686,1274.5098039215686,1274.5098039215686,2851760.0,2851760.0,2851760.0,121844.0,121844.0,121844.0,0.0,0.0,lock_stripping,32,3,0,10000000,sync_on,lock_stripping_p32_w3_i0_t10000000
11.26,1000.0000000000001,1000.0000000000001,1000.0000000000001,2809736.0,2809736.0,2809736.0,123716.0,123716.0,123716.0,0.0,0.0,lock_stripping,32,3,0,10000000,sync_on,lock_stripping_p32_w3_i0_t10000000
11.27,1168.3168316831682,1168.3168316831682,1168.3168316831682,2816320.0,2816320.0,2816320.0,124407.0,124407.0,124407.0,0.0,0.0,lock_stripping,32,3,0,10000000,sync_on,lock_stripping_p32_w3_i0_t10000000
11.28,1088.235294117647,1088.235294117647,1088.235294117647,2815580.0,2815580.0,2815580.0,124699.0,124699.0,124699.0,0.0,0.0,lock_stripping,32,3,0,10000000,sync_on,lock_stripping_p32_w3_i0_t10000000
11.31,737.8640776699029,737.8640776699029,737.8640776699029,2846796.0,2846796.0,2846796.0,123429.0,123429.0,123429.0,0.0,0.0,lock_stripping,32,3,0,10000000,sync_on,lock_stripping_p32_w3_i0_t10000000
11.34,1215.686274509804,1215.686274509804,1215.686274509804,2852288.0,2852288.0,2852288.0,121911.0,121911.0,121911.0,0.0,0.0,lock_stripping,32,3,0,10000000,sync_on,lock_stripping_p32_w3_i0_t10000000
11.36,1215.686274509804,1215.686274509804,1215.686274509804,2808520.0,2808520.0,2808520.0,121941.0,121941.0,121941.0,0.0,0.0,lock_stripping,32,3,0,10000000,sync_on,lock_stripping_p32_w3_i0_t10000000
11.37,1019.2307692307693,1019.2307692307693,1019.2307692307693,2816568.0,2816568.0,2816568.0,124461.0,124461.0,124461.0,0.0,0.0,lock_stripping,32,3,0,10000000,sync_on,lock_stripping_p32_w3_i0_t10000000
11.39,1413.4615384615386,1413.4615384615386,1413.4615384615386,2816268.0,2816268.0,2816268.0,125607.0,125607.0,125607.0,0.0,0.0,lock_stripping,32,3,0,10000000,sync_on,lock_stripping_p32_w3_i0_t10000000
11.42,759.6153846153846,759.6153846153846,759.6153846153846,2846936.0,2846936.0,2846936.0,123462.0,123462.0,123462.0,0.0,0.0,lock_stripping,32,3,0,10000000,sync_on,lock_stripping_p32_w3_i0_t10000000
11.44,1417.47572815534,1417.47572815534,1417.47572815534,2853024.0,2853024.0,2853024.0,121991.0,121991.0,121991.0,0.0,0.0,lock_stripping,32,3,0,10000000,sync_on,lock_stripping_p32_w3_i0_t10000000
11.46,1287.128712871287,1287.128712871287,1287.128712871287,2809204.0,2809204.0,2809204.0,122435.0,122435.0,122435.0,0.0,0.0,lock_stripping,32,3,0,10000000,sync_on,lock_stripping_p32_w3_i0_t10000000
11.47,1029.4117647058824,1029.4117647058824,1029.4117647058824,2816780.0,2816780.0,2816780.0,124513.0,124513.0,124513.0,0.0,0.0,lock_stripping,32,3,0,10000000,sync_on,lock_stripping_p32_w3_i0_t10000000
11.49,1089.108910891089,1089.108910891089,1089.108910891089,2814852.0,2814852.0,2814852.0,124810.0,124810.0,124810.0,0.0,0.0,lock_stripping,32,3,0,10000000,sync_on,lock_stripping_p32_w3_i0_t10000000
11.52,596.1538461538462,596.1538461538462,596.1538461538462,2847028.0,2847028.0,2847028.0,123502.0,123502.0,123502.0,0.0,0.0,lock_stripping,32,3,0,10000000,sync_on,lock_stripping_p32_w3_i0_t10000000
11.54,1205.8823529411766,1205.8823529411766,1205.8823529411766,2853488.0,2853488.0,2853488.0,122059.0,122059.0,122059.0,0.0,0.0,lock_stripping,32,3,0,10000000,sync_on,lock_stripping_p32_w3_i0_t10000000
11.56,855.7692307692308,855.7692307692308,855.7692307692308,2809732.0,2809732.0,2809732.0,122051.0,122051.0,122051.0,0.0,0.0,lock_stripping,32,3,0,10000000,sync_on,lock_stripping_p32_w3_i0_t10000000
11.58,1049.0196078431372,1049.0196078431372,1049.0196078431372,2817080.0,2817080.0,2817080.0,124565.0,124565.0,124565.0,0.0,0.0,lock_stripping,32,3,0,10000000,sync_on,lock_stripping_p32_w3_i0_t10000000
11.59,1077.6699029126214,1077.6699029126214,1077.6699029126214,2815640.0,2815640.0,2815640.0,126397.0,126397.0,126397.0,0.0,0.0,lock_stripping,32,3,0,10000000,sync_on,lock_stripping_p32_w3_i0_t10000000
11.63,844.6601941747573,844.6601941747573,844.6601941747573,2847256.0,2847256.0,2847256.0,123543.0,123543.0,123543.0,0.0,0.0,lock_stripping,32,3,0,10000000,sync_on,lock_stripping_p32_w3_i0_t10000000
11.64,1254.9019607843138,1254.9019607843138,1254.9019607843138,2854360.0,2854360.0,2854360.0,123962.0,123962.0,123962.0,0.0,0.0,lock_stripping,32,3,0,10000000,sync_on,lock_stripping_p32_w3_i0_t10000000
11.66,1097.0873786407767,1097.0873786407767,1097.0873786407767,2808516.0,2808516.0,2808516.0,122105.0,122105.0,122105.0,0.0,0.0,lock_stripping,32,3,0,10000000,sync_on,lock_stripping_p32_w3_i0_t10000000
11.68,1078.4313725490197,1078.4313725490197,1078.4313725490197,2817384.0,2817384.0,2817384.0,124628.0,124628.0,124628.0,0.0,0.0,lock_stripping,32,3,0,10000000,sync_on,lock_stripping_p32_w3_i0_t10000000
11.69,696.0784313725491,696.0784313725491,696.0784313725491,2814016.0,2814016.0,2814016.0,124909.0,124909.0,124909.0,0.0,0.0,lock_stripping,32,3,0,10000000,sync_on,lock_stripping_p32_w3_i0_t10000000
11.73,601.9417475728155,601.9417475728155,601.9417475728155,2847456.0,2847456.0,2847456.0,123574.0,123574.0,123574.0,0.0,0.0,lock_stripping,32,3,0,10000000,sync_on,lock_stripping_p32_w3_i0_t10000000
11.74,892.1568627450981,892.1568627450981,892.1568627450981,2853388.0,2853388.0,2853388.0,122159.0,122159.0,122159.0,0.0,0.0,lock_stripping,32,3,0,10000000,sync_on,lock_stripping_p32_w3_i0_t10000000
11.77,1398.0582524271845,1398.0582524271845,1398.0582524271845,2809416.0,2809416.0,2809416.0,122955.0,122955.0,122955.0,0.0,0.0,lock_stripping,32,3,0,10000000,sync_on,lock_stripping_p32_w3_i0_t10000000
11.78,931.372549019608,931.372549019608,931.372549019608,2817756.0,2817756.0,2817756.0,125189.0,125189.0,125189.0,0.0,0.0,lock_stripping,32,3,0,10000000,sync_on,lock_stripping_p32_w3_i0_t10000000
11.79,386.1386138613861,386.1386138613861,386.1386138613861,2814196.0,2814196.0,2814196.0,125198.0,125198.0,125198.0,0.0,0.0,lock_stripping,32,3,0,10000000,sync_on,lock_stripping_p32_w3_i0_t10000000
11.83,663.4615384615385,663.4615384615385,663.4615384615385,2847540.0,2847540.0,2847540.0,123617.0,123617.0,123617.0,0.0,0.0,lock_stripping,32,3,0,10000000,sync_on,lock_stripping_p32_w3_i0_t10000000
11.85,1186.2745098039215,1186.2745098039215,1186.2745098039215,2854368.0,2854368.0,2854368.0,122224.0,122224.0,122224.0,0.0,0.0,lock_stripping,32,3,0,10000000,sync_on,lock_stripping_p32_w3_i0_t10000000
11.87,1088.235294117647,1088.235294117647,1088.235294117647,2808560.0,2808560.0,2808560.0,122229.0,122229.0,122229.0,0.0,0.0,lock_stripping,32,3,0,10000000,sync_on,lock_stripping_p32_w3_i0_t10000000
11.88,901.9607843137255,901.9607843137255,901.9607843137255,2818168.0,2818168.0,2818168.0,126561.0,126561.0,126561.0,0.0,0.0,lock_stripping,32,3,0,10000000,sync_on,lock_stripping_p32_w3_i0_t10000000
11.9,826.9230769230769,826.9230769230769,826.9230769230769,2814640.0,2814640.0,2814640.0,121194.0,121194.0,121194.0,0.0,0.0,lock_stripping,32,3,0,10000000,sync_on,lock_stripping_p32_w3_i0_t10000000
11.94,689.3203883495146,689.3203883495146,689.3203883495146,2847656.0,2847656.0,2847656.0,123650.0,123650.0,123650.0,0.0,0.0,lock_stripping,32,3,0,10000000,sync_on,lock_stripping_p32_w3_i0_t10000000
11.95,1278.8461538461538,1278.8461538461538,1278.8461538461538,2855184.0,2855184.0,2855184.0,122294.0,122294.0,122294.0,0.0,0.0,lock_stripping,32,3,0,10000000,sync_on,lock_stripping_p32_w3_i0_t10000000
11.97,1215.686274509804,1215.686274509804,1215.686274509804,2809280.0,2809280.0,2809280.0,122291.0,122291.0,122291.0,0.0,0.0,lock_stripping,32,3,0,10000000,sync_on,lock_stripping_p32_w3_i0_t10000000
11.99,932.0388349514564,932.0388349514564,932.0388349514564,2816796.0,2816796.0,2816796.0,126611.0,126611.0,126611.0,0.0,0.0,lock_stripping,32,3,0,10000000,sync_on,lock_stripping_p32_w3_i0_t10000000
12.0,776.6990291262136,776.6990291262136,776.6990291262136,2814848.0,2814848.0,2814848.0,121239.0,121239.0,121239.0,0.0,0.0,lock_stripping,32,3,0,10000000,sync_on,lock_stripping_p32_w3_i0_t10000000
12.04,490.3846153846154,490.3846153846154,490.3846153846154,2847744.0,2847744.0,2847744.0,123675.0,123675.0,123675.0,0.0,0.0,lock_stripping,32,3,0,10000000,sync_on,lock_stripping_p32_w3_i0_t10000000
12.05,1257.4257425742574,1257.4257425742574,1257.4257425742574,2856028.0,2856028.0,2856028.0,124207.0,124207.0,124207.0,0.0,0.0,lock_stripping,32,3,0,10000000,sync_on,lock_stripping_p32_w3_i0_t10000000
12.07,1245.0980392156864,1245.0980392156864,1245.0980392156864,2810084.0,2810084.0,2810084.0,122368.0,122368.0,122368.0,0.0,0.0,lock_stripping,32,3,0,10000000,sync_on,lock_stripping_p32_w3_i0_t10000000
12.09,941.1764705882354,941.1764705882354,941.1764705882354,2815504.0,2815504.0,2815504.0,124812.0,124812.0,124812.0,0.0,0.0,lock_stripping,32,3,0,10000000,sync_on,lock_stripping_p32_w3_i0_t10000000
12.11,653.8461538461539,653.8461538461539,653.8461538461539,2815016.0,2815016.0,2815016.0,121276.0,121276.0,121276.0,0.0,0.0,lock_stripping,32,3,0,10000000,sync_on,lock_stripping_p32_w3_i0_t10000000
12.14,553.3980582524272,553.3980582524272,553.3980582524272,2847860.0,2847860.0,2847860.0,123699.0,123699.0,123699.0,0.0,0.0,lock_stripping,32,3,0,10000000,sync_on,lock_stripping_p32_w3_i0_t10000000
12.15,1068.6274509803923,1068.6274509803923,1068.6274509803923,2854992.0,2854992.0,2854992.0,122409.0,122409.0,122409.0,0.0,0.0,lock_stripping,32,3,0,10000000,sync_on,lock_stripping_p32_w3_i0_t10000000
12.18,1446.601941747573,1446.601941747573,1446.601941747573,2810920.0,2810920.0,2810920.0,122429.0,122429.0,122429.0,0.0,0.0,lock_stripping,32,3,0,10000000,sync_on,lock_stripping_p32_w3_i0_t10000000
12.19,1038.8349514563108,1038.8349514563108,1038.8349514563108,2815832.0,2815832.0,2815832.0,124863.0,124863.0,124863.0,0.0,0.0,lock_stripping,32,3,0,10000000,sync_on,lock_stripping_p32_w3_i0_t10000000
12.21,970.873786407767,970.873786407767,970.873786407767,2815244.0,2815244.0,2815244.0,121326.0,121326.0,121326.0,0.0,0.0,lock_stripping,32,3,0,10000000,sync_on,lock_stripping_p32_w3_i0_t10000000
12.25,740.3846153846155,740.3846153846155,740.3846153846155,2848056.0,2848056.0,2848056.0,123736.0,123736.0,123736.0,0.0,0.0,lock_stripping,32,3,0,10000000,sync_on,lock_stripping_p32_w3_i0_t10000000
12.26,1333.3333333333335,1333.3333333333335,1333.3333333333335,2855668.0,2855668.0,2855668.0,122476.0,122476.0,122476.0,0.0,0.0,lock_stripping,32,3,0,10000000,sync_on,lock_stripping_p32_w3_i0_t10000000
12.28,1245.0980392156864,1245.0980392156864,1245.0980392156864,2811600.0,2811600.0,2811600.0,122497.0,122497.0,122497.0,0.0,0.0,lock_stripping,32,3,0,10000000,sync_on,lock_stripping_p32_w3_i0_t10000000
12.29,1215.686274509804,1215.686274509804,1215.686274509804,2816576.0,2816576.0,2816576.0,125641.0,125641.0,125641.0,0.0,0.0,lock_stripping,32,3,0,10000000,sync_on,lock_stripping_p32_w3_i0_t10000000
12.31,826.9230769230769,826.9230769230769,826.9230769230769,2815668.0,2815668.0,2815668.0,121375.0,121375.0,121375.0,0.0,0.0,lock_stripping,32,3,0,10000000,sync_on,lock_stripping_p32_w3_i0_t10000000
12.35,480.7692307692308,480.7692307692308,480.7692307692308,2848132.0,2848132.0,2848132.0,123759.0,123759.0,123759.0,0.0,0.0,lock_stripping,32,3,0,10000000,sync_on,lock_stripping_p32_w3_i0_t10000000
12.36,1446.601941747573,1446.601941747573,1446.601941747573,2856444.0,2856444.0,2856444.0,122560.0,122560.0,122560.0,0.0,0.0,lock_stripping,32,3,0,10000000,sync_on,lock_stripping_p32_w3_i0_t10000000
12.38,1349.5145631067962,1349.5145631067962,1349.5145631067962,2811960.0,2811960.0,2811960.0,123008.0,123008.0,123008.0,0.0,0.0,lock_stripping,32,3,0,10000000,sync_on,lock_stripping_p32_w3_i0_t10000000
12.4,942.3076923076924,942.3076923076924,942.3076923076924,2815304.0,2815304.0,2815304.0,124966.0,124966.0,124966.0,0.0,0.0,lock_stripping,32,3,0,10000000,sync_on,lock_stripping_p32_w3_i0_t10000000
12.41,766.990291262136,766.990291262136,766.990291262136,2816000.0,2816000.0,2816000.0,121412.0,121412.0,121412.0,0.0,0.0,lock_stripping,32,3,0,10000000,sync_on,lock_stripping_p32_w3_i0_t10000000
12.45,475.7281553398058,475.7281553398058,475.7281553398058,2848232.0,2848232.0,2848232.0,123786.0,123786.0,123786.0,0.0,0.0,lock_stripping,32,3,0,10000000,sync_on,lock_stripping_p32_w3_i0_t10000000
12.46,1247.5247524752474,1247.5247524752474,1247.5247524752474,2857376.0,2857376.0,2857376.0,118846.0,118846.0,118846.0,0.0,0.0,lock_stripping,32,3,0,10000000,sync_on,lock_stripping_p32_w3_i0_t10000000
12.48,1058.8235294117649,1058.8235294117649,1058.8235294117649,2812776.0,2812776.0,2812776.0,124473.0,124473.0,124473.0,0.0,0.0,lock_stripping,32,3,0,10000000,sync_on,lock_stripping_p32_w3_i0_t10000000
12.5,1029.4117647058824,1029.4117647058824,1029.4117647058824,2815744.0,2815744.0,2815744.0,125022.0,125022.0,125022.0,0.0,0.0,lock_stripping,32,3,0,10000000,sync_on,lock_stripping_p32_w3_i0_t10000000
12.52,913.4615384615385,913.4615384615385,913.4615384615385,2816644.0,2816644.0,2816644.0,121469.0,121469.0,121469.0,0.0,0.0,lock_stripping,32,3,0,10000000,sync_on,lock_stripping_p32_w3_i0_t10000000
12.56,985.5769230769231,798.0769230769231,1173.076923076923,2853112.0,2848448.0,2857776.0,121368.0,118907.0,123829.0,0.0,0.0,lock_stripping,32,3,0,10000000,sync_on,lock_stripping_p32_w3_i0_t10000000
12.59,1509.8039215686276,1509.8039215686276,1509.8039215686276,2811724.0,2811724.0,2811724.0,122719.0,122719.0,122719.0,0.0,0.0,lock_stripping,32,3,0,10000000,sync_on,lock_stripping_p32_w3_i0_t10000000
12.6,1058.2524271844661,1058.2524271844661,1058.2524271844661,2816244.0,2816244.0,2816244.0,125081.0,125081.0,125081.0,0.0,0.0,lock_stripping,32,3,0,10000000,sync_on,lock_stripping_p32_w3_i0_t10000000
12.62,971.1538461538462,971.1538461538462,971.1538461538462,2817056.0,2817056.0,2817056.0,122064.0,122064.0,122064.0,0.0,0.0,lock_stripping,32,3,0,10000000,sync_on,lock_stripping_p32_w3_i0_t10000000
12.66,1066.8557146976834,747.5728155339806,1386.1386138613861,2853578.0,2848612.0,2858544.0,121420.0,118977.0,123863.0,0.0,0.0,lock_stripping,32,3,0,10000000,sync_on,lock_stripping_p32_w3_i0_t10000000
12.69,1313.7254901960785,1313.7254901960785,1313.7254901960785,2812632.0,2812632.0,2812632.0,118997.0,118997.0,118997.0,0.0,0.0,lock_stripping,32,3,0,10000000,sync_on,lock_stripping_p32_w3_i0_t10000000
12.71,1067.9611650485438,1067.9611650485438,1067.9611650485438,2816916.0,2816916.0,2816916.0,125143.0,125143.0,125143.0,0.0,0.0,lock_stripping,32,3,0,10000000,sync_on,lock_stripping_p32_w3_i0_t10000000
12.73,611.6504854368933,611.6504854368933,611.6504854368933,2817392.0,2817392.0,2817392.0,123402.0,123402.0,123402.0,0.0,0.0,lock_stripping,32,3,0,10000000,sync_on,lock_stripping_p32_w3_i0_t10000000
12.77,1037.9901960784314,625.0,1450.9803921568628,2854032.0,2848716.0,2859348.0,121472.5,119042.0,123903.0,0.0,0.0,lock_stripping,32,3,0,10000000,sync_on,lock_stripping_p32_w3_i0_t10000000
12.79,1303.921568627451,1303.921568627451,1303.921568627451,2813340.0,2813340.0,2813340.0,119053.0,119053.0,119053.0,0.0,0.0,lock_stripping,32,3,0,10000000,sync_on,lock_stripping_p32_w3_i0_t10000000
12.81,892.1568627450981,892.1568627450981,892.1568627450981,2817312.0,2817312.0,2817312.0,121415.0,121415.0,121415.0,0.0,0.0,lock_stripping,32,3,0,10000000,sync_on,lock_stripping_p32_w3_i0_t10000000
12.83,875.0,875.0,875.0,2816068.0,2816068.0,2816068.0,122092.0,122092.0,122092.0,0.0,0.0,lock_stripping,32,3,0,10000000,sync_on,lock_stripping_p32_w3_i0_t10000000
12.87,1048.3401281304602,861.3861386138614,1235.294117647059,2854388.0,2848976.0,2859800.0,121594.5,119242.0,123947.0,0.0,0.0,lock_stripping,32,3,0,10000000,sync_on,lock_stripping_p32_w3_i0_t10000000
12.89,1264.7058823529412,1264.7058823529412,1264.7058823529412,2813800.0,2813800.0,2813800.0,119122.0,119122.0,119122.0,0.0,0.0,lock_stripping,32,3,0,10000000,sync_on,lock_stripping_p32_w3_i0_t10000000
12.91,1047.6190476190477,1047.6190476190477,1047.6190476190477,2817796.0,2817796.0,2817796.0,121757.0,121757.0,121757.0,0.0,0.0,lock_stripping,32,3,0,10000000,sync_on,lock_stripping_p32_w3_i0_t10000000
12.93,689.3203883495146,689.3203883495146,689.3203883495146,2816608.0,2816608.0,2816608.0,123497.0,123497.0,123497.0,0.0,0.0,lock_stripping,32,3,0,10000000,sync_on,lock_stripping_p32_w3_i0_t10000000
12.97,981.5819531696175,757.2815533980583,1205.8823529411766,2854620.0,2849180.0,2860060.0,122501.5,121014.0,123989.0,0.0,0.0,lock_stripping,32,3,0,10000000,sync_on,lock_stripping_p32_w3_i0_t10000000
12.99,1323.5294117647059,1323.5294117647059,1323.5294117647059,2814268.0,2814268.0,2814268.0,119184.0,119184.0,119184.0,0.0,0.0,lock_stripping,32,3,0,10000000,sync_on,lock_stripping_p32_w3_i0_t10000000
13.01,910.8910891089108,910.8910891089108,910.8910891089108,2818236.0,2818236.0,2818236.0,123360.0,123360.0,123360.0,0.0,0.0,lock_stripping,32,3,0,10000000,sync_on,lock_stripping_p32_w3_i0_t10000000
13.04,1019.2307692307693,1019.2307692307693,1019.2307692307693,2815640.0,2815640.0,2815640.0,122864.0,122864.0,122864.0,0.0,0.0,lock_stripping,32,3,0,10000000,sync_on,lock_stripping_p32_w3_i0_t10000000
13.07,882.8382838283828,666.6666666666667,1099.009900990099,2854168.0,2849408.0,2858928.0,121619.0,119215.0,124023.0,0.0,0.0,lock_stripping,32,3,0,10000000,sync_on,lock_stripping_p32_w3_i0_t10000000
13.1,1188.118811881188,1188.118811881188,1188.118811881188,2814816.0,2814816.0,2814816.0,119245.0,119245.0,119245.0,0.0,0.0,lock_stripping,32,3,0,10000000,sync_on,lock_stripping_p32_w3_i0_t10000000
13.12,1076.923076923077,1076.923076923077,1076.923076923077,2816956.0,2816956.0,2816956.0,122022.0,122022.0,122022.0,0.0,0.0,lock_stripping,32,3,0,10000000,sync_on,lock_stripping_p32_w3_i0_t10000000
13.14,873.7864077669904,873.7864077669904,873.7864077669904,2814620.0,2814620.0,2814620.0,121743.0,121743.0,121743.0,0.0,0.0,lock_stripping,32,3,0,10000000,sync_on,lock_stripping_p32_w3_i0_t10000000
13.17,1035.3607462402438,786.4077669902913,1284.3137254901962,2854536.0,2849604.0,2859468.0,121672.5,119281.0,124064.0,0.0,0.0,lock_stripping,32,3,0,10000000,sync_on,lock_stripping_p32_w3_i0_t10000000
13.2,1163.4615384615386,1163.4615384615386,1163.4615384615386,2815468.0,2815468.0,2815468.0,119303.0,119303.0,119303.0,0.0,0.0,lock_stripping,32,3,0,10000000,sync_on,lock_stripping_p32_w3_i0_t10000000
13.22,851.4851485148514,851.4851485148514,851.4851485148514,2817424.0,2817424.0,2817424.0,123456.0,123456.0,123456.0,0.0,0.0,lock_stripping,32,3,0,10000000,sync_on,lock_stripping_p32_w3_i0_t10000000
13.24,836.5384615384615,836.5384615384615,836.5384615384615,2815024.0,2815024.0,2815024.0,122691.0,122691.0,122691.0,0.0,0.0,lock_stripping,32,3,0,10000000,sync_on,lock_stripping_p32_w3_i0_t10000000
13.28,851.7156862745098,625.0,1078.4313725490197,2854880.0,2849760.0,2860000.0,121713.5,119337.0,124090.0,0.0,0.0,lock_stripping,32,3,0,10000000,sync_on,lock_stripping_p32_w3_i0_t10000000
13.3,1205.8823529411766,1205.8823529411766,1205.8823529411766,2815812.0,2815812.0,2815812.0,119363.0,119363.0,119363.0,0.0,0.0,lock_stripping,32,3,0,10000000,sync_on,lock_stripping_p32_w3_i0_t10000000
13.32,1078.4313725490197,1078.4313725490197,1078.4313725490197,2816384.0,2816384.0,2816384.0,121658.0,121658.0,121658.0,0.0,0.0,lock_stripping,32,3,0,10000000,sync_on,lock_stripping_p32_w3_i0_t10000000
13.35,752.4752475247524,752.4752475247524,752.4752475247524,2815460.0,2815460.0,2815460.0,123665.0,123665.0,123665.0,0.0,0.0,lock_stripping,32,3,0,10000000,sync_on,lock_stripping_p32_w3_i0_t10000000
13.38,845.7072149248049,475.7281553398058,1215.686274509804,2855160.0,2849860.0,2860460.0,121759.0,119398.0,124120.0,0.0,0.0,lock_stripping,32,3,0,10000000,sync_on,lock_stripping_p32_w3_i0_t10000000
13.4,1215.686274509804,1215.686274509804,1215.686274509804,2816448.0,2816448.0,2816448.0,119434.0,119434.0,119434.0,0.0,0.0,lock_stripping,32,3,0,10000000,sync_on,lock_stripping_p32_w3_i0_t10000000
13.42,1106.7961165048544,1106.7961165048544,1106.7961165048544,2817000.0,2817000.0,2817000.0,122847.0,122847.0,122847.0,0.0,0.0,lock_stripping,32,3,0,10000000,sync_on,lock_stripping_p32_w3_i0_t10000000
13.45,57.69230769230769,57.69230769230769,57.69230769230769,2815468.0,2815468.0,2815468.0,123668.0,123668.0,123668.0,0.0,0.0,lock_stripping,32,3,0,10000000,sync_on,lock_stripping_p32_w3_i0_t10000000
13.48,900.6410256410256,634.6153846153846,1166.6666666666667,2855386.0,2850004.0,2860768.0,121809.5,119464.0,124155.0,0.0,0.0,lock_stripping,32,3,0,10000000,sync_on,lock_stripping_p32_w3_i0_t10000000
13.51,1135.9223300970875,1135.9223300970875,1135.9223300970875,2816936.0,2816936.0,2816936.0,119494.0,119494.0,119494.0,0.0,0.0,lock_stripping,32,3,0,10000000,sync_on,lock_stripping_p32_w3_i0_t10000000
13.53,894.2307692307693,894.2307692307693,894.2307692307693,2816016.0,2816016.0,2816016.0,121764.0,121764.0,121764.0,0.0,0.0,lock_stripping,32,3,0,10000000,sync_on,lock_stripping_p32_w3_i0_t10000000
13.55,9.708737864077671,9.708737864077671,9.708737864077671,2815472.0,2815472.0,2815472.0,123668.0,123668.0,123668.0,0.0,0.0,lock_stripping,32,3,0,10000000,sync_on,lock_stripping_p32_w3_i0_t10000000
13.58,1294.1176470588236,1294.1176470588236,1294.1176470588236,2861084.0,2861084.0,2861084.0,119530.0,119530.0,119530.0,0.0,0.0,lock_stripping,32,3,0,10000000,sync_on,lock_stripping_p32_w3_i0_t10000000
13.59,669.9029126213593,669.9029126213593,669.9029126213593,2850128.0,2850128.0,2850128.0,124189.0,124189.0,124189.0,0.0,0.0,lock_stripping,32,3,0,10000000,sync_on,lock_stripping_p32_w3_i0_t10000000
13.61,1147.058823529412,1147.058823529412,1147.058823529412,2817312.0,2817312.0,2817312.0,119553.0,119553.0,119553.0,0.0,0.0,lock_stripping,32,3,0,10000000,sync_on,lock_stripping_p32_w3_i0_t10000000
13.63,1098.0392156862745,1098.0392156862745,1098.0392156862745,2816756.0,2816756.0,2816756.0,121818.0,121818.0,121818.0,0.0,0.0,lock_stripping,32,3,0,10000000,sync_on,lock_stripping_p32_w3_i0_t10000000
13.65,252.42718446601944,252.42718446601944,252.42718446601944,2815808.0,2815808.0,2815808.0,123686.0,123686.0,123686.0,0.0,0.0,lock_stripping,32,3,0,10000000,sync_on,lock_stripping_p32_w3_i0_t10000000
13.68,1039.2156862745098,1039.2156862745098,1039.2156862745098,2861532.0,2861532.0,2861532.0,119590.0,119590.0,119590.0,0.0,0.0,lock_stripping,32,3,0,10000000,sync_on,lock_stripping_p32_w3_i0_t10000000
13.69,519.2307692307693,519.2307692307693,519.2307692307693,2850236.0,2850236.0,2850236.0,124215.0,124215.0,124215.0,0.0,0.0,lock_stripping,32,3,0,10000000,sync_on,lock_stripping_p32_w3_i0_t10000000
13.71,1198.019801980198,1198.019801980198,1198.019801980198,2817716.0,2817716.0,2817716.0,119620.0,119620.0,119620.0,0.0,0.0,lock_stripping,32,3,0,10000000,sync_on,lock_stripping_p32_w3_i0_t10000000
13.73,980.3921568627452,980.3921568627452,980.3921568627452,2817140.0,2817140.0,2817140.0,121873.0,121873.0,121873.0,0.0,0.0,lock_stripping,32,3,0,10000000,sync_on,lock_stripping_p32_w3_i0_t10000000
13.76,875.0,875.0,875.0,2814364.0,2814364.0,2814364.0,121887.0,121887.0,121887.0,0.0,0.0,lock_stripping,32,3,0,10000000,sync_on,lock_stripping_p32_w3_i0_t10000000
13.79,888.3495145631068,621.3592233009709,1155.3398058252428,2856286.0,2850392.0,2862180.0,121955.5,119659.0,124252.0,0.0,0.0,lock_stripping,32,3,0,10000000,sync_on,lock_stripping_p32_w3_i0_t10000000
13.81,1127.450980392157,1127.450980392157,1127.450980392157,2818076.0,2818076.0,2818076.0,119692.0,119692.0,119692.0,0.0,0.0,lock_stripping,32,3,0,10000000,sync_on,lock_stripping_p32_w3_i0_t10000000
13.83,960.3960396039604,960.3960396039604,960.3960396039604,2817600.0,2817600.0,2817600.0,121925.0,121925.0,121925.0,0.0,0.0,lock_stripping,32,3,0,10000000,sync_on,lock_stripping_p32_w3_i0_t10000000
13.86,1039.2156862745098,1039.2156862745098,1039.2156862745098,2815032.0,2815032.0,2815032.0,121935.0,121935.0,121935.0,0.0,0.0,lock_stripping,32,3,0,10000000,sync_on,lock_stripping_p32_w3_i0_t10000000
13.89,1333.3333333333335,1333.3333333333335,1333.3333333333335,2862716.0,2862716.0,2862716.0,119723.0,119723.0,119723.0,0.0,0.0,lock_stripping,32,3,0,10000000,sync_on,lock_stripping_p32_w3_i0_t10000000
13.9,538.4615384615385,538.4615384615385,538.4615384615385,2850572.0,2850572.0,2850572.0,124279.0,124279.0,124279.0,0.0,0.0,lock_stripping,32,3,0,10000000,sync_on,lock_stripping_p32_w3_i0_t10000000
13.91,1574.2574257425742,1574.2574257425742,1574.2574257425742,2818692.0,2818692.0,2818692.0,119765.0,119765.0,119765.0,0.0,0.0,lock_stripping,32,3,0,10000000,sync_on,lock_stripping_p32_w3_i0_t10000000
13.93,970.5882352941177,970.5882352941177,970.5882352941177,2817904.0,2817904.0,2817904.0,121983.0,121983.0,121983.0,0.0,0.0,lock_stripping,32,3,0,10000000,sync_on,lock_stripping_p32_w3_i0_t10000000
13.96,873.7864077669904,873.7864077669904,873.7864077669904,2815576.0,2815576.0,2815576.0,121976.0,121976.0,121976.0,0.0,0.0,lock_stripping,32,3,0,10000000,sync_on,lock_stripping_p32_w3_i0_t10000000
13.99,1323.5294117647059,1323.5294117647059,1323.5294117647059,2863568.0,2863568.0,2863568.0,119799.0,119799.0,119799.0,0.0,0.0,lock_stripping,32,3,0,10000000,sync_on,lock_stripping_p32_w3_i0_t10000000
14.0,592.2330097087379,592.2330097087379,592.2330097087379,2850696.0,2850696.0,2850696.0,124304.0,124304.0,124304.0,0.0,0.0,lock_stripping,32,3,0,10000000,sync_on,lock_stripping_p32_w3_i0_t10000000
14.01,1166.6666666666667,1166.6666666666667,1166.6666666666667,2819060.0,2819060.0,2819060.0,119829.0,119829.0,119829.0,0.0,0.0,lock_stripping,32,3,0,10000000,sync_on,lock_stripping_p32_w3_i0_t10000000
14.04,1098.0392156862745,1098.0392156862745,1098.0392156862745,2818484.0,2818484.0,2818484.0,122042.0,122042.0,122042.0,0.0,0.0,lock_stripping,32,3,0,10000000,sync_on,lock_stripping_p32_w3_i0_t10000000
14.07,750.0,750.0,750.0,2815892.0,2815892.0,2815892.0,122013.0,122013.0,122013.0,0.0,0.0,lock_stripping,32,3,0,10000000,sync_on,lock_stripping_p32_w3_i0_t10000000
14.09,1284.3137254901962,1284.3137254901962,1284.3137254901962,2863928.0,2863928.0,2863928.0,119872.0,119872.0,119872.0,0.0,0.0,lock_stripping,32,3,0,10000000,sync_on,lock_stripping_p32_w3_i0_t10000000
14.11,759.6153846153846,759.6153846153846,759.6153846153846,2851004.0,2851004.0,2851004.0,124357.0,124357.0,124357.0,0.0,0.0,lock_stripping,32,3,0,10000000,sync_on,lock_stripping_p32_w3_i0_t10000000
14.12,1156.8627450980393,1156.8627450980393,1156.8627450980393,2819356.0,2819356.0,2819356.0,119902.0,119902.0,119902.0,0.0,0.0,lock_stripping,32,3,0,10000000,sync_on,lock_stripping_p32_w3_i0_t10000000
14.14,1108.9108910891089,1108.9108910891089,1108.9108910891089,2819296.0,2819296.0,2819296.0,123943.0,123943.0,123943.0,0.0,0.0,lock_stripping,32,3,0,10000000,sync_on,lock_stripping_p32_w3_i0_t10000000
14.17,796.1165048543689,796.1165048543689,796.1165048543689,2816212.0,2816212.0,2816212.0,122051.0,122051.0,122051.0,0.0,0.0,lock_stripping,32,3,0,10000000,sync_on,lock_stripping_p32_w3_i0_t10000000
14.19,1158.4158415841584,1158.4158415841584,1158.4158415841584,2864272.0,2864272.0,2864272.0,120717.0,120717.0,120717.0,0.0,0.0,lock_stripping,32,3,0,10000000,sync_on,lock_stripping_p32_w3_i0_t10000000
14.21,764.7058823529412,764.7058823529412,764.7058823529412,2851164.0,2851164.0,2851164.0,124399.0,124399.0,124399.0,0.0,0.0,lock_stripping,32,3,0,10000000,sync_on,lock_stripping_p32_w3_i0_t10000000
14.22,1127.450980392157,1127.450980392157,1127.450980392157,2819736.0,2819736.0,2819736.0,116192.0,116192.0,116192.0,0.0,0.0,lock_stripping,32,3,0,10000000,sync_on,lock_stripping_p32_w3_i0_t10000000
14.24,1039.2156862745098,1039.2156862745098,1039.2156862745098,2818180.0,2818180.0,2818180.0,122145.0,122145.0,122145.0,0.0,0.0,lock_stripping,32,3,0,10000000,sync_on,lock_stripping_p32_w3_i0_t10000000
14.28,1096.1538461538462,1096.1538461538462,1096.1538461538462,2817172.0,2817172.0,2817172.0,123234.0,123234.0,123234.0,0.0,0.0,lock_stripping,32,3,0,10000000,sync_on,lock_stripping_p32_w3_i0_t10000000
14.3,1166.6666666666667,1166.6666666666667,1166.6666666666667,2862788.0,2862788.0,2862788.0,119981.0,119981.0,119981.0,0.0,0.0,lock_stripping,32,3,0,10000000,sync_on,lock_stripping_p32_w3_i0_t10000000
14.31,826.9230769230769,826.9230769230769,826.9230769230769,2851496.0,2851496.0,2851496.0,125274.0,125274.0,125274.0,0.0,0.0,lock_stripping,32,3,0,10000000,sync_on,lock_stripping_p32_w3_i0_t10000000
14.32,1339.8058252427186,1339.8058252427186,1339.8058252427186,2820152.0,2820152.0,2820152.0,116258.0,116258.0,116258.0,0.0,0.0,lock_stripping,32,3,0,10000000,sync_on,lock_stripping_p32_w3_i0_t10000000
14.34,1068.6274509803923,1068.6274509803923,1068.6274509803923,2819140.0,2819140.0,2819140.0,122199.0,122199.0,122199.0,0.0,0.0,lock_stripping,32,3,0,10000000,sync_on,lock_stripping_p32_w3_i0_t10000000
14.38,803.921568627451,803.921568627451,803.921568627451,2816016.0,2816016.0,2816016.0,122705.0,122705.0,122705.0,0.0,0.0,lock_stripping,32,3,0,10000000,sync_on,lock_stripping_p32_w3_i0_t10000000
14.4,1186.2745098039215,1186.2745098039215,1186.2745098039215,2863320.0,2863320.0,2863320.0,120038.0,120038.0,120038.0,0.0,0.0,lock_stripping,32,3,0,10000000,sync_on,lock_stripping_p32_w3_i0_t10000000
14.41,640.7766990291262,640.7766990291262,640.7766990291262,2850028.0,2850028.0,2850028.0,124469.0,124469.0,124469.0,0.0,0.0,lock_stripping,32,3,0,10000000,sync_on,lock_stripping_p32_w3_i0_t10000000
14.42,1176.4705882352941,1176.4705882352941,1176.4705882352941,2820488.0,2820488.0,2820488.0,116315.0,116315.0,116315.0,0.0,0.0,lock_stripping,32,3,0,10000000,sync_on,lock_stripping_p32_w3_i0_t10000000
14.44,1117.6470588235295,1117.6470588235295,1117.6470588235295,2819716.0,2819716.0,2819716.0,122257.0,122257.0,122257.0,0.0,0.0,lock_stripping,32,3,0,10000000,sync_on,lock_stripping_p32_w3_i0_t10000000
14.48,950.9803921568628,950.9803921568628,950.9803921568628,2815428.0,2815428.0,2815428.0,122186.0,122186.0,122186.0,0.0,0.0,lock_stripping,32,3,0,10000000,sync_on,lock_stripping_p32_w3_i0_t10000000
14.5,1190.4761904761906,1190.4761904761906,1190.4761904761906,2864000.0,2864000.0,2864000.0,120097.0,120097.0,120097.0,0.0,0.0,lock_stripping,32,3,0,10000000,sync_on,lock_stripping_p32_w3_i0_t10000000
14.52,586.5384615384615,586.5384615384615,586.5384615384615,2850224.0,2850224.0,2850224.0,124498.0,124498.0,124498.0,0.0,0.0,lock_stripping,32,3,0,10000000,sync_on,lock_stripping_p32_w3_i0_t10000000
14.53,1480.3921568627452,1480.3921568627452,1480.3921568627452,2821204.0,2821204.0,2821204.0,116390.0,116390.0,116390.0,0.0,0.0,lock_stripping,32,3,0,10000000,sync_on,lock_stripping_p32_w3_i0_t10000000
14.54,1372.5490196078433,1372.5490196078433,1372.5490196078433,2820240.0,2820240.0,2820240.0,122338.0,122338.0,122338.0,0.0,0.0,lock_stripping,32,3,0,10000000,sync_on,lock_stripping_p32_w3_i0_t10000000
14.58,854.368932038835,854.368932038835,854.368932038835,2816008.0,2816008.0,2816008.0,122226.0,122226.0,122226.0,0.0,0.0,lock_stripping,32,3,0,10000000,sync_on,lock_stripping_p32_w3_i0_t10000000
14.6,1198.019801980198,1198.019801980198,1198.019801980198,2864444.0,2864444.0,2864444.0,120163.0,120163.0,120163.0,0.0,0.0,lock_stripping,32,3,0,10000000,sync_on,lock_stripping_p32_w3_i0_t10000000
14.62,912.621359223301,912.621359223301,912.621359223301,2850520.0,2850520.0,2850520.0,124533.0,124533.0,124533.0,0.0,0.0,lock_stripping,32,3,0,10000000,sync_on,lock_stripping_p32_w3_i0_t10000000
14.63,1247.5247524752474,1247.5247524752474,1247.5247524752474,2821548.0,2821548.0,2821548.0,116455.0,116455.0,116455.0,0.0,0.0,lock_stripping,32,3,0,10000000,sync_on,lock_stripping_p32_w3_i0_t10000000
14.65,1396.0396039603959,1396.0396039603959,1396.0396039603959,2820848.0,2820848.0,2820848.0,122408.0,122408.0,122408.0,0.0,0.0,lock_stripping,32,3,0,10000000,sync_on,lock_stripping_p32_w3_i0_t10000000
14.69,980.5825242718447,980.5825242718447,980.5825242718447,2816636.0,2816636.0,2816636.0,122283.0,122283.0,122283.0,0.0,0.0,lock_stripping,32,3,0,10000000,sync_on,lock_stripping_p32_w3_i0_t10000000
14.71,1431.372549019608,1431.372549019608,1431.372549019608,2864920.0,2864920.0,2864920.0,120228.0,120228.0,120228.0,0.0,0.0,lock_stripping,32,3,0,10000000,sync_on,lock_stripping_p32_w3_i0_t10000000
14.73,1123.2088989441932,932.6923076923077,1313.7254901960785,2836468.0,2822064.0,2850872.0,120551.5,116517.0,124586.0,0.0,0.0,lock_stripping,32,3,0,10000000,sync_on,lock_stripping_p32_w3_i0_t10000000
14.75,1431.372549019608,1431.372549019608,1431.372549019608,2821560.0,2821560.0,2821560.0,122476.0,122476.0,122476.0,0.0,0.0,lock_stripping,32,3,0,10000000,sync_on,lock_stripping_p32_w3_i0_t10000000
14.79,1038.8349514563108,1038.8349514563108,1038.8349514563108,2817188.0,2817188.0,2817188.0,122333.0,122333.0,122333.0,0.0,0.0,lock_stripping,32,3,0,10000000,sync_on,lock_stripping_p32_w3_i0_t10000000
14.81,1176.4705882352941,1176.4705882352941,1176.4705882352941,2865512.0,2865512.0,2865512.0,116517.0,116517.0,116517.0,0.0,0.0,lock_stripping,32,3,0,10000000,sync_on,lock_stripping_p32_w3_i0_t10000000
14.83,893.4173669467788,539.2156862745098,1247.6190476190477,2836872.0,2822712.0,2851032.0,120734.5,116852.0,124617.0,0.0,0.0,lock_stripping,32,3,0,10000000,sync_on,lock_stripping_p32_w3_i0_t10000000
14.85,1356.4356435643563,1356.4356435643563,1356.4356435643563,2822076.0,2822076.0,2822076.0,122553.0,122553.0,122553.0,0.0,0.0,lock_stripping,32,3,0,10000000,sync_on,lock_stripping_p32_w3_i0_t10000000
14.89,1000.0000000000001,1000.0000000000001,1000.0000000000001,2817852.0,2817852.0,2817852.0,122381.0,122381.0,122381.0,0.0,0.0,lock_stripping,32,3,0,10000000,sync_on,lock_stripping_p32_w3_i0_t10000000
14.91,1237.6237623762374,1237.6237623762374,1237.6237623762374,2865736.0,2865736.0,2865736.0,116581.0,116581.0,116581.0,0.0,0.0,lock_stripping,32,3,0,10000000,sync_on,lock_stripping_p32_w3_i0_t10000000
14.93,1019.4174757281554,1019.4174757281554,1019.4174757281554,2851348.0,2851348.0,2851348.0,124668.0,124668.0,124668.0,0.0,0.0,lock_stripping,32,3,0,10000000,sync_on,lock_stripping_p32_w3_i0_t10000000
14.94,1225.4901960784314,1225.4901960784314,1225.4901960784314,2823172.0,2823172.0,2823172.0,114692.0,114692.0,114692.0,0.0,0.0,lock_stripping,32,3,0,10000000,sync_on,lock_stripping_p32_w3_i0_t10000000
14.95,1450.9803921568628,1450.9803921568628,1450.9803921568628,2822948.0,2822948.0,2822948.0,122628.0,122628.0,122628.0,0.0,0.0,lock_stripping,32,3,0,10000000,sync_on,lock_stripping_p32_w3_i0_t10000000
14.99,1058.2524271844661,1058.2524271844661,1058.2524271844661,2818884.0,2818884.0,2818884.0,118656.0,118656.0,118656.0,0.0,0.0,lock_stripping,32,3,0,10000000,sync_on,lock_stripping_p32_w3_i0_t10000000
15.01,1000.0000000000001,1000.0000000000001,1000.0000000000001,2866168.0,2866168.0,2866168.0,116632.0,116632.0,116632.0,0.0,0.0,lock_stripping,32,3,0,10000000,sync_on,lock_stripping_p32_w3_i0_t10000000
15.04,977.5641025641025,788.4615384615385,1166.6666666666667,2836710.0,2821792.0,2851628.0,116921.0,112907.0,120935.0,0.0,0.0,lock_stripping,32,3,0,10000000,sync_on,lock_stripping_p32_w3_i0_t10000000
15.05,1235.294117647059,1235.294117647059,1235.294117647059,2823512.0,2823512.0,2823512.0,120234.0,120234.0,120234.0,0.0,0.0,lock_stripping,32,3,0,10000000,sync_on,lock_stripping_p32_w3_i0_t10000000
15.09,1089.108910891089,1089.108910891089,1089.108910891089,2819472.0,2819472.0,2819472.0,118707.0,118707.0,118707.0,0.0,0.0,lock_stripping,32,3,0,10000000,sync_on,lock_stripping_p32_w3_i0_t10000000
15.11,931.372549019608,931.372549019608,931.372549019608,2866416.0,2866416.0,2866416.0,117376.0,117376.0,117376.0,0.0,0.0,lock_stripping,32,3,0,10000000,sync_on,lock_stripping_p32_w3_i0_t10000000
15.14,1045.1368666278393,882.3529411764706,1207.9207920792078,2837072.0,2822336.0,2851808.0,116982.0,112977.0,120987.0,0.0,0.0,lock_stripping,32,3,0,10000000,sync_on,lock_stripping_p32_w3_i0_t10000000
15.15,1284.3137254901962,1284.3137254901962,1284.3137254901962,2822944.0,2822944.0,2822944.0,118978.0,118978.0,118978.0,0.0,0.0,lock_stripping,32,3,0,10000000,sync_on,lock_stripping_p32_w3_i0_t10000000
15.2,941.747572815534,941.747572815534,941.747572815534,2819816.0,2819816.0,2819816.0,119774.0,119774.0,119774.0,0.0,0.0,lock_stripping,32,3,0,10000000,sync_on,lock_stripping_p32_w3_i0_t10000000
15.22,563.1067961165049,563.1067961165049,563.1067961165049,2866900.0,2866900.0,2866900.0,118550.0,118550.0,118550.0,0.0,0.0,lock_stripping,32,3,0,10000000,sync_on,lock_stripping_p32_w3_i0_t10000000
15.24,987.8393665158372,740.3846153846155,1235.294117647059,2837428.0,2822828.0,2852028.0,117683.5,113044.0,122323.0,0.0,0.0,lock_stripping,32,3,0,10000000,sync_on,lock_stripping_p32_w3_i0_t10000000
15.26,1294.1176470588236,1294.1176470588236,1294.1176470588236,2823412.0,2823412.0,2823412.0,119037.0,119037.0,119037.0,0.0,0.0,lock_stripping,32,3,0,10000000,sync_on,lock_stripping_p32_w3_i0_t10000000
15.3,813.7254901960785,813.7254901960785,813.7254901960785,2818624.0,2818624.0,2818624.0,118800.0,118800.0,118800.0,0.0,0.0,lock_stripping,32,3,0,10000000,sync_on,lock_stripping_p32_w3_i0_t10000000
15.32,970.2970297029702,970.2970297029702,970.2970297029702,2865904.0,2865904.0,2865904.0,116758.0,116758.0,116758.0,0.0,0.0,lock_stripping,32,3,0,10000000,sync_on,lock_stripping_p32_w3_i0_t10000000
15.34,952.4557395773844,699.0291262135922,1205.8823529411766,2836888.0,2823232.0,2850544.0,117081.5,113111.0,121052.0,0.0,0.0,lock_stripping,32,3,0,10000000,sync_on,lock_stripping_p32_w3_i0_t10000000
15.36,1442.3076923076924,1442.3076923076924,1442.3076923076924,2823920.0,2823920.0,2823920.0,119114.0,119114.0,119114.0,0.0,0.0,lock_stripping,32,3,0,10000000,sync_on,lock_stripping_p32_w3_i0_t10000000
15.4,893.2038834951456,893.2038834951456,893.2038834951456,2818940.0,2818940.0,2818940.0,118856.0,118856.0,118856.0,0.0,0.0,lock_stripping,32,3,0,10000000,sync_on,lock_stripping_p32_w3_i0_t10000000
15.42,1009.7087378640778,1009.7087378640778,1009.7087378640778,2866148.0,2866148.0,2866148.0,116813.0,116813.0,116813.0,0.0,0.0,lock_stripping,32,3,0,10000000,sync_on,lock_stripping_p32_w3_i0_t10000000
15.45,966.0194174757282,708.73786407767,1223.3009708737866,2837244.0,2823696.0,2850792.0,117126.0,113166.0,121086.0,0.0,0.0,lock_stripping,32,3,0,10000000,sync_on,lock_stripping_p32_w3_i0_t10000000
15.47,1361.904761904762,1361.904761904762,1361.904761904762,2824376.0,2824376.0,2824376.0,119186.0,119186.0,119186.0,0.0,0.0,lock_stripping,32,3,0,10000000,sync_on,lock_stripping_p32_w3_i0_t10000000
15.5,931.372549019608,931.372549019608,931.372549019608,2819460.0,2819460.0,2819460.0,118902.0,118902.0,118902.0,0.0,0.0,lock_stripping,32,3,0,10000000,sync_on,lock_stripping_p32_w3_i0_t10000000
15.52,864.0776699029127,864.0776699029127,864.0776699029127,2866864.0,2866864.0,2866864.0,113086.0,113086.0,113086.0,0.0,0.0,lock_stripping,32,3,0,10000000,sync_on,lock_stripping_p32_w3_i0_t10000000
15.55,972.4141150112025,682.6923076923077,1262.1359223300972,2837618.0,2824176.0,2851060.0,117557.0,113236.0,121878.0,0.0,0.0,lock_stripping,32,3,0,10000000,sync_on,lock_stripping_p32_w3_i0_t10000000
15.57,1313.7254901960785,1313.7254901960785,1313.7254901960785,2825064.0,2825064.0,2825064.0,119252.0,119252.0,119252.0,0.0,0.0,lock_stripping,32,3,0,10000000,sync_on,lock_stripping_p32_w3_i0_t10000000
15.61,873.7864077669904,873.7864077669904,873.7864077669904,2819844.0,2819844.0,2819844.0,118941.0,118941.0,118941.0,0.0,0.0,lock_stripping,32,3,0,10000000,sync_on,lock_stripping_p32_w3_i0_t10000000
15.63,766.990291262136,766.990291262136,766.990291262136,2867100.0,2867100.0,2867100.0,113123.0,113123.0,113123.0,0.0,0.0,lock_stripping,32,3,0,10000000,sync_on,lock_stripping_p32_w3_i0_t10000000
15.65,923.1867504283267,669.9029126213593,1176.4705882352941,2837954.0,2824608.0,2851300.0,118148.0,113299.0,122997.0,0.0,0.0,lock_stripping,32,3,0,10000000,sync_on,lock_stripping_p32_w3_i0_t10000000
15.67,1245.0980392156864,1245.0980392156864,1245.0980392156864,2825424.0,2825424.0,2825424.0,119309.0,119309.0,119309.0,0.0,0.0,lock_stripping,32,3,0,10000000,sync_on,lock_stripping_p32_w3_i0_t10000000
15.71,990.1960784313726,990.1960784313726,990.1960784313726,2820300.0,2820300.0,2820300.0,118993.0,118993.0,118993.0,0.0,0.0,lock_stripping,32,3,0,10000000,sync_on,lock_stripping_p32_w3_i0_t10000000
15.73,912.621359223301,912.621359223301,912.621359223301,2867448.0,2867448.0,2867448.0,113163.0,113163.0,113163.0,0.0,0.0,lock_stripping,32,3,0,10000000,sync_on,lock_stripping_p32_w3_i0_t10000000
15.75,1217.8217821782177,1217.8217821782177,1217.8217821782177,2824960.0,2824960.0,2824960.0,109585.0,109585.0,109585.0,0.0,0.0,lock_stripping,32,3,0,10000000,sync_on,lock_stripping_p32_w3_i0_t10000000
15.76,0.0,0.0,0.0,2851300.0,2851300.0,2851300.0,122997.0,122997.0,122997.0,0.0,0.0,lock_stripping,32,3,0,10000000,sync_on,lock_stripping_p32_w3_i0_t10000000
15.77,1196.0784313725492,1196.0784313725492,1196.0784313725492,2825988.0,2825988.0,2825988.0,119369.0,119369.0,119369.0,0.0,0.0,lock_stripping,32,3,0,10000000,sync_on,lock_stripping_p32_w3_i0_t10000000
15.81,627.4509803921569,627.4509803921569,627.4509803921569,2820548.0,2820548.0,2820548.0,119032.0,119032.0,119032.0,0.0,0.0,lock_stripping,32,3,0,10000000,sync_on,lock_stripping_p32_w3_i0_t10000000
15.83,893.2038834951456,893.2038834951456,893.2038834951456,2867652.0,2867652.0,2867652.0,113215.0,113215.0,113215.0,0.0,0.0,lock_stripping,32,3,0,10000000,sync_on,lock_stripping_p32_w3_i0_t10000000
15.85,1330.097087378641,1330.097087378641,1330.097087378641,2825312.0,2825312.0,2825312.0,109655.0,109655.0,109655.0,0.0,0.0,lock_stripping,32,3,0,10000000,sync_on,lock_stripping_p32_w3_i0_t10000000
15.86,0.0,0.0,0.0,2851300.0,2851300.0,2851300.0,122997.0,122997.0,122997.0,0.0,0.0,lock_stripping,32,3,0,10000000,sync_on,lock_stripping_p32_w3_i0_t10000000
15.88,1106.7961165048544,1106.7961165048544,1106.7961165048544,2826364.0,2826364.0,2826364.0,119431.0,119431.0,119431.0,0.0,0.0,lock_stripping,32,3,0,10000000,sync_on,lock_stripping_p32_w3_i0_t10000000
15.91,1029.1262135922332,1029.1262135922332,1029.1262135922332,2820756.0,2820756.0,2820756.0,119085.0,119085.0,119085.0,0.0,0.0,lock_stripping,32,3,0,10000000,sync_on,lock_stripping_p32_w3_i0_t10000000
15.93,794.1176470588235,794.1176470588235,794.1176470588235,2867916.0,2867916.0,2867916.0,113257.0,113257.0,113257.0,0.0,0.0,lock_stripping,32,3,0,10000000,sync_on,lock_stripping_p32_w3_i0_t10000000
15.96,656.8627450980392,0.0,1313.7254901960785,2838400.0,2825500.0,2851300.0,116543.0,110089.0,122997.0,0.0,0.0,lock_stripping,32,3,0,10000000,sync_on,lock_stripping_p32_w3_i0_t10000000
15.98,1245.0980392156864,1245.0980392156864,1245.0980392156864,2826956.0,2826956.0,2826956.0,119500.0,119500.0,119500.0,0.0,0.0,lock_stripping,32,3,0,10000000,sync_on,lock_stripping_p32_w3_i0_t10000000
16.02,961.1650485436894,961.1650485436894,961.1650485436894,2821240.0,2821240.0,2821240.0,119139.0,119139.0,119139.0,0.0,0.0,lock_stripping,32,3,0,10000000,sync_on,lock_stripping_p32_w3_i0_t10000000
16.04,1009.7087378640778,1009.7087378640778,1009.7087378640778,2868300.0,2868300.0,2868300.0,113311.0,113311.0,113311.0,0.0,0.0,lock_stripping,32,3,0,10000000,sync_on,lock_stripping_p32_w3_i0_t10000000
16.06,970.5882352941177,970.5882352941177,970.5882352941177,2826008.0,2826008.0,2826008.0,111601.0,111601.0,111601.0,0.0,0.0,lock_stripping,32,3,0,10000000,sync_on,lock_stripping_p32_w3_i0_t10000000
16.07,0.0,0.0,0.0,2851300.0,2851300.0,2851300.0,122997.0,122997.0,122997.0,0.0,0.0,lock_stripping,32,3,0,10000000,sync_on,lock_stripping_p32_w3_i0_t10000000
16.08,1343.137254901961,1343.137254901961,1343.137254901961,2827400.0,2827400.0,2827400.0,119574.0,119574.0,119574.0,0.0,0.0,lock_stripping,32,3,0,10000000,sync_on,lock_stripping_p32_w3_i0_t10000000
16.12,931.372549019608,931.372549019608,931.372549019608,2821556.0,2821556.0,2821556.0,119182.0,119182.0,119182.0,0.0,0.0,lock_stripping,32,3,0,10000000,sync_on,lock_stripping_p32_w3_i0_t10000000
16.14,864.0776699029127,864.0776699029127,864.0776699029127,2868476.0,2868476.0,2868476.0,113355.0,113355.0,113355.0,0.0,0.0,lock_stripping,32,3,0,10000000,sync_on,lock_stripping_p32_w3_i0_t10000000
16.16,1294.1176470588236,1294.1176470588236,1294.1176470588236,2824760.0,2824760.0,2824760.0,106044.0,106044.0,106044.0,0.0,0.0,lock_stripping,32,3,0,10000000,sync_on,lock_stripping_p32_w3_i0_t10000000
16.17,0.0,0.0,0.0,2851300.0,2851300.0,2851300.0,122997.0,122997.0,122997.0,0.0,0.0,lock_stripping,32,3,0,10000000,sync_on,lock_stripping_p32_w3_i0_t10000000
16.18,970.2970297029702,970.2970297029702,970.2970297029702,2827660.0,2827660.0,2827660.0,121467.0,121467.0,121467.0,0.0,0.0,lock_stripping,32,3,0,10000000,sync_on,lock_stripping_p32_w3_i0_t10000000
16.22,1068.6274509803923,1068.6274509803923,1068.6274509803923,2822124.0,2822124.0,2822124.0,119239.0,119239.0,119239.0,0.0,0.0,lock_stripping,32,3,0,10000000,sync_on,lock_stripping_p32_w3_i0_t10000000
16.24,913.4615384615385,913.4615384615385,913.4615384615385,2868676.0,2868676.0,2868676.0,113405.0,113405.0,113405.0,0.0,0.0,lock_stripping,32,3,0,10000000,sync_on,lock_stripping_p32_w3_i0_t10000000
16.26,1264.7058823529412,1264.7058823529412,1264.7058823529412,2825296.0,2825296.0,2825296.0,106094.0,106094.0,106094.0,0.0,0.0,lock_stripping,32,3,0,10000000,sync_on,lock_stripping_p32_w3_i0_t10000000
16.27,0.0,0.0,0.0,2851300.0,2851300.0,2851300.0,122997.0,122997.0,122997.0,0.0,0.0,lock_stripping,32,3,0,10000000,sync_on,lock_stripping_p32_w3_i0_t10000000
16.28,1105.7692307692307,1105.7692307692307,1105.7692307692307,2826356.0,2826356.0,2826356.0,119689.0,119689.0,119689.0,0.0,0.0,lock_stripping,32,3,0,10000000,sync_on,lock_stripping_p32_w3_i0_t10000000
16.32,1108.9108910891089,1108.9108910891089,1108.9108910891089,2822716.0,2822716.0,2822716.0,119293.0,119293.0,119293.0,0.0,0.0,lock_stripping,32,3,0,10000000,sync_on,lock_stripping_p32_w3_i0_t10000000
16.34,1009.9009900990098,1009.9009900990098,1009.9009900990098,2869016.0,2869016.0,2869016.0,113455.0,113455.0,113455.0,0.0,0.0,lock_stripping,32,3,0,10000000,sync_on,lock_stripping_p32_w3_i0_t10000000
16.36,1287.128712871287,1287.128712871287,1287.128712871287,2825672.0,2825672.0,2825672.0,106176.0,106176.0,106176.0,0.0,0.0,lock_stripping,32,3,0,10000000,sync_on,lock_stripping_p32_w3_i0_t10000000
16.38,0.0,0.0,0.0,2851300.0,2851300.0,2851300.0,123001.0,123001.0,123001.0,0.0,0.0,lock_stripping,32,3,0,10000000,sync_on,lock_stripping_p32_w3_i0_t10000000
16.39,1326.7326732673266,1326.7326732673266,1326.7326732673266,2826904.0,2826904.0,2826904.0,119752.0,119752.0,119752.0,0.0,0.0,lock_stripping,32,3,0,10000000,sync_on,lock_stripping_p32_w3_i0_t10000000
16.43,1019.2307692307693,1019.2307692307693,1019.2307692307693,2823180.0,2823180.0,2823180.0,119342.0,119342.0,119342.0,0.0,0.0,lock_stripping,32,3,0,10000000,sync_on,lock_stripping_p32_w3_i0_t10000000
16.45,941.747572815534,941.747572815534,941.747572815534,2869292.0,2869292.0,2869292.0,113505.0,113505.0,113505.0,0.0,0.0,lock_stripping,32,3,0,10000000,sync_on,lock_stripping_p32_w3_i0_t10000000
16.47,1326.923076923077,1326.923076923077,1326.923076923077,2826376.0,2826376.0,2826376.0,106241.0,106241.0,106241.0,0.0,0.0,lock_stripping,32,3,0,10000000,sync_on,lock_stripping_p32_w3_i0_t10000000
16.48,0.0,0.0,0.0,2851300.0,2851300.0,2851300.0,123001.0,123001.0,123001.0,0.0,0.0,lock_stripping,32,3,0,10000000,sync_on,lock_stripping_p32_w3_i0_t10000000
16.49,1225.4901960784314,1225.4901960784314,1225.4901960784314,2827612.0,2827612.0,2827612.0,119820.0,119820.0,119820.0,0.0,0.0,lock_stripping,32,3,0,10000000,sync_on,lock_stripping_p32_w3_i0_t10000000
16.53,1099.009900990099,1099.009900990099,1099.009900990099,2823476.0,2823476.0,2823476.0,119395.0,119395.0,119395.0,0.0,0.0,lock_stripping,32,3,0,10000000,sync_on,lock_stripping_p32_w3_i0_t10000000
16.55,1194.1747572815534,1194.1747572815534,1194.1747572815534,2869680.0,2869680.0,2869680.0,113558.0,113558.0,113558.0,0.0,0.0,lock_stripping,32,3,0,10000000,sync_on,lock_stripping_p32_w3_i0_t10000000
16.57,1284.3137254901962,1284.3137254901962,1284.3137254901962,2826780.0,2826780.0,2826780.0,102534.0,102534.0,102534.0,0.0,0.0,lock_stripping,32,3,0,10000000,sync_on,lock_stripping_p32_w3_i0_t10000000
16.59,884.9485910129474,413.46153846153845,1356.4356435643563,2838870.0,2827936.0,2849804.0,120536.0,119894.0,121178.0,0.0,0.0,lock_stripping,32,3,0,10000000,sync_on,lock_stripping_p32_w3_i0_t10000000
16.63,676.4705882352941,676.4705882352941,676.4705882352941,2823676.0,2823676.0,2823676.0,119435.0,119435.0,119435.0,0.0,0.0,lock_stripping,32,3,0,10000000,sync_on,lock_stripping_p32_w3_i0_t10000000
16.65,872.5490196078432,872.5490196078432,872.5490196078432,2869996.0,2869996.0,2869996.0,113600.0,113600.0,113600.0,0.0,0.0,lock_stripping,32,3,0,10000000,sync_on,lock_stripping_p32_w3_i0_t10000000
16.67,1352.9411764705883,1352.9411764705883,1352.9411764705883,2827208.0,2827208.0,2827208.0,102596.0,102596.0,102596.0,0.0,0.0,lock_stripping,32,3,0,10000000,sync_on,lock_stripping_p32_w3_i0_t10000000
16.69,947.3634113839712,737.8640776699029,1156.8627450980393,2839068.0,2828120.0,2850016.0,120592.0,119970.0,121214.0,0.0,0.0,lock_stripping,32,3,0,10000000,sync_on,lock_stripping_p32_w3_i0_t10000000
16.73,679.6116504854369,679.6116504854369,679.6116504854369,2824088.0,2824088.0,2824088.0,119466.0,119466.0,119466.0,0.0,0.0,lock_stripping,32,3,0,10000000,sync_on,lock_stripping_p32_w3_i0_t10000000
16.75,1068.6274509803923,1068.6274509803923,1068.6274509803923,2870248.0,2870248.0,2870248.0,113639.0,113639.0,113639.0,0.0,0.0,lock_stripping,32,3,0,10000000,sync_on,lock_stripping_p32_w3_i0_t10000000
16.77,1267.3267326732673,1267.3267326732673,1267.3267326732673,2827808.0,2827808.0,2827808.0,102664.0,102664.0,102664.0,0.0,0.0,lock_stripping,32,3,0,10000000,sync_on,lock_stripping_p32_w3_i0_t10000000
16.79,936.2745098039217,500.0,1372.5490196078433,2839564.0,2828728.0,2850400.0,121314.0,121244.0,121384.0,0.0,0.0,lock_stripping,32,3,0,10000000,sync_on,lock_stripping_p32_w3_i0_t10000000
16.84,533.9805825242719,533.9805825242719,533.9805825242719,2824296.0,2824296.0,2824296.0,119493.0,119493.0,119493.0,0.0,0.0,lock_stripping,32,3,0,10000000,sync_on,lock_stripping_p32_w3_i0_t10000000
16.86,883.495145631068,883.495145631068,883.495145631068,2870544.0,2870544.0,2870544.0,113693.0,113693.0,113693.0,0.0,0.0,lock_stripping,32,3,0,10000000,sync_on,lock_stripping_p32_w3_i0_t10000000
16.87,1372.5490196078433,1372.5490196078433,1372.5490196078433,2828288.0,2828288.0,2828288.0,102730.0,102730.0,102730.0,0.0,0.0,lock_stripping,32,3,0,10000000,sync_on,lock_stripping_p32_w3_i0_t10000000
16.89,941.1764705882354,941.1764705882354,941.1764705882354,2827288.0,2827288.0,2827288.0,120056.0,120056.0,120056.0,0.0,0.0,lock_stripping,32,3,0,10000000,sync_on,lock_stripping_p32_w3_i0_t10000000
16.9,689.3203883495146,689.3203883495146,689.3203883495146,2850668.0,2850668.0,2850668.0,122216.0,122216.0,122216.0,0.0,0.0,lock_stripping,32,3,0,10000000,sync_on,lock_stripping_p32_w3_i0_t10000000
16.94,471.1538461538462,471.1538461538462,471.1538461538462,2824504.0,2824504.0,2824504.0,119519.0,119519.0,119519.0,0.0,0.0,lock_stripping,32,3,0,10000000,sync_on,lock_stripping_p32_w3_i0_t10000000
16.96,932.0388349514564,932.0388349514564,932.0388349514564,2871012.0,2871012.0,2871012.0,113749.0,113749.0,113749.0,0.0,0.0,lock_stripping,32,3,0,10000000,sync_on,lock_stripping_p32_w3_i0_t10000000
16.98,1114.2857142857142,1114.2857142857142,1114.2857142857142,2828712.0,2828712.0,2828712.0,102798.0,102798.0,102798.0,0.0,0.0,lock_stripping,32,3,0,10000000,sync_on,lock_stripping_p32_w3_i0_t10000000
17.0,847.7408513816282,365.3846153846154,1330.097087378641,2839440.0,2827876.0,2851004.0,121633.5,120128.0,123139.0,0.0,0.0,lock_stripping,32,3,0,10000000,sync_on,lock_stripping_p32_w3_i0_t10000000
17.04,708.73786407767,708.73786407767,708.73786407767,2824800.0,2824800.0,2824800.0,119548.0,119548.0,119548.0,0.0,0.0,lock_stripping,32,3,0,10000000,sync_on,lock_stripping_p32_w3_i0_t10000000
17.06,1009.7087378640778,1009.7087378640778,1009.7087378640778,2871412.0,2871412.0,2871412.0,110026.0,110026.0,110026.0,0.0,0.0,lock_stripping,32,3,0,10000000,sync_on,lock_stripping_p32_w3_i0_t10000000
17.08,1405.9405940594058,1405.9405940594058,1405.9405940594058,2829296.0,2829296.0,2829296.0,103138.0,103138.0,103138.0,0.0,0.0,lock_stripping,32,3,0,10000000,sync_on,lock_stripping_p32_w3_i0_t10000000
17.1,659.0739357729649,87.37864077669903,1230.7692307692307,2839858.0,2828700.0,2851016.0,121668.5,120192.0,123145.0,0.0,0.0,lock_stripping,32,3,0,10000000,sync_on,lock_stripping_p32_w3_i0_t10000000
17.14,417.4757281553398,417.4757281553398,417.4757281553398,2824872.0,2824872.0,2824872.0,119578.0,119578.0,119578.0,0.0,0.0,lock_stripping,32,3,0,10000000,sync_on,lock_stripping_p32_w3_i0_t10000000
17.17,747.5728155339806,747.5728155339806,747.5728155339806,2871564.0,2871564.0,2871564.0,110073.0,110073.0,110073.0,0.0,0.0,lock_stripping,32,3,0,10000000,sync_on,lock_stripping_p32_w3_i0_t10000000
17.18,1352.9411764705883,1352.9411764705883,1352.9411764705883,2829728.0,2829728.0,2829728.0,99158.0,99158.0,99158.0,0.0,0.0,lock_stripping,32,3,0,10000000,sync_on,lock_stripping_p32_w3_i0_t10000000
17.2,1500.0,1500.0,1500.0,2829416.0,2829416.0,2829416.0,120526.0,120526.0,120526.0,0.0,0.0,lock_stripping,32,3,0,10000000,sync_on,lock_stripping_p32_w3_i0_t10000000
17.21,0.0,0.0,0.0,2851016.0,2851016.0,2851016.0,123145.0,123145.0,123145.0,0.0,0.0,lock_stripping,32,3,0,10000000,sync_on,lock_stripping_p32_w3_i0_t10000000
17.25,446.6019417475728,446.6019417475728,446.6019417475728,2825016.0,2825016.0,2825016.0,119605.0,119605.0,119605.0,0.0,0.0,lock_stripping,32,3,0,10000000,sync_on,lock_stripping_p32_w3_i0_t10000000
17.27,883.495145631068,883.495145631068,883.495145631068,2871924.0,2871924.0,2871924.0,110110.0,110110.0,110110.0,0.0,0.0,lock_stripping,32,3,0,10000000,sync_on,lock_stripping_p32_w3_i0_t10000000
17.28,1227.7227722772277,1227.7227722772277,1227.7227722772277,2829976.0,2829976.0,2829976.0,99226.0,99226.0,99226.0,0.0,0.0,lock_stripping,32,3,0,10000000,sync_on,lock_stripping_p32_w3_i0_t10000000
17.3,1235.294117647059,1235.294117647059,1235.294117647059,2829916.0,2829916.0,2829916.0,116553.0,116553.0,116553.0,0.0,0.0,lock_stripping,32,3,0,10000000,sync_on,lock_stripping_p32_w3_i0_t10000000
17.31,0.0,0.0,0.0,2851016.0,2851016.0,2851016.0,123145.0,123145.0,123145.0,0.0,0.0,lock_stripping,32,3,0,10000000,sync_on,lock_stripping_p32_w3_i0_t10000000
17.35,660.1941747572816,660.1941747572816,660.1941747572816,2825352.0,2825352.0,2825352.0,119637.0,119637.0,119637.0,0.0,0.0,lock_stripping,32,3,0,10000000,sync_on,lock_stripping_p32_w3_i0_t10000000
17.37,1087.378640776699,1087.378640776699,1087.378640776699,2872208.0,2872208.0,2872208.0,110157.0,110157.0,110157.0,0.0,0.0,lock_stripping,32,3,0,10000000,sync_on,lock_stripping_p32_w3_i0_t10000000
17.39,1156.8627450980393,1156.8627450980393,1156.8627450980393,2830376.0,2830376.0,2830376.0,99288.0,99288.0,99288.0,0.0,0.0,lock_stripping,32,3,0,10000000,sync_on,lock_stripping_p32_w3_i0_t10000000
17.41,549.0196078431372,0.0,1098.0392156862745,2840692.0,2830368.0,2851016.0,119875.0,116605.0,123145.0,0.0,0.0,lock_stripping,32,3,0,10000000,sync_on,lock_stripping_p32_w3_i0_t10000000
17.45,442.3076923076923,442.3076923076923,442.3076923076923,2825500.0,2825500.0,2825500.0,119665.0,119665.0,119665.0,0.0,0.0,lock_stripping,32,3,0,10000000,sync_on,lock_stripping_p32_w3_i0_t10000000
17.48,980.3921568627452,980.3921568627452,980.3921568627452,2872532.0,2872532.0,2872532.0,110212.0,110212.0,110212.0,0.0,0.0,lock_stripping,32,3,0,10000000,sync_on,lock_stripping_p32_w3_i0_t10000000
17.49,1330.097087378641,1330.097087378641,1330.097087378641,2830764.0,2830764.0,2830764.0,99349.0,99349.0,99349.0,0.0,0.0,lock_stripping,32,3,0,10000000,sync_on,lock_stripping_p32_w3_i0_t10000000
17.51,485.4368932038835,485.4368932038835,485.4368932038835,2830552.0,2830552.0,2830552.0,112859.0,112859.0,112859.0,0.0,0.0,lock_stripping,32,3,0,10000000,sync_on,lock_stripping_p32_w3_i0_t10000000
17.52,0.0,0.0,0.0,2851016.0,2851016.0,2851016.0,123145.0,123145.0,123145.0,0.0,0.0,lock_stripping,32,3,0,10000000,sync_on,lock_stripping_p32_w3_i0_t10000000
17.56,572.8155339805826,572.8155339805826,572.8155339805826,2825612.0,2825612.0,2825612.0,119694.0,119694.0,119694.0,0.0,0.0,lock_stripping,32,3,0,10000000,sync_on,lock_stripping_p32_w3_i0_t10000000
17.58,844.6601941747573,844.6601941747573,844.6601941747573,2872732.0,2872732.0,2872732.0,110255.0,110255.0,110255.0,0.0,0.0,lock_stripping,32,3,0,10000000,sync_on,lock_stripping_p32_w3_i0_t10000000
17.59,1313.7254901960785,1313.7254901960785,1313.7254901960785,2830960.0,2830960.0,2830960.0,99431.0,99431.0,99431.0,0.0,0.0,lock_stripping,32,3,0,10000000,sync_on,lock_stripping_p32_w3_i0_t10000000
17.61,1000.0,1000.0,1000.0,2830956.0,2830956.0,2830956.0,112913.0,112913.0,112913.0,0.0,0.0,lock_stripping,32,3,0,10000000,sync_on,lock_stripping_p32_w3_i0_t10000000
17.62,0.0,0.0,0.0,2851016.0,2851016.0,2851016.0,123145.0,123145.0,123145.0,0.0,0.0,lock_stripping,32,3,0,10000000,sync_on,lock_stripping_p32_w3_i0_t10000000
17.66,689.3203883495146,689.3203883495146,689.3203883495146,2825940.0,2825940.0,2825940.0,119733.0,119733.0,119733.0,0.0,0.0,lock_stripping,32,3,0,10000000,sync_on,lock_stripping_p32_w3_i0_t10000000
17.68,1029.1262135922332,1029.1262135922332,1029.1262135922332,2873208.0,2873208.0,2873208.0,106530.0,106530.0,106530.0,0.0,0.0,lock_stripping,32,3,0,10000000,sync_on,lock_stripping_p32_w3_i0_t10000000
17.69,1352.9411764705883,1352.9411764705883,1352.9411764705883,2831344.0,2831344.0,2831344.0,99499.0,99499.0,99499.0,0.0,0.0,lock_stripping,32,3,0,10000000,sync_on,lock_stripping_p32_w3_i0_t10000000
17.72,427.1844660194175,0.0,854.368932038835,2841214.0,2831412.0,2851016.0,118053.5,112959.0,123148.0,0.0,0.0,lock_stripping,32,3,0,10000000,sync_on,lock_stripping_p32_w3_i0_t10000000
17.76,485.4368932038835,485.4368932038835,485.4368932038835,2826320.0,2826320.0,2826320.0,119760.0,119760.0,119760.0,0.0,0.0,lock_stripping,32,3,0,10000000,sync_on,lock_stripping_p32_w3_i0_t10000000
17.78,705.8823529411765,705.8823529411765,705.8823529411765,2873372.0,2873372.0,2873372.0,106576.0,106576.0,106576.0,0.0,0.0,lock_stripping,32,3,0,10000000,sync_on,lock_stripping_p32_w3_i0_t10000000
17.79,1294.1176470588236,1294.1176470588236,1294.1176470588236,2831836.0,2831836.0,2831836.0,101408.0,101408.0,101408.0,0.0,0.0,lock_stripping,32,3,0,10000000,sync_on,lock_stripping_p32_w3_i0_t10000000
17.82,854.368932038835,854.368932038835,854.368932038835,2831556.0,2831556.0,2831556.0,113014.0,113014.0,113014.0,0.0,0.0,lock_stripping,32,3,0,10000000,sync_on,lock_stripping_p32_w3_i0_t10000000
17.83,67.96116504854369,67.96116504854369,67.96116504854369,2851036.0,2851036.0,2851036.0,123151.0,123151.0,123151.0,0.0,0.0,lock_stripping,32,3,0,10000000,sync_on,lock_stripping_p32_w3_i0_t10000000
17.87,634.6153846153846,634.6153846153846,634.6153846153846,2826516.0,2826516.0,2826516.0,119796.0,119796.0,119796.0,0.0,0.0,lock_stripping,32,3,0,10000000,sync_on,lock_stripping_p32_w3_i0_t10000000
17.89,754.9019607843138,754.9019607843138,754.9019607843138,2873668.0,2873668.0,2873668.0,106878.0,106878.0,106878.0,0.0,0.0,lock_stripping,32,3,0,10000000,sync_on,lock_stripping_p32_w3_i0_t10000000
17.9,1058.2524271844661,1058.2524271844661,1058.2524271844661,2830580.0,2830580.0,2830580.0,95843.0,95843.0,95843.0,0.0,0.0,lock_stripping,32,3,0,10000000,sync_on,lock_stripping_p32_w3_i0_t10000000
17.92,696.0784313725491,696.0784313725491,696.0784313725491,2831684.0,2831684.0,2831684.0,113050.0,113050.0,113050.0,0.0,0.0,lock_stripping,32,3,0,10000000,sync_on,lock_stripping_p32_w3_i0_t10000000
17.93,451.92307692307696,451.92307692307696,451.92307692307696,2849724.0,2849724.0,2849724.0,121381.0,121381.0,121381.0,0.0,0.0,lock_stripping,32,3,0,10000000,sync_on,lock_stripping_p32_w3_i0_t10000000
17.97,533.9805825242719,533.9805825242719,533.9805825242719,2826696.0,2826696.0,2826696.0,119824.0,119824.0,119824.0,0.0,0.0,lock_stripping,32,3,0,10000000,sync_on,lock_stripping_p32_w3_i0_t10000000
17.99,970.873786407767,970.873786407767,970.873786407767,2873956.0,2873956.0,2873956.0,102885.0,102885.0,102885.0,0.0,0.0,lock_stripping,32,3,0,10000000,sync_on,lock_stripping_p32_w3_i0_t10000000
18.0,1411.764705882353,1411.764705882353,1411.764705882353,2830948.0,2830948.0,2830948.0,95920.0,95920.0,95920.0,0.0,0.0,lock_stripping,32,3,0,10000000,sync_on,lock_stripping_p32_w3_i0_t10000000
18.02,990.2912621359224,990.2912621359224,990.2912621359224,2832136.0,2832136.0,2832136.0,113100.0,113100.0,113100.0,0.0,0.0,lock_stripping,32,3,0,10000000,sync_on,lock_stripping_p32_w3_i0_t10000000
18.03,446.6019417475728,446.6019417475728,446.6019417475728,2850076.0,2850076.0,2850076.0,123199.0,123199.0,123199.0,0.0,0.0,lock_stripping,32,3,0,10000000,sync_on,lock_stripping_p32_w3_i0_t10000000
18.07,543.6893203883495,543.6893203883495,543.6893203883495,2826900.0,2826900.0,2826900.0,121675.0,121675.0,121675.0,0.0,0.0,lock_stripping,32,3,0,10000000,sync_on,lock_stripping_p32_w3_i0_t10000000
18.09,1029.7029702970297,1029.7029702970297,1029.7029702970297,2874264.0,2874264.0,2874264.0,102933.0,102933.0,102933.0,0.0,0.0,lock_stripping,32,3,0,10000000,sync_on,lock_stripping_p32_w3_i0_t10000000
18.1,1058.8235294117649,1058.8235294117649,1058.8235294117649,2831340.0,2831340.0,2831340.0,95979.0,95979.0,95979.0,0.0,0.0,lock_stripping,32,3,0,10000000,sync_on,lock_stripping_p32_w3_i0_t10000000
18.13,1029.4117647058824,1029.4117647058824,1029.4117647058824,2832312.0,2832312.0,2832312.0,113151.0,113151.0,113151.0,0.0,0.0,lock_stripping,32,3,0,10000000,sync_on,lock_stripping_p32_w3_i0_t10000000
18.14,509.61538461538464,509.61538461538464,509.61538461538464,2848712.0,2848712.0,2848712.0,123223.0,123223.0,123223.0,0.0,0.0,lock_stripping,32,3,0,10000000,sync_on,lock_stripping_p32_w3_i0_t10000000
18.18,378.6407766990292,378.6407766990292,378.6407766990292,2827048.0,2827048.0,2827048.0,121691.0,121691.0,121691.0,0.0,0.0,lock_stripping,32,3,0,10000000,sync_on,lock_stripping_p32_w3_i0_t10000000
18.19,725.4901960784314,725.4901960784314,725.4901960784314,2874400.0,2874400.0,2874400.0,102973.0,102973.0,102973.0,0.0,0.0,lock_stripping,32,3,0,10000000,sync_on,lock_stripping_p32_w3_i0_t10000000
18.2,1257.4257425742574,1257.4257425742574,1257.4257425742574,2831652.0,2831652.0,2831652.0,96056.0,96056.0,96056.0,0.0,0.0,lock_stripping,32,3,0,10000000,sync_on,lock_stripping_p32_w3_i0_t10000000
18.23,901.9607843137255,901.9607843137255,901.9607843137255,2832612.0,2832612.0,2832612.0,113194.0,113194.0,113194.0,0.0,0.0,lock_stripping,32,3,0,10000000,sync_on,lock_stripping_p32_w3_i0_t10000000
18.24,271.84466019417476,271.84466019417476,271.84466019417476,2848972.0,2848972.0,2848972.0,123233.0,123233.0,123233.0,0.0,0.0,lock_stripping,32,3,0,10000000,sync_on,lock_stripping_p32_w3_i0_t10000000
18.28,67.96116504854369,67.96116504854369,67.96116504854369,2827072.0,2827072.0,2827072.0,121695.0,121695.0,121695.0,0.0,0.0,lock_stripping,32,3,0,10000000,sync_on,lock_stripping_p32_w3_i0_t10000000
18.29,786.4077669902913,786.4077669902913,786.4077669902913,2874560.0,2874560.0,2874560.0,103023.0,103023.0,103023.0,0.0,0.0,lock_stripping,32,3,0,10000000,sync_on,lock_stripping_p32_w3_i0_t10000000
18.3,1378.6407766990292,1378.6407766990292,1378.6407766990292,2832004.0,2832004.0,2832004.0,96124.0,96124.0,96124.0,0.0,0.0,lock_stripping,32,3,0,10000000,sync_on,lock_stripping_p32_w3_i0_t10000000
18.33,970.5882352941177,970.5882352941177,970.5882352941177,2832864.0,2832864.0,2832864.0,113245.0,113245.0,113245.0,0.0,0.0,lock_stripping,32,3,0,10000000,sync_on,lock_stripping_p32_w3_i0_t10000000
18.34,48.54368932038835,48.54368932038835,48.54368932038835,2848984.0,2848984.0,2848984.0,123236.0,123236.0,123236.0,0.0,0.0,lock_stripping,32,3,0,10000000,sync_on,lock_stripping_p32_w3_i0_t10000000
18.38,0.0,0.0,0.0,2827072.0,2827072.0,2827072.0,121695.0,121695.0,121695.0,0.0,0.0,lock_stripping,32,3,0,10000000,sync_on,lock_stripping_p32_w3_i0_t10000000
18.4,942.3076923076924,942.3076923076924,942.3076923076924,2874796.0,2874796.0,2874796.0,103073.0,103073.0,103073.0,0.0,0.0,lock_stripping,32,3,0,10000000,sync_on,lock_stripping_p32_w3_i0_t10000000
18.41,1245.0980392156864,1245.0980392156864,1245.0980392156864,2832288.0,2832288.0,2832288.0,96191.0,96191.0,96191.0,0.0,0.0,lock_stripping,32,3,0,10000000,sync_on,lock_stripping_p32_w3_i0_t10000000
18.43,784.3137254901961,784.3137254901961,784.3137254901961,2833068.0,2833068.0,2833068.0,113291.0,113291.0,113291.0,0.0,0.0,lock_stripping,32,3,0,10000000,sync_on,lock_stripping_p32_w3_i0_t10000000
18.45,0.0,0.0,0.0,2848984.0,2848984.0,2848984.0,123236.0,123236.0,123236.0,0.0,0.0,lock_stripping,32,3,0,10000000,sync_on,lock_stripping_p32_w3_i0_t10000000
18.49,0.0,0.0,0.0,2827072.0,2827072.0,2827072.0,121695.0,121695.0,121695.0,0.0,0.0,lock_stripping,32,3,0,10000000,sync_on,lock_stripping_p32_w3_i0_t10000000
18.5,970.873786407767,970.873786407767,970.873786407767,2875092.0,2875092.0,2875092.0,103115.0,103115.0,103115.0,0.0,0.0,lock_stripping,32,3,0,10000000,sync_on,lock_stripping_p32_w3_i0_t10000000
18.51,1427.1844660194176,1427.1844660194176,1427.1844660194176,2832716.0,2832716.0,2832716.0,96268.0,96268.0,96268.0,0.0,0.0,lock_stripping,32,3,0,10000000,sync_on,lock_stripping_p32_w3_i0_t10000000
18.54,1058.2524271844661,1058.2524271844661,1058.2524271844661,2833536.0,2833536.0,2833536.0,113344.0,113344.0,113344.0,0.0,0.0,lock_stripping,32,3,0,10000000,sync_on,lock_stripping_p32_w3_i0_t10000000
18.55,0.0,0.0,0.0,2848984.0,2848984.0,2848984.0,123236.0,123236.0,123236.0,0.0,0.0,lock_stripping,32,3,0,10000000,sync_on,lock_stripping_p32_w3_i0_t10000000
18.59,0.0,0.0,0.0,2827072.0,2827072.0,2827072.0,121695.0,121695.0,121695.0,0.0,0.0,lock_stripping,32,3,0,10000000,sync_on,lock_stripping_p32_w3_i0_t10000000
18.6,712.8712871287129,712.8712871287129,712.8712871287129,2875352.0,2875352.0,2875352.0,104999.0,104999.0,104999.0,0.0,0.0,lock_stripping,32,3,0,10000000,sync_on,lock_stripping_p32_w3_i0_t10000000
18.61,1176.4705882352941,1176.4705882352941,1176.4705882352941,2833152.0,2833152.0,2833152.0,96321.0,96321.0,96321.0,0.0,0.0,lock_stripping,32,3,0,10000000,sync_on,lock_stripping_p32_w3_i0_t10000000
18.64,1048.5436893203885,1048.5436893203885,1048.5436893203885,2833808.0,2833808.0,2833808.0,113402.0,113402.0,113402.0,0.0,0.0,lock_stripping,32,3,0,10000000,sync_on,lock_stripping_p32_w3_i0_t10000000
18.66,0.0,0.0,0.0,2848984.0,2848984.0,2848984.0,123236.0,123236.0,123236.0,0.0,0.0,lock_stripping,32,3,0,10000000,sync_on,lock_stripping_p32_w3_i0_t10000000
18.69,0.0,0.0,0.0,2827072.0,2827072.0,2827072.0,121695.0,121695.0,121695.0,0.0,0.0,lock_stripping,32,3,0,10000000,sync_on,lock_stripping_p32_w3_i0_t10000000
18.7,1135.9223300970875,1135.9223300970875,1135.9223300970875,2874004.0,2874004.0,2874004.0,103214.0,103214.0,103214.0,0.0,0.0,lock_stripping,32,3,0,10000000,sync_on,lock_stripping_p32_w3_i0_t10000000
18.71,1127.450980392157,1127.450980392157,1127.450980392157,2833492.0,2833492.0,2833492.0,96386.0,96386.0,96386.0,0.0,0.0,lock_stripping,32,3,0,10000000,sync_on,lock_stripping_p32_w3_i0_t10000000
18.74,1000.0,1000.0,1000.0,2834096.0,2834096.0,2834096.0,113457.0,113457.0,113457.0,0.0,0.0,lock_stripping,32,3,0,10000000,sync_on,lock_stripping_p32_w3_i0_t10000000
18.76,0.0,0.0,0.0,2848984.0,2848984.0,2848984.0,123236.0,123236.0,123236.0,0.0,0.0,lock_stripping,32,3,0,10000000,sync_on,lock_stripping_p32_w3_i0_t10000000
18.8,0.0,0.0,0.0,2827072.0,2827072.0,2827072.0,121695.0,121695.0,121695.0,0.0,0.0,lock_stripping,32,3,0,10000000,sync_on,lock_stripping_p32_w3_i0_t10000000
18.81,1145.6310679611652,1145.6310679611652,1145.6310679611652,2874396.0,2874396.0,2874396.0,103275.0,103275.0,103275.0,0.0,0.0,lock_stripping,32,3,0,10000000,sync_on,lock_stripping_p32_w3_i0_t10000000
18.82,1267.3267326732673,1267.3267326732673,1267.3267326732673,2833848.0,2833848.0,2833848.0,96454.0,96454.0,96454.0,0.0,0.0,lock_stripping,32,3,0,10000000,sync_on,lock_stripping_p32_w3_i0_t10000000
18.84,1000.0,1000.0,1000.0,2834400.0,2834400.0,2834400.0,114474.0,114474.0,114474.0,0.0,0.0,lock_stripping,32,3,0,10000000,sync_on,lock_stripping_p32_w3_i0_t10000000
18.86,0.0,0.0,0.0,2848984.0,2848984.0,2848984.0,123236.0,123236.0,123236.0,0.0,0.0,lock_stripping,32,3,0,10000000,sync_on,lock_stripping_p32_w3_i0_t10000000
18.9,281.55339805825247,281.55339805825247,281.55339805825247,2827280.0,2827280.0,2827280.0,121712.0,121712.0,121712.0,0.0,0.0,lock_stripping,32,3,0,10000000,sync_on,lock_stripping_p32_w3_i0_t10000000
18.91,941.747572815534,941.747572815534,941.747572815534,2874692.0,2874692.0,2874692.0,103324.0,103324.0,103324.0,0.0,0.0,lock_stripping,32,3,0,10000000,sync_on,lock_stripping_p32_w3_i0_t10000000
18.92,1098.0392156862745,1098.0392156862745,1098.0392156862745,2834140.0,2834140.0,2834140.0,96521.0,96521.0,96521.0,0.0,0.0,lock_stripping,32,3,0,10000000,sync_on,lock_stripping_p32_w3_i0_t10000000
18.95,782.1782178217821,782.1782178217821,782.1782178217821,2833112.0,2833112.0,2833112.0,113527.0,113527.0,113527.0,0.0,0.0,lock_stripping,32,3,0,10000000,sync_on,lock_stripping_p32_w3_i0_t10000000
18.96,9.708737864077671,9.708737864077671,9.708737864077671,2848988.0,2848988.0,2848988.0,123238.0,123238.0,123238.0,0.0,0.0,lock_stripping,32,3,0,10000000,sync_on,lock_stripping_p32_w3_i0_t10000000
19.0,310.67961165048547,310.67961165048547,310.67961165048547,2825488.0,2825488.0,2825488.0,120148.0,120148.0,120148.0,0.0,0.0,lock_stripping,32,3,0,10000000,sync_on,lock_stripping_p32_w3_i0_t10000000
19.01,900.990099009901,900.990099009901,900.990099009901,2875280.0,2875280.0,2875280.0,99591.0,99591.0,99591.0,0.0,0.0,lock_stripping,32,3,0,10000000,sync_on,lock_stripping_p32_w3_i0_t10000000
19.02,1186.2745098039215,1186.2745098039215,1186.2745098039215,2834592.0,2834592.0,2834592.0,96574.0,96574.0,96574.0,0.0,0.0,lock_stripping,32,3,0,10000000,sync_on,lock_stripping_p32_w3_i0_t10000000
19.05,817.3076923076924,817.3076923076924,817.3076923076924,2833476.0,2833476.0,2833476.0,113566.0,113566.0,113566.0,0.0,0.0,lock_stripping,32,3,0,10000000,sync_on,lock_stripping_p32_w3_i0_t10000000
19.07,57.69230769230769,57.69230769230769,57.69230769230769,2848992.0,2848992.0,2848992.0,123245.0,123245.0,123245.0,0.0,0.0,lock_stripping,32,3,0,10000000,sync_on,lock_stripping_p32_w3_i0_t10000000
19.11,194.1747572815534,194.1747572815534,194.1747572815534,2825676.0,2825676.0,2825676.0,120157.0,120157.0,120157.0,0.0,0.0,lock_stripping,32,3,0,10000000,sync_on,lock_stripping_p32_w3_i0_t10000000
19.12,1237.2106049290517,1134.6153846153848,1339.8058252427186,2855448.0,2835040.0,2875856.0,98149.0,96652.0,99646.0,0.0,0.0,lock_stripping,32,3,0,10000000,sync_on,lock_stripping_p32_w3_i0_t10000000
19.15,1039.2156862745098,1039.2156862745098,1039.2156862745098,2833808.0,2833808.0,2833808.0,113615.0,113615.0,113615.0,0.0,0.0,lock_stripping,32,3,0,10000000,sync_on,lock_stripping_p32_w3_i0_t10000000
19.17,116.50485436893204,116.50485436893204,116.50485436893204,2849324.0,2849324.0,2849324.0,123249.0,123249.0,123249.0,0.0,0.0,lock_stripping,32,3,0,10000000,sync_on,lock_stripping_p32_w3_i0_t10000000
19.21,634.6153846153846,634.6153846153846,634.6153846153846,2825768.0,2825768.0,2825768.0,116277.0,116277.0,116277.0,0.0,0.0,lock_stripping,32,3,0,10000000,sync_on,lock_stripping_p32_w3_i0_t10000000
19.22,1058.8235294117649,941.1764705882354,1176.4705882352941,2855736.0,2835404.0,2876068.0,96443.5,92932.0,99955.0,0.0,0.0,lock_stripping,32,3,0,10000000,sync_on,lock_stripping_p32_w3_i0_t10000000
19.25,1009.8039215686275,1009.8039215686275,1009.8039215686275,2834228.0,2834228.0,2834228.0,113664.0,113664.0,113664.0,0.0,0.0,lock_stripping,32,3,0,10000000,sync_on,lock_stripping_p32_w3_i0_t10000000
19.27,407.7669902912622,407.7669902912622,407.7669902912622,2847700.0,2847700.0,2847700.0,121427.0,121427.0,121427.0,0.0,0.0,lock_stripping,32,3,0,10000000,sync_on,lock_stripping_p32_w3_i0_t10000000
19.31,427.1844660194175,427.1844660194175,427.1844660194175,2825632.0,2825632.0,2825632.0,118013.0,118013.0,118013.0,0.0,0.0,lock_stripping,32,3,0,10000000,sync_on,lock_stripping_p32_w3_i0_t10000000
19.32,650.4854368932039,650.4854368932039,650.4854368932039,2876320.0,2876320.0,2876320.0,95953.0,95953.0,95953.0,0.0,0.0,lock_stripping,32,3,0,10000000,sync_on,lock_stripping_p32_w3_i0_t10000000
19.33,1294.1176470588236,1294.1176470588236,1294.1176470588236,2835824.0,2835824.0,2835824.0,93001.0,93001.0,93001.0,0.0,0.0,lock_stripping,32,3,0,10000000,sync_on,lock_stripping_p32_w3_i0_t10000000
19.36,823.529411764706,823.529411764706,823.529411764706,2834476.0,2834476.0,2834476.0,113713.0,113713.0,113713.0,0.0,0.0,lock_stripping,32,3,0,10000000,sync_on,lock_stripping_p32_w3_i0_t10000000
19.38,259.61538461538464,259.61538461538464,259.61538461538464,2847960.0,2847960.0,2847960.0,121443.0,121443.0,121443.0,0.0,0.0,lock_stripping,32,3,0,10000000,sync_on,lock_stripping_p32_w3_i0_t10000000
19.42,631.0679611650486,155.33980582524273,1106.7961165048544,2851094.0,2825648.0,2876540.0,107013.5,96006.0,118021.0,0.0,0.0,lock_stripping,32,3,0,10000000,sync_on,lock_stripping_p32_w3_i0_t10000000
19.43,1378.6407766990292,1378.6407766990292,1378.6407766990292,2836124.0,2836124.0,2836124.0,93064.0,93064.0,93064.0,0.0,0.0,lock_stripping,32,3,0,10000000,sync_on,lock_stripping_p32_w3_i0_t10000000
19.46,745.0980392156863,745.0980392156863,745.0980392156863,2834860.0,2834860.0,2834860.0,109976.0,109976.0,109976.0,0.0,0.0,lock_stripping,32,3,0,10000000,sync_on,lock_stripping_p32_w3_i0_t10000000
19.48,592.2330097087379,592.2330097087379,592.2330097087379,2848240.0,2848240.0,2848240.0,121472.0,121472.0,121472.0,0.0,0.0,lock_stripping,32,3,0,10000000,sync_on,lock_stripping_p32_w3_i0_t10000000
19.52,499.71162164760165,29.12621359223301,970.2970297029702,2851240.0,2825724.0,2876756.0,107041.5,96061.0,118022.0,0.0,0.0,lock_stripping,32,3,0,10000000,sync_on,lock_stripping_p32_w3_i0_t10000000
19.53,1310.6796116504854,1310.6796116504854,1310.6796116504854,2836492.0,2836492.0,2836492.0,93135.0,93135.0,93135.0,0.0,0.0,lock_stripping,32,3,0,10000000,sync_on,lock_stripping_p32_w3_i0_t10000000
19.56,910.8910891089108,910.8910891089108,910.8910891089108,2835204.0,2835204.0,2835204.0,110022.0,110022.0,110022.0,0.0,0.0,lock_stripping,32,3,0,10000000,sync_on,lock_stripping_p32_w3_i0_t10000000
19.59,625.0,625.0,625.0,2848644.0,2848644.0,2848644.0,121506.0,121506.0,121506.0,0.0,0.0,lock_stripping,32,3,0,10000000,sync_on,lock_stripping_p32_w3_i0_t10000000
19.62,0.0,0.0,0.0,2825724.0,2825724.0,2825724.0,118022.0,118022.0,118022.0,0.0,0.0,lock_stripping,32,3,0,10000000,sync_on,lock_stripping_p32_w3_i0_t10000000
19.63,1250.0,1196.0784313725492,1303.921568627451,2857006.0,2836948.0,2877064.0,94659.0,93197.0,96121.0,0.0,0.0,lock_stripping,32,3,0,10000000,sync_on,lock_stripping_p32_w3_i0_t10000000
19.66,823.529411764706,823.529411764706,823.529411764706,2835380.0,2835380.0,2835380.0,110073.0,110073.0,110073.0,0.0,0.0,lock_stripping,32,3,0,10000000,sync_on,lock_stripping_p32_w3_i0_t10000000
19.69,563.1067961165049,563.1067961165049,563.1067961165049,2848904.0,2848904.0,2848904.0,121538.0,121538.0,121538.0,0.0,0.0,lock_stripping,32,3,0,10000000,sync_on,lock_stripping_p32_w3_i0_t10000000
19.73,475.7281553398058,0.0,951.4563106796116,2851582.0,2825724.0,2877440.0,107096.5,96171.0,118022.0,0.0,0.0,lock_stripping,32,3,0,10000000,sync_on,lock_stripping_p32_w3_i0_t10000000
19.74,1223.3009708737866,1223.3009708737866,1223.3009708737866,2837416.0,2837416.0,2837416.0,93259.0,93259.0,93259.0,0.0,0.0,lock_stripping,32,3,0,10000000,sync_on,lock_stripping_p32_w3_i0_t10000000
19.76,1048.5436893203885,1048.5436893203885,1048.5436893203885,2835720.0,2835720.0,2835720.0,110119.0,110119.0,110119.0,0.0,0.0,lock_stripping,32,3,0,10000000,sync_on,lock_stripping_p32_w3_i0_t10000000
19.79,592.2330097087379,592.2330097087379,592.2330097087379,2849116.0,2849116.0,2849116.0,121576.0,121576.0,121576.0,0.0,0.0,lock_stripping,32,3,0,10000000,sync_on,lock_stripping_p32_w3_i0_t10000000
19.83,330.0970873786408,0.0,660.1941747572816,2851666.0,2825724.0,2877608.0,107117.5,96213.0,118022.0,0.0,0.0,lock_stripping,32,3,0,10000000,sync_on,lock_stripping_p32_w3_i0_t10000000
19.84,1186.2745098039215,1186.2745098039215,1186.2745098039215,2837728.0,2837728.0,2837728.0,93318.0,93318.0,93318.0,0.0,0.0,lock_stripping,32,3,0,10000000,sync_on,lock_stripping_p32_w3_i0_t10000000
19.87,864.0776699029127,864.0776699029127,864.0776699029127,2835876.0,2835876.0,2835876.0,110157.0,110157.0,110157.0,0.0,0.0,lock_stripping,32,3,0,10000000,sync_on,lock_stripping_p32_w3_i0_t10000000
19.9,548.0769230769231,548.0769230769231,548.0769230769231,2849292.0,2849292.0,2849292.0,121607.0,121607.0,121607.0,0.0,0.0,lock_stripping,32,3,0,10000000,sync_on,lock_stripping_p32_w3_i0_t10000000
19.93,343.13725490196083,0.0,686.2745098039217,2851824.0,2825724.0,2877924.0,107135.5,96249.0,118022.0,0.0,0.0,lock_stripping,32,3,0,10000000,sync_on,lock_stripping_p32_w3_i0_t10000000
19.94,1223.3009708737866,1223.3009708737866,1223.3009708737866,2838080.0,2838080.0,2838080.0,93385.0,93385.0,93385.0,0.0,0.0,lock_stripping,32,3,0,10000000,sync_on,lock_stripping_p32_w3_i0_t10000000
19.97,902.9126213592233,902.9126213592233,902.9126213592233,2836228.0,2836228.0,2836228.0,110205.0,110205.0,110205.0,0.0,0.0,lock_stripping,32,3,0,10000000,sync_on,lock_stripping_p32_w3_i0_t10000000
20.0,737.8640776699029,737.8640776699029,737.8640776699029,2849588.0,2849588.0,2849588.0,121644.0,121644.0,121644.0,0.0,0.0,lock_stripping,32,3,0,10000000,sync_on,lock_stripping_p32_w3_i0_t10000000
20.04,673.7102608033505,203.8834951456311,1176.4705882352941,2847554.6666666665,2825940.0,2878196.0,101417.0,89669.0,118032.0,0.0,0.0,lock_stripping,32,3,0,10000000,sync_on,lock_stripping_p32_w3_i0_t10000000
20.07,1038.8349514563108,1038.8349514563108,1038.8349514563108,2836704.0,2836704.0,2836704.0,110258.0,110258.0,110258.0,0.0,0.0,lock_stripping,32,3,0,10000000,sync_on,lock_stripping_p32_w3_i0_t10000000
20.1,500.0,500.0,500.0,2849764.0,2849764.0,2849764.0,121668.0,121668.0,121668.0,0.0,0.0,lock_stripping,32,3,0,10000000,sync_on,lock_stripping_p32_w3_i0_t10000000
20.14,789.208364451083,423.0769230769231,1155.3398058252428,2851472.0,2824432.0,2878512.0,104386.0,92565.0,116207.0,0.0,0.0,lock_stripping,32,3,0,10000000,sync_on,lock_stripping_p32_w3_i0_t10000000
20.15,1343.137254901961,1343.137254901961,1343.137254901961,2838808.0,2838808.0,2838808.0,89725.0,89725.0,89725.0,0.0,0.0,lock_stripping,32,3,0,10000000,sync_on,lock_stripping_p32_w3_i0_t10000000
20.18,776.6990291262136,776.6990291262136,776.6990291262136,2837000.0,2837000.0,2837000.0,110300.0,110300.0,110300.0,0.0,0.0,lock_stripping,32,3,0,10000000,sync_on,lock_stripping_p32_w3_i0_t10000000
20.21,650.4854368932039,650.4854368932039,650.4854368932039,2850384.0,2850384.0,2850384.0,121705.0,121705.0,121705.0,0.0,0.0,lock_stripping,32,3,0,10000000,sync_on,lock_stripping_p32_w3_i0_t10000000
20.24,757.2815533980583,475.7281553398058,1038.8349514563108,2851742.0,2824672.0,2878812.0,104426.0,92610.0,116242.0,0.0,0.0,lock_stripping,32,3,0,10000000,sync_on,lock_stripping_p32_w3_i0_t10000000
20.25,1303.921568627451,1303.921568627451,1303.921568627451,2839184.0,2839184.0,2839184.0,89793.0,89793.0,89793.0,0.0,0.0,lock_stripping,32,3,0,10000000,sync_on,lock_stripping_p32_w3_i0_t10000000
20.28,881.1881188118812,881.1881188118812,881.1881188118812,2837300.0,2837300.0,2837300.0,110356.0,110356.0,110356.0,0.0,0.0,lock_stripping,32,3,0,10000000,sync_on,lock_stripping_p32_w3_i0_t10000000
20.31,805.8252427184467,805.8252427184467,805.8252427184467,2850680.0,2850680.0,2850680.0,121742.0,121742.0,121742.0,0.0,0.0,lock_stripping,32,3,0,10000000,sync_on,lock_stripping_p32_w3_i0_t10000000
20.34,572.8155339805826,572.8155339805826,572.8155339805826,2825008.0,2825008.0,2825008.0,116271.0,116271.0,116271.0,0.0,0.0,lock_stripping,32,3,0,10000000,sync_on,lock_stripping_p32_w3_i0_t10000000
20.35,1014.7058823529412,823.529411764706,1205.8823529411766,2859270.0,2839556.0,2878984.0,91259.5,89858.0,92661.0,0.0,0.0,lock_stripping,32,3,0,10000000,sync_on,lock_stripping_p32_w3_i0_t10000000
20.38,1078.4313725490197,1078.4313725490197,1078.4313725490197,2837900.0,2837900.0,2837900.0,112248.0,112248.0,112248.0,0.0,0.0,lock_stripping,32,3,0,10000000,sync_on,lock_stripping_p32_w3_i0_t10000000
20.41,701.9230769230769,701.9230769230769,701.9230769230769,2851000.0,2851000.0,2851000.0,121777.0,121777.0,121777.0,0.0,0.0,lock_stripping,32,3,0,10000000,sync_on,lock_stripping_p32_w3_i0_t10000000
20.45,956.8250377073906,634.6153846153846,1264.7058823529412,2848074.6666666665,2825264.0,2879164.0,99647.66666666667,89924.0,116305.0,0.0,0.0,lock_stripping,32,3,0,10000000,sync_on,lock_stripping_p32_w3_i0_t10000000
20.48,233.0097087378641,233.0097087378641,233.0097087378641,2837952.0,2837952.0,2837952.0,112265.0,112265.0,112265.0,0.0,0.0,lock_stripping,32,3,0,10000000,sync_on,lock_stripping_p32_w3_i0_t10000000
20.52,747.5728155339806,747.5728155339806,747.5728155339806,2851404.0,2851404.0,2851404.0,121813.0,121813.0,121813.0,0.0,0.0,lock_stripping,32,3,0,10000000,sync_on,lock_stripping_p32_w3_i0_t10000000
20.55,923.6117786535934,572.8155339805826,1128.7128712871286,2848393.3333333335,2825556.0,2879380.0,100311.0,91826.0,116341.0,0.0,0.0,lock_stripping,32,3,0,10000000,sync_on,lock_stripping_p32_w3_i0_t10000000
20.59,0.0,0.0,0.0,2837952.0,2837952.0,2837952.0,112265.0,112265.0,112265.0,0.0,0.0,lock_stripping,32,3,0,10000000,sync_on,lock_stripping_p32_w3_i0_t10000000
20.62,737.8640776699029,737.8640776699029,737.8640776699029,2851916.0,2851916.0,2851916.0,121854.0,121854.0,121854.0,0.0,0.0,lock_stripping,32,3,0,10000000,sync_on,lock_stripping_p32_w3_i0_t10000000
20.65,970.5882352941177,970.5882352941177,970.5882352941177,2879600.0,2879600.0,2879600.0,92812.0,92812.0,92812.0,0.0,0.0,lock_stripping,32,3,0,10000000,sync_on,lock_stripping_p32_w3_i0_t10000000
20.66,835.5225585379783,553.3980582524272,1117.6470588235295,2832398.0,2825928.0,2838868.0,101318.5,86262.0,116375.0,0.0,0.0,lock_stripping,32,3,0,10000000,sync_on,lock_stripping_p32_w3_i0_t10000000
20.69,213.59223300970876,213.59223300970876,213.59223300970876,2838224.0,2838224.0,2838224.0,112270.0,112270.0,112270.0,0.0,0.0,lock_stripping,32,3,0,10000000,sync_on,lock_stripping_p32_w3_i0_t10000000
20.72,788.4615384615385,788.4615384615385,788.4615384615385,2852408.0,2852408.0,2852408.0,121890.0,121890.0,121890.0,0.0,0.0,lock_stripping,32,3,0,10000000,sync_on,lock_stripping_p32_w3_i0_t10000000
20.75,801.980198019802,801.980198019802,801.980198019802,2879740.0,2879740.0,2879740.0,92861.0,92861.0,92861.0,0.0,0.0,lock_stripping,32,3,0,10000000,sync_on,lock_stripping_p32_w3_i0_t10000000
20.76,989.3780640199942,572.8155339805826,1405.9405940594058,2832824.0,2826196.0,2839452.0,101374.0,86339.0,116409.0,0.0,0.0,lock_stripping,32,3,0,10000000,sync_on,lock_stripping_p32_w3_i0_t10000000
20.79,1009.7087378640778,1009.7087378640778,1009.7087378640778,2836852.0,2836852.0,2836852.0,110464.0,110464.0,110464.0,0.0,0.0,lock_stripping,32,3,0,10000000,sync_on,lock_stripping_p32_w3_i0_t10000000
20.82,843.1372549019609,843.1372549019609,843.1372549019609,2852816.0,2852816.0,2852816.0,122261.0,122261.0,122261.0,0.0,0.0,lock_stripping,32,3,0,10000000,sync_on,lock_stripping_p32_w3_i0_t10000000
20.86,952.1860524144935,815.5339805825244,1225.4901960784314,2848882.6666666665,2826640.0,2880092.0,98584.66666666667,86407.0,116443.0,0.0,0.0,lock_stripping,32,3,0,10000000,sync_on,lock_stripping_p32_w3_i0_t10000000
20.89,1058.2524271844661,1058.2524271844661,1058.2524271844661,2837176.0,2837176.0,2837176.0,110526.0,110526.0,110526.0,0.0,0.0,lock_stripping,32,3,0,10000000,sync_on,lock_stripping_p32_w3_i0_t10000000
20.93,398.05825242718447,398.05825242718447,398.05825242718447,2853244.0,2853244.0,2853244.0,123807.0,123807.0,123807.0,0.0,0.0,lock_stripping,32,3,0,10000000,sync_on,lock_stripping_p32_w3_i0_t10000000
20.96,993.4640522875819,852.9411764705883,1147.058823529412,2849186.6666666665,2827108.0,2880280.0,98930.0,87360.0,116477.0,0.0,0.0,lock_stripping,32,3,0,10000000,sync_on,lock_stripping_p32_w3_i0_t10000000
21.0,774.5098039215687,774.5098039215687,774.5098039215687,2837456.0,2837456.0,2837456.0,110816.0,110816.0,110816.0,0.0,0.0,lock_stripping,32,3,0,10000000,sync_on,lock_stripping_p32_w3_i0_t10000000
21.03,19.417475728155342,19.417475728155342,19.417475728155342,2853248.0,2853248.0,2853248.0,123808.0,123808.0,123808.0,0.0,0.0,lock_stripping,32,3,0,10000000,sync_on,lock_stripping_p32_w3_i0_t10000000
21.06,955.8823529411766,833.3333333333334,1078.4313725490197,2859616.0,2838636.0,2880596.0,89887.0,86779.0,92995.0,0.0,0.0,lock_stripping,32,3,0,10000000,sync_on,lock_stripping_p32_w3_i0_t10000000
21.07,757.2815533980583,757.2815533980583,757.2815533980583,2827604.0,2827604.0,2827604.0,116513.0,116513.0,116513.0,0.0,0.0,lock_stripping,32,3,0,10000000,sync_on,lock_stripping_p32_w3_i0_t10000000
21.1,737.8640776699029,737.8640776699029,737.8640776699029,2838172.0,2838172.0,2838172.0,106833.0,106833.0,106833.0,0.0,0.0,lock_stripping,32,3,0,10000000,sync_on,lock_stripping_p32_w3_i0_t10000000
21.14,0.0,0.0,0.0,2853248.0,2853248.0,2853248.0,123808.0,123808.0,123808.0,0.0,0.0,lock_stripping,32,3,0,10000000,sync_on,lock_stripping_p32_w3_i0_t10000000
21.16,1049.9417588817705,911.764705882353,1188.118811881188,2860120.0,2839452.0,2880788.0,90722.5,88407.0,93038.0,0.0,0.0,lock_stripping,32,3,0,10000000,sync_on,lock_stripping_p32_w3_i0_t10000000
21.17,621.3592233009709,621.3592233009709,621.3592233009709,2827796.0,2827796.0,2827796.0,116551.0,116551.0,116551.0,0.0,0.0,lock_stripping,32,3,0,10000000,sync_on,lock_stripping_p32_w3_i0_t10000000
21.2,941.747572815534,941.747572815534,941.747572815534,2838648.0,2838648.0,2838648.0,106878.0,106878.0,106878.0,0.0,0.0,lock_stripping,32,3,0,10000000,sync_on,lock_stripping_p32_w3_i0_t10000000
21.24,0.0,0.0,0.0,2853248.0,2853248.0,2853248.0,123808.0,123808.0,123808.0,0.0,0.0,lock_stripping,32,3,0,10000000,sync_on,lock_stripping_p32_w3_i0_t10000000
21.27,922.8694714131607,601.9417475728155,1166.6666666666667,2849237.3333333335,2828104.0,2881400.0,99463.66666666667,86623.0,116848.0,0.0,0.0,lock_stripping,32,3,0,10000000,sync_on,lock_stripping_p32_w3_i0_t10000000
21.31,912.621359223301,912.621359223301,912.621359223301,2838932.0,2838932.0,2838932.0,107196.0,107196.0,107196.0,0.0,0.0,lock_stripping,32,3,0,10000000,sync_on,lock_stripping_p32_w3_i0_t10000000
21.34,0.0,0.0,0.0,2853248.0,2853248.0,2853248.0,123808.0,123808.0,123808.0,0.0,0.0,lock_stripping,32,3,0,10000000,sync_on,lock_stripping_p32_w3_i0_t10000000
21.37,973.4691915793521,679.6116504854369,1267.3267326732673,2859330.0,2838832.0,2879828.0,89901.0,86694.0,93108.0,0.0,0.0,lock_stripping,32,3,0,10000000,sync_on,lock_stripping_p32_w3_i0_t10000000
21.38,300.97087378640776,300.97087378640776,300.97087378640776,2828240.0,2828240.0,2828240.0,116869.0,116869.0,116869.0,0.0,0.0,lock_stripping,32,3,0,10000000,sync_on,lock_stripping_p32_w3_i0_t10000000
21.41,961.1650485436894,961.1650485436894,961.1650485436894,2839288.0,2839288.0,2839288.0,103473.0,103473.0,103473.0,0.0,0.0,lock_stripping,32,3,0,10000000,sync_on,lock_stripping_p32_w3_i0_t10000000
21.45,0.0,0.0,0.0,2853248.0,2853248.0,2853248.0,123808.0,123808.0,123808.0,0.0,0.0,lock_stripping,32,3,0,10000000,sync_on,lock_stripping_p32_w3_i0_t10000000
21.47,959.7180731889471,621.3592233009709,1298.076923076923,2859668.0,2839172.0,2880164.0,90089.0,86772.0,93406.0,0.0,0.0,lock_stripping,32,3,0,10000000,sync_on,lock_stripping_p32_w3_i0_t10000000
21.48,572.8155339805826,572.8155339805826,572.8155339805826,2828724.0,2828724.0,2828724.0,112851.0,112851.0,112851.0,0.0,0.0,lock_stripping,32,3,0,10000000,sync_on,lock_stripping_p32_w3_i0_t10000000
21.51,621.3592233009709,621.3592233009709,621.3592233009709,2839572.0,2839572.0,2839572.0,99466.0,99466.0,99466.0,0.0,0.0,lock_stripping,32,3,0,10000000,sync_on,lock_stripping_p32_w3_i0_t10000000
21.55,0.0,0.0,0.0,2853248.0,2853248.0,2853248.0,123808.0,123808.0,123808.0,0.0,0.0,lock_stripping,32,3,0,10000000,sync_on,lock_stripping_p32_w3_i0_t10000000
21.57,787.5612803998847,456.3106796116505,1118.8118811881188,2859996.0,2839692.0,2880300.0,90131.5,86831.0,93432.0,0.0,0.0,lock_stripping,32,3,0,10000000,sync_on,lock_stripping_p32_w3_i0_t10000000
21.58,621.3592233009709,621.3592233009709,621.3592233009709,2828824.0,2828824.0,2828824.0,112886.0,112886.0,112886.0,0.0,0.0,lock_stripping,32,3,0,10000000,sync_on,lock_stripping_p32_w3_i0_t10000000
21.61,990.2912621359224,990.2912621359224,990.2912621359224,2839872.0,2839872.0,2839872.0,99518.0,99518.0,99518.0,0.0,0.0,lock_stripping,32,3,0,10000000,sync_on,lock_stripping_p32_w3_i0_t10000000
21.65,0.0,0.0,0.0,2853248.0,2853248.0,2853248.0,123808.0,123808.0,123808.0,0.0,0.0,lock_stripping,32,3,0,10000000,sync_on,lock_stripping_p32_w3_i0_t10000000
21.67,1117.6470588235295,1117.6470588235295,1117.6470588235295,2840060.0,2840060.0,2840060.0,86903.0,86903.0,86903.0,0.0,0.0,lock_stripping,32,3,0,10000000,sync_on,lock_stripping_p32_w3_i0_t10000000
21.68,587.3786407766991,524.2718446601942,650.4854368932039,2854694.0,2829024.0,2880364.0,101174.0,89431.0,112917.0,0.0,0.0,lock_stripping,32,3,0,10000000,sync_on,lock_stripping_p32_w3_i0_t10000000
21.72,1107.843137254902,1107.843137254902,1107.843137254902,2840336.0,2840336.0,2840336.0,99577.0,99577.0,99577.0,0.0,0.0,lock_stripping,32,3,0,10000000,sync_on,lock_stripping_p32_w3_i0_t10000000
21.75,135.92233009708738,135.92233009708738,135.92233009708738,2853272.0,2853272.0,2853272.0,123815.0,123815.0,123815.0,0.0,0.0,lock_stripping,32,3,0,10000000,sync_on,lock_stripping_p32_w3_i0_t10000000
21.77,1107.843137254902,1107.843137254902,1107.843137254902,2840476.0,2840476.0,2840476.0,86967.0,86967.0,86967.0,0.0,0.0,lock_stripping,32,3,0,10000000,sync_on,lock_stripping_p32_w3_i0_t10000000
21.78,854.368932038835,854.368932038835,854.368932038835,2880836.0,2880836.0,2880836.0,89485.0,89485.0,89485.0,0.0,0.0,lock_stripping,32,3,0,10000000,sync_on,lock_stripping_p32_w3_i0_t10000000
21.79,475.7281553398058,475.7281553398058,475.7281553398058,2829228.0,2829228.0,2829228.0,112941.0,112941.0,112941.0,0.0,0.0,lock_stripping,32,3,0,10000000,sync_on,lock_stripping_p32_w3_i0_t10000000
21.82,851.4851485148514,851.4851485148514,851.4851485148514,2840672.0,2840672.0,2840672.0,99625.0,99625.0,99625.0,0.0,0.0,lock_stripping,32,3,0,10000000,sync_on,lock_stripping_p32_w3_i0_t10000000
21.86,384.61538461538464,384.61538461538464,384.61538461538464,2851784.0,2851784.0,2851784.0,121990.0,121990.0,121990.0,0.0,0.0,lock_stripping,32,3,0,10000000,sync_on,lock_stripping_p32_w3_i0_t10000000
21.88,1073.5294117647059,764.7058823529412,1382.3529411764707,2861022.0,2841080.0,2880964.0,88288.5,87045.0,89532.0,0.0,0.0,lock_stripping,32,3,0,10000000,sync_on,lock_stripping_p32_w3_i0_t10000000
21.89,699.0291262135922,699.0291262135922,699.0291262135922,2829404.0,2829404.0,2829404.0,112978.0,112978.0,112978.0,0.0,0.0,lock_stripping,32,3,0,10000000,sync_on,lock_stripping_p32_w3_i0_t10000000
21.92,1019.6078431372549,1019.6078431372549,1019.6078431372549,2840816.0,2840816.0,2840816.0,99683.0,99683.0,99683.0,0.0,0.0,lock_stripping,32,3,0,10000000,sync_on,lock_stripping_p32_w3_i0_t10000000
21.96,417.4757281553398,417.4757281553398,417.4757281553398,2852036.0,2852036.0,2852036.0,122011.0,122011.0,122011.0,0.0,0.0,lock_stripping,32,3,0,10000000,sync_on,lock_stripping_p32_w3_i0_t10000000
21.98,1182.6923076923078,1182.6923076923078,1182.6923076923078,2841540.0,2841540.0,2841540.0,87101.0,87101.0,87101.0,0.0,0.0,lock_stripping,32,3,0,10000000,sync_on,lock_stripping_p32_w3_i0_t10000000
21.99,757.2815533980583,650.4854368932039,864.0776699029127,2855326.0,2829496.0,2881156.0,101303.5,89583.0,113024.0,0.0,0.0,lock_stripping,32,3,0,10000000,sync_on,lock_stripping_p32_w3_i0_t10000000
22.02,1176.4705882352941,1176.4705882352941,1176.4705882352941,2841248.0,2841248.0,2841248.0,99746.0,99746.0,99746.0,0.0,0.0,lock_stripping,32,3,0,10000000,sync_on,lock_stripping_p32_w3_i0_t10000000
22.07,576.9230769230769,576.9230769230769,576.9230769230769,2852268.0,2852268.0,2852268.0,122055.0,122055.0,122055.0,0.0,0.0,lock_stripping,32,3,0,10000000,sync_on,lock_stripping_p32_w3_i0_t10000000
22.08,1166.6666666666667,1166.6666666666667,1166.6666666666667,2841956.0,2841956.0,2841956.0,87169.0,87169.0,87169.0,0.0,0.0,lock_stripping,32,3,0,10000000,sync_on,lock_stripping_p32_w3_i0_t10000000
22.09,894.2307692307693,894.2307692307693,894.2307692307693,2881444.0,2881444.0,2881444.0,89626.0,89626.0,89626.0,0.0,0.0,lock_stripping,32,3,0,10000000,sync_on,lock_stripping_p32_w3_i0_t10000000
22.1,650.4854368932039,650.4854368932039,650.4854368932039,2829728.0,2829728.0,2829728.0,113057.0,113057.0,113057.0,0.0,0.0,lock_stripping,32,3,0,10000000,sync_on,lock_stripping_p32_w3_i0_t10000000
22.12,1009.9009900990098,1009.9009900990098,1009.9009900990098,2841576.0,2841576.0,2841576.0,96028.0,96028.0,96028.0,0.0,0.0,lock_stripping,32,3,0,10000000,sync_on,lock_stripping_p32_w3_i0_t10000000
22.17,660.1941747572816,660.1941747572816,660.1941747572816,2852596.0,2852596.0,2852596.0,122090.0,122090.0,122090.0,0.0,0.0,lock_stripping,32,3,0,10000000,sync_on,lock_stripping_p32_w3_i0_t10000000
22.18,1372.5490196078433,1372.5490196078433,1372.5490196078433,2842728.0,2842728.0,2842728.0,87238.0,87238.0,87238.0,0.0,0.0,lock_stripping,32,3,0,10000000,sync_on,lock_stripping_p32_w3_i0_t10000000
22.19,801.980198019802,801.980198019802,801.980198019802,2881616.0,2881616.0,2881616.0,89666.0,89666.0,89666.0,0.0,0.0,lock_stripping,32,3,0,10000000,sync_on,lock_stripping_p32_w3_i0_t10000000
22.2,611.6504854368933,611.6504854368933,611.6504854368933,2829972.0,2829972.0,2829972.0,113096.0,113096.0,113096.0,0.0,0.0,lock_stripping,32,3,0,10000000,sync_on,lock_stripping_p32_w3_i0_t10000000
22.23,826.9230769230769,826.9230769230769,826.9230769230769,2841740.0,2841740.0,2841740.0,96078.0,96078.0,96078.0,0.0,0.0,lock_stripping,32,3,0,10000000,sync_on,lock_stripping_p32_w3_i0_t10000000
22.27,750.0,750.0,750.0,2853084.0,2853084.0,2853084.0,122129.0,122129.0,122129.0,0.0,0.0,lock_stripping,32,3,0,10000000,sync_on,lock_stripping_p32_w3_i0_t10000000
22.29,1205.8823529411766,1205.8823529411766,1205.8823529411766,2843312.0,2843312.0,2843312.0,87305.0,87305.0,87305.0,0.0,0.0,lock_stripping,32,3,0,10000000,sync_on,lock_stripping_p32_w3_i0_t10000000
22.3,641.9436146377894,524.2718446601942,759.6153846153846,2855972.0,2830132.0,2881812.0,101423.5,89718.0,113129.0,0.0,0.0,lock_stripping,32,3,0,10000000,sync_on,lock_stripping_p32_w3_i0_t10000000
22.33,1009.7087378640778,1009.7087378640778,1009.7087378640778,2842072.0,2842072.0,2842072.0,92350.0,92350.0,92350.0,0.0,0.0,lock_stripping,32,3,0,10000000,sync_on,lock_stripping_p32_w3_i0_t10000000
22.38,728.1553398058253,728.1553398058253,728.1553398058253,2853716.0,2853716.0,2853716.0,123480.0,123480.0,123480.0,0.0,0.0,lock_stripping,32,3,0,10000000,sync_on,lock_stripping_p32_w3_i0_t10000000
22.39,1362.7450980392157,1362.7450980392157,1362.7450980392157,2843652.0,2843652.0,2843652.0,87374.0,87374.0,87374.0,0.0,0.0,lock_stripping,32,3,0,10000000,sync_on,lock_stripping_p32_w3_i0_t10000000
22.4,669.9029126213593,669.9029126213593,669.9029126213593,2882032.0,2882032.0,2882032.0,89758.0,89758.0,89758.0,0.0,0.0,lock_stripping,32,3,0,10000000,sync_on,lock_stripping_p32_w3_i0_t10000000
22.41,776.6990291262136,776.6990291262136,776.6990291262136,2830356.0,2830356.0,2830356.0,113168.0,113168.0,113168.0,0.0,0.0,lock_stripping,32,3,0,10000000,sync_on,lock_stripping_p32_w3_i0_t10000000
22.43,805.8252427184467,805.8252427184467,805.8252427184467,2842392.0,2842392.0,2842392.0,92394.0,92394.0,92394.0,0.0,0.0,lock_stripping,32,3,0,10000000,sync_on,lock_stripping_p32_w3_i0_t10000000
22.48,349.5145631067961,349.5145631067961,349.5145631067961,2853936.0,2853936.0,2853936.0,123493.0,123493.0,123493.0,0.0,0.0,lock_stripping,32,3,0,10000000,sync_on,lock_stripping_p32_w3_i0_t10000000
22.49,1227.7227722772277,1227.7227722772277,1227.7227722772277,2843976.0,2843976.0,2843976.0,87438.0,87438.0,87438.0,0.0,0.0,lock_stripping,32,3,0,10000000,sync_on,lock_stripping_p32_w3_i0_t10000000
22.5,627.4509803921569,627.4509803921569,627.4509803921569,2882340.0,2882340.0,2882340.0,89788.0,89788.0,89788.0,0.0,0.0,lock_stripping,32,3,0,10000000,sync_on,lock_stripping_p32_w3_i0_t10000000
22.51,788.4615384615385,788.4615384615385,788.4615384615385,2830532.0,2830532.0,2830532.0,113211.0,113211.0,113211.0,0.0,0.0,lock_stripping,32,3,0,10000000,sync_on,lock_stripping_p32_w3_i0_t10000000
22.54,1029.1262135922332,1029.1262135922332,1029.1262135922332,2842648.0,2842648.0,2842648.0,92795.0,92795.0,92795.0,0.0,0.0,lock_stripping,32,3,0,10000000,sync_on,lock_stripping_p32_w3_i0_t10000000
22.58,0.0,0.0,0.0,2853936.0,2853936.0,2853936.0,123493.0,123493.0,123493.0,0.0,0.0,lock_stripping,32,3,0,10000000,sync_on,lock_stripping_p32_w3_i0_t10000000
22.59,1392.1568627450981,1392.1568627450981,1392.1568627450981,2844492.0,2844492.0,2844492.0,87508.0,87508.0,87508.0,0.0,0.0,lock_stripping,32,3,0,10000000,sync_on,lock_stripping_p32_w3_i0_t10000000
22.6,786.4077669902913,786.4077669902913,786.4077669902913,2882644.0,2882644.0,2882644.0,90857.0,90857.0,90857.0,0.0,0.0,lock_stripping,32,3,0,10000000,sync_on,lock_stripping_p32_w3_i0_t10000000
22.61,446.6019417475728,446.6019417475728,446.6019417475728,2830704.0,2830704.0,2830704.0,113236.0,113236.0,113236.0,0.0,0.0,lock_stripping,32,3,0,10000000,sync_on,lock_stripping_p32_w3_i0_t10000000
22.64,815.5339805825244,815.5339805825244,815.5339805825244,2841248.0,2841248.0,2841248.0,92483.0,92483.0,92483.0,0.0,0.0,lock_stripping,32,3,0,10000000,sync_on,lock_stripping_p32_w3_i0_t10000000
22.69,613.8613861386139,0.0,1227.7227722772277,2849402.0,2844868.0,2853936.0,106016.0,88539.0,123493.0,0.0,0.0,lock_stripping,32,3,0,10000000,sync_on,lock_stripping_p32_w3_i0_t10000000
22.71,436.8932038834952,368.93203883495147,504.8543689320389,2856684.0,2830792.0,2882576.0,102475.0,91696.0,113254.0,0.0,0.0,lock_stripping,32,3,0,10000000,sync_on,lock_stripping_p32_w3_i0_t10000000
22.74,862.7450980392157,862.7450980392157,862.7450980392157,2841584.0,2841584.0,2841584.0,92521.0,92521.0,92521.0,0.0,0.0,lock_stripping,32,3,0,10000000,sync_on,lock_stripping_p32_w3_i0_t10000000
22.79,0.0,0.0,0.0,2853936.0,2853936.0,2853936.0,123493.0,123493.0,123493.0,0.0,0.0,lock_stripping,32,3,0,10000000,sync_on,lock_stripping_p32_w3_i0_t10000000
22.8,1127.450980392157,1127.450980392157,1127.450980392157,2843464.0,2843464.0,2843464.0,87619.0,87619.0,87619.0,0.0,0.0,lock_stripping,32,3,0,10000000,sync_on,lock_stripping_p32_w3_i0_t10000000
22.81,106.79611650485438,106.79611650485438,106.79611650485438,2882604.0,2882604.0,2882604.0,91699.0,91699.0,91699.0,0.0,0.0,lock_stripping,32,3,0,10000000,sync_on,lock_stripping_p32_w3_i0_t10000000
22.82,640.7766990291262,640.7766990291262,640.7766990291262,2831012.0,2831012.0,2831012.0,114070.0,114070.0,114070.0,0.0,0.0,lock_stripping,32,3,0,10000000,sync_on,lock_stripping_p32_w3_i0_t10000000
22.84,705.8823529411765,705.8823529411765,705.8823529411765,2841756.0,2841756.0,2841756.0,92562.0,92562.0,92562.0,0.0,0.0,lock_stripping,32,3,0,10000000,sync_on,lock_stripping_p32_w3_i0_t10000000
22.89,0.0,0.0,0.0,2853936.0,2853936.0,2853936.0,123493.0,123493.0,123493.0,0.0,0.0,lock_stripping,32,3,0,10000000,sync_on,lock_stripping_p32_w3_i0_t10000000
22.9,1198.019801980198,1198.019801980198,1198.019801980198,2843792.0,2843792.0,2843792.0,87683.0,87683.0,87683.0,0.0,0.0,lock_stripping,32,3,0,10000000,sync_on,lock_stripping_p32_w3_i0_t10000000
22.91,0.0,0.0,0.0,2882604.0,2882604.0,2882604.0,91701.0,91701.0,91701.0,0.0,0.0,lock_stripping,32,3,0,10000000,sync_on,lock_stripping_p32_w3_i0_t10000000
22.92,669.9029126213593,669.9029126213593,669.9029126213593,2829820.0,2829820.0,2829820.0,113311.0,113311.0,113311.0,0.0,0.0,lock_stripping,32,3,0,10000000,sync_on,lock_stripping_p32_w3_i0_t10000000
22.95,592.2330097087379,592.2330097087379,592.2330097087379,2842036.0,2842036.0,2842036.0,92595.0,92595.0,92595.0,0.0,0.0,lock_stripping,32,3,0,10000000,sync_on,lock_stripping_p32_w3_i0_t10000000
23.0,637.2549019607843,0.0,1274.5098039215686,2849034.0,2844132.0,2853936.0,105624.0,87750.0,123498.0,0.0,0.0,lock_stripping,32,3,0,10000000,sync_on,lock_stripping_p32_w3_i0_t10000000
23.02,543.6893203883496,378.6407766990292,708.73786407767,2855502.0,2829988.0,2881016.0,101613.5,89875.0,113352.0,0.0,0.0,lock_stripping,32,3,0,10000000,sync_on,lock_stripping_p32_w3_i0_t10000000
23.05,725.4901960784314,725.4901960784314,725.4901960784314,2842272.0,2842272.0,2842272.0,92637.0,92637.0,92637.0,0.0,0.0,lock_stripping,32,3,0,10000000,sync_on,lock_stripping_p32_w3_i0_t10000000
23.1,830.0970873786408,378.6407766990292,1281.5533980582525,2849372.0,2844496.0,2854248.0,105666.5,87818.0,123515.0,0.0,0.0,lock_stripping,32,3,0,10000000,sync_on,lock_stripping_p32_w3_i0_t10000000
23.12,514.5631067961166,514.5631067961166,514.5631067961166,2881448.0,2881448.0,2881448.0,89898.0,89898.0,89898.0,0.0,0.0,lock_stripping,32,3,0,10000000,sync_on,lock_stripping_p32_w3_i0_t10000000
23.13,529.4117647058824,529.4117647058824,529.4117647058824,2830148.0,2830148.0,2830148.0,113387.0,113387.0,113387.0,0.0,0.0,lock_stripping,32,3,0,10000000,sync_on,lock_stripping_p32_w3_i0_t10000000
23.15,854.368932038835,854.368932038835,854.368932038835,2842624.0,2842624.0,2842624.0,92689.0,92689.0,92689.0,0.0,0.0,lock_stripping,32,3,0,10000000,sync_on,lock_stripping_p32_w3_i0_t10000000
23.2,965.5369383092154,653.8461538461539,1277.227722772277,2849056.0,2844932.0,2853180.0,105057.5,87883.0,122232.0,0.0,0.0,lock_stripping,32,3,0,10000000,sync_on,lock_stripping_p32_w3_i0_t10000000
23.22,750.0,750.0,750.0,2881908.0,2881908.0,2881908.0,89945.0,89945.0,89945.0,0.0,0.0,lock_stripping,32,3,0,10000000,sync_on,lock_stripping_p32_w3_i0_t10000000
23.23,686.2745098039217,686.2745098039217,686.2745098039217,2830336.0,2830336.0,2830336.0,113425.0,113425.0,113425.0,0.0,0.0,lock_stripping,32,3,0,10000000,sync_on,lock_stripping_p32_w3_i0_t10000000
23.25,796.1165048543689,796.1165048543689,796.1165048543689,2842760.0,2842760.0,2842760.0,92727.0,92727.0,92727.0,0.0,0.0,lock_stripping,32,3,0,10000000,sync_on,lock_stripping_p32_w3_i0_t10000000
23.3,1166.6666666666667,1166.6666666666667,1166.6666666666667,2845292.0,2845292.0,2845292.0,89776.0,89776.0,89776.0,0.0,0.0,lock_stripping,32,3,0,10000000,sync_on,lock_stripping_p32_w3_i0_t10000000
23.31,660.1941747572816,660.1941747572816,660.1941747572816,2853856.0,2853856.0,2853856.0,122261.0,122261.0,122261.0,0.0,0.0,lock_stripping,32,3,0,10000000,sync_on,lock_stripping_p32_w3_i0_t10000000
23.32,752.4752475247524,752.4752475247524,752.4752475247524,2882136.0,2882136.0,2882136.0,89981.0,89981.0,89981.0,0.0,0.0,lock_stripping,32,3,0,10000000,sync_on,lock_stripping_p32_w3_i0_t10000000
23.33,660.1941747572816,660.1941747572816,660.1941747572816,2830672.0,2830672.0,2830672.0,113464.0,113464.0,113464.0,0.0,0.0,lock_stripping,32,3,0,10000000,sync_on,lock_stripping_p32_w3_i0_t10000000
23.36,883.495145631068,883.495145631068,883.495145631068,2842972.0,2842972.0,2842972.0,92772.0,92772.0,92772.0,0.0,0.0,lock_stripping,32,3,0,10000000,sync_on,lock_stripping_p32_w3_i0_t10000000
23.41,915.603579588728,682.6923076923077,1148.5148514851485,2848946.0,2843908.0,2853984.0,105146.5,87985.0,122308.0,0.0,0.0,lock_stripping,32,3,0,10000000,sync_on,lock_stripping_p32_w3_i0_t10000000
23.43,787.3412994772218,766.990291262136,807.6923076923077,2856678.0,2830972.0,2882384.0,101767.0,90025.0,113509.0,0.0,0.0,lock_stripping,32,3,0,10000000,sync_on,lock_stripping_p32_w3_i0_t10000000
23.46,864.0776699029127,864.0776699029127,864.0776699029127,2843196.0,2843196.0,2843196.0,92820.0,92820.0,92820.0,0.0,0.0,lock_stripping,32,3,0,10000000,sync_on,lock_stripping_p32_w3_i0_t10000000
23.51,1035.693889206168,718.4466019417476,1352.9411764705883,2849352.0,2844280.0,2854424.0,105513.5,88043.0,122984.0,0.0,0.0,lock_stripping,32,3,0,10000000,sync_on,lock_stripping_p32_w3_i0_t10000000
23.53,941.747572815534,941.747572815534,941.747572815534,2882600.0,2882600.0,2882600.0,90233.0,90233.0,90233.0,0.0,0.0,lock_stripping,32,3,0,10000000,sync_on,lock_stripping_p32_w3_i0_t10000000
23.54,718.4466019417476,718.4466019417476,718.4466019417476,2831328.0,2831328.0,2831328.0,113545.0,113545.0,113545.0,0.0,0.0,lock_stripping,32,3,0,10000000,sync_on,lock_stripping_p32_w3_i0_t10000000
23.56,621.3592233009709,621.3592233009709,621.3592233009709,2843292.0,2843292.0,2843292.0,92853.0,92853.0,92853.0,0.0,0.0,lock_stripping,32,3,0,10000000,sync_on,lock_stripping_p32_w3_i0_t10000000
23.61,1245.0980392156864,1245.0980392156864,1245.0980392156864,2844544.0,2844544.0,2844544.0,88113.0,88113.0,88113.0,0.0,0.0,lock_stripping,32,3,0,10000000,sync_on,lock_stripping_p32_w3_i0_t10000000
23.62,669.9029126213593,669.9029126213593,669.9029126213593,2854620.0,2854620.0,2854620.0,124225.0,124225.0,124225.0,0.0,0.0,lock_stripping,32,3,0,10000000,sync_on,lock_stripping_p32_w3_i0_t10000000
23.63,574.2574257425742,574.2574257425742,574.2574257425742,2882928.0,2882928.0,2882928.0,90373.0,90373.0,90373.0,0.0,0.0,lock_stripping,32,3,0,10000000,sync_on,lock_stripping_p32_w3_i0_t10000000
23.64,485.4368932038835,485.4368932038835,485.4368932038835,2831420.0,2831420.0,2831420.0,113578.0,113578.0,113578.0,0.0,0.0,lock_stripping,32,3,0,10000000,sync_on,lock_stripping_p32_w3_i0_t10000000
23.67,961.1650485436894,961.1650485436894,961.1650485436894,2843548.0,2843548.0,2843548.0,93167.0,93167.0,93167.0,0.0,0.0,lock_stripping,32,3,0,10000000,sync_on,lock_stripping_p32_w3_i0_t10000000
23.71,1287.128712871287,1287.128712871287,1287.128712871287,2844888.0,2844888.0,2844888.0,88407.0,88407.0,88407.0,0.0,0.0,lock_stripping,32,3,0,10000000,sync_on,lock_stripping_p32_w3_i0_t10000000
23.72,538.4615384615385,538.4615384615385,538.4615384615385,2853272.0,2853272.0,2853272.0,122401.0,122401.0,122401.0,0.0,0.0,lock_stripping,32,3,0,10000000,sync_on,lock_stripping_p32_w3_i0_t10000000
23.73,1019.2307692307693,1019.2307692307693,1019.2307692307693,2883228.0,2883228.0,2883228.0,86389.0,86389.0,86389.0,0.0,0.0,lock_stripping,32,3,0,10000000,sync_on,lock_stripping_p32_w3_i0_t10000000
23.74,466.0194174757282,466.0194174757282,466.0194174757282,2831536.0,2831536.0,2831536.0,113600.0,113600.0,113600.0,0.0,0.0,lock_stripping,32,3,0,10000000,sync_on,lock_stripping_p32_w3_i0_t10000000
23.77,769.2307692307693,769.2307692307693,769.2307692307693,2843768.0,2843768.0,2843768.0,89165.0,89165.0,89165.0,0.0,0.0,lock_stripping,32,3,0,10000000,sync_on,lock_stripping_p32_w3_i0_t10000000
23.81,1009.8039215686275,1009.8039215686275,1009.8039215686275,2845396.0,2845396.0,2845396.0,90043.0,90043.0,90043.0,0.0,0.0,lock_stripping,32,3,0,10000000,sync_on,lock_stripping_p32_w3_i0_t10000000
23.82,776.6990291262136,776.6990291262136,776.6990291262136,2853700.0,2853700.0,2853700.0,122442.0,122442.0,122442.0,0.0,0.0,lock_stripping,32,3,0,10000000,sync_on,lock_stripping_p32_w3_i0_t10000000
23.84,980.5825242718447,980.5825242718447,980.5825242718447,2883540.0,2883540.0,2883540.0,86447.0,86447.0,86447.0,0.0,0.0,lock_stripping,32,3,0,10000000,sync_on,lock_stripping_p32_w3_i0_t10000000
23.85,640.7766990291262,640.7766990291262,640.7766990291262,2831688.0,2831688.0,2831688.0,113638.0,113638.0,113638.0,0.0,0.0,lock_stripping,32,3,0,10000000,sync_on,lock_stripping_p32_w3_i0_t10000000
23.87,912.621359223301,912.621359223301,912.621359223301,2844128.0,2844128.0,2844128.0,89210.0,89210.0,89210.0,0.0,0.0,lock_stripping,32,3,0,10000000,sync_on,lock_stripping_p32_w3_i0_t10000000
23.91,1223.3009708737866,1223.3009708737866,1223.3009708737866,2844212.0,2844212.0,2844212.0,88263.0,88263.0,88263.0,0.0,0.0,lock_stripping,32,3,0,10000000,sync_on,lock_stripping_p32_w3_i0_t10000000
23.93,786.4077669902913,786.4077669902913,786.4077669902913,2854204.0,2854204.0,2854204.0,122482.0,122482.0,122482.0,0.0,0.0,lock_stripping,32,3,0,10000000,sync_on,lock_stripping_p32_w3_i0_t10000000
23.94,922.3300970873787,922.3300970873787,922.3300970873787,2883828.0,2883828.0,2883828.0,86500.0,86500.0,86500.0,0.0,0.0,lock_stripping,32,3,0,10000000,sync_on,lock_stripping_p32_w3_i0_t10000000
23.95,699.0291262135922,699.0291262135922,699.0291262135922,2832028.0,2832028.0,2832028.0,113677.0,113677.0,113677.0,0.0,0.0,lock_stripping,32,3,0,10000000,sync_on,lock_stripping_p32_w3_i0_t10000000
23.98,1039.2156862745098,1039.2156862745098,1039.2156862745098,2844504.0,2844504.0,2844504.0,89256.0,89256.0,89256.0,0.0,0.0,lock_stripping,32,3,0,10000000,sync_on,lock_stripping_p32_w3_i0_t10000000
24.02,1184.4660194174758,1184.4660194174758,1184.4660194174758,2844780.0,2844780.0,2844780.0,88330.0,88330.0,88330.0,0.0,0.0,lock_stripping,32,3,0,10000000,sync_on,lock_stripping_p32_w3_i0_t10000000
24.03,883.495145631068,883.495145631068,883.495145631068,2854592.0,2854592.0,2854592.0,122531.0,122531.0,122531.0,0.0,0.0,lock_stripping,32,3,0,10000000,sync_on,lock_stripping_p32_w3_i0_t10000000
24.04,980.1980198019801,980.1980198019801,980.1980198019801,2884152.0,2884152.0,2884152.0,86545.0,86545.0,86545.0,0.0,0.0,lock_stripping,32,3,0,10000000,sync_on,lock_stripping_p32_w3_i0_t10000000
24.05,689.3203883495146,689.3203883495146,689.3203883495146,2832180.0,2832180.0,2832180.0,113710.0,113710.0,113710.0,0.0,0.0,lock_stripping,32,3,0,10000000,sync_on,lock_stripping_p32_w3_i0_t10000000
24.08,794.1176470588235,794.1176470588235,794.1176470588235,2844648.0,2844648.0,2844648.0,89299.0,89299.0,89299.0,0.0,0.0,lock_stripping,32,3,0,10000000,sync_on,lock_stripping_p32_w3_i0_t10000000
24.12,1237.6237623762374,1237.6237623762374,1237.6237623762374,2845420.0,2845420.0,2845420.0,88395.0,88395.0,88395.0,0.0,0.0,lock_stripping,32,3,0,10000000,sync_on,lock_stripping_p32_w3_i0_t10000000
24.13,673.0769230769231,673.0769230769231,673.0769230769231,2854924.0,2854924.0,2854924.0,122561.0,122561.0,122561.0,0.0,0.0,lock_stripping,32,3,0,10000000,sync_on,lock_stripping_p32_w3_i0_t10000000
24.14,864.0776699029127,864.0776699029127,864.0776699029127,2884424.0,2884424.0,2884424.0,86579.0,86579.0,86579.0,0.0,0.0,lock_stripping,32,3,0,10000000,sync_on,lock_stripping_p32_w3_i0_t10000000
24.16,805.8252427184467,805.8252427184467,805.8252427184467,2832620.0,2832620.0,2832620.0,113756.0,113756.0,113756.0,0.0,0.0,lock_stripping,32,3,0,10000000,sync_on,lock_stripping_p32_w3_i0_t10000000
24.18,932.0388349514564,932.0388349514564,932.0388349514564,2844776.0,2844776.0,2844776.0,89351.0,89351.0,89351.0,0.0,0.0,lock_stripping,32,3,0,10000000,sync_on,lock_stripping_p32_w3_i0_t10000000
24.22,1196.0784313725492,1196.0784313725492,1196.0784313725492,2845940.0,2845940.0,2845940.0,88459.0,88459.0,88459.0,0.0,0.0,lock_stripping,32,3,0,10000000,sync_on,lock_stripping_p32_w3_i0_t10000000
24.24,815.5339805825244,815.5339805825244,815.5339805825244,2855316.0,2855316.0,2855316.0,124220.0,124220.0,124220.0,0.0,0.0,lock_stripping,32,3,0,10000000,sync_on,lock_stripping_p32_w3_i0_t10000000
24.25,923.0769230769231,923.0769230769231,923.0769230769231,2884668.0,2884668.0,2884668.0,86630.0,86630.0,86630.0,0.0,0.0,lock_stripping,32,3,0,10000000,sync_on,lock_stripping_p32_w3_i0_t10000000
24.26,666.6666666666667,666.6666666666667,666.6666666666667,2832848.0,2832848.0,2832848.0,113784.0,113784.0,113784.0,0.0,0.0,lock_stripping,32,3,0,10000000,sync_on,lock_stripping_p32_w3_i0_t10000000
24.28,951.4563106796116,951.4563106796116,951.4563106796116,2845080.0,2845080.0,2845080.0,89393.0,89393.0,89393.0,0.0,0.0,lock_stripping,32,3,0,10000000,sync_on,lock_stripping_p32_w3_i0_t10000000
24.32,1145.6310679611652,1145.6310679611652,1145.6310679611652,2846520.0,2846520.0,2846520.0,88514.0,88514.0,88514.0,0.0,0.0,lock_stripping,32,3,0,10000000,sync_on,lock_stripping_p32_w3_i0_t10000000
24.34,660.1941747572816,660.1941747572816,660.1941747572816,2854204.0,2854204.0,2854204.0,122626.0,122626.0,122626.0,0.0,0.0,lock_stripping,32,3,0,10000000,sync_on,lock_stripping_p32_w3_i0_t10000000
24.35,941.747572815534,941.747572815534,941.747572815534,2884988.0,2884988.0,2884988.0,86676.0,86676.0,86676.0,0.0,0.0,lock_stripping,32,3,0,10000000,sync_on,lock_stripping_p32_w3_i0_t10000000
24.36,504.8543689320389,504.8543689320389,504.8543689320389,2833176.0,2833176.0,2833176.0,113809.0,113809.0,113809.0,0.0,0.0,lock_stripping,32,3,0,10000000,sync_on,lock_stripping_p32_w3_i0_t10000000
24.39,1019.4174757281554,1019.4174757281554,1019.4174757281554,2845336.0,2845336.0,2845336.0,89441.0,89441.0,89441.0,0.0,0.0,lock_stripping,32,3,0,10000000,sync_on,lock_stripping_p32_w3_i0_t10000000
24.43,1297.029702970297,1297.029702970297,1297.029702970297,2847056.0,2847056.0,2847056.0,88578.0,88578.0,88578.0,0.0,0.0,lock_stripping,32,3,0,10000000,sync_on,lock_stripping_p32_w3_i0_t10000000
24.44,563.1067961165049,563.1067961165049,563.1067961165049,2854552.0,2854552.0,2854552.0,122658.0,122658.0,122658.0,0.0,0.0,lock_stripping,32,3,0,10000000,sync_on,lock_stripping_p32_w3_i0_t10000000
24.45,920.7920792079208,920.7920792079208,920.7920792079208,2885376.0,2885376.0,2885376.0,86716.0,86716.0,86716.0,0.0,0.0,lock_stripping,32,3,0,10000000,sync_on,lock_stripping_p32_w3_i0_t10000000
24.46,611.6504854368933,611.6504854368933,611.6504854368933,2833448.0,2833448.0,2833448.0,113844.0,113844.0,113844.0,0.0,0.0,lock_stripping,32,3,0,10000000,sync_on,lock_stripping_p32_w3_i0_t10000000
24.49,922.3300970873787,922.3300970873787,922.3300970873787,2845508.0,2845508.0,2845508.0,89493.0,89493.0,89493.0,0.0,0.0,lock_stripping,32,3,0,10000000,sync_on,lock_stripping_p32_w3_i0_t10000000
24.53,1196.0784313725492,1196.0784313725492,1196.0784313725492,2847460.0,2847460.0,2847460.0,88651.0,88651.0,88651.0,0.0,0.0,lock_stripping,32,3,0,10000000,sync_on,lock_stripping_p32_w3_i0_t10000000
24.55,676.9977595220314,538.4615384615385,815.5339805825244,2870178.0,2854740.0,2885616.0,104725.0,86765.0,122685.0,0.0,0.0,lock_stripping,32,3,0,10000000,sync_on,lock_stripping_p32_w3_i0_t10000000
24.57,563.1067961165049,563.1067961165049,563.1067961165049,2833656.0,2833656.0,2833656.0,114138.0,114138.0,114138.0,0.0,0.0,lock_stripping,32,3,0,10000000,sync_on,lock_stripping_p32_w3_i0_t10000000
24.59,1077.6699029126214,1077.6699029126214,1077.6699029126214,2845688.0,2845688.0,2845688.0,89551.0,89551.0,89551.0,0.0,0.0,lock_stripping,32,3,0,10000000,sync_on,lock_stripping_p32_w3_i0_t10000000
24.63,1227.7227722772277,1227.7227722772277,1227.7227722772277,2847792.0,2847792.0,2847792.0,88725.0,88725.0,88725.0,0.0,0.0,lock_stripping,32,3,0,10000000,sync_on,lock_stripping_p32_w3_i0_t10000000
24.65,660.1941747572816,660.1941747572816,660.1941747572816,2855196.0,2855196.0,2855196.0,122718.0,122718.0,122718.0,0.0,0.0,lock_stripping,32,3,0,10000000,sync_on,lock_stripping_p32_w3_i0_t10000000
24.66,621.3592233009709,621.3592233009709,621.3592233009709,2885812.0,2885812.0,2885812.0,86797.0,86797.0,86797.0,0.0,0.0,lock_stripping,32,3,0,10000000,sync_on,lock_stripping_p32_w3_i0_t10000000
24.67,640.7766990291262,640.7766990291262,640.7766990291262,2833768.0,2833768.0,2833768.0,110136.0,110136.0,110136.0,0.0,0.0,lock_stripping,32,3,0,10000000,sync_on,lock_stripping_p32_w3_i0_t10000000
24.7,718.4466019417476,718.4466019417476,718.4466019417476,2845924.0,2845924.0,2845924.0,89592.0,89592.0,89592.0,0.0,0.0,lock_stripping,32,3,0,10000000,sync_on,lock_stripping_p32_w3_i0_t10000000
24.73,1421.5686274509806,1421.5686274509806,1421.5686274509806,2848692.0,2848692.0,2848692.0,88793.0,88793.0,88793.0,0.0,0.0,lock_stripping,32,3,0,10000000,sync_on,lock_stripping_p32_w3_i0_t10000000
24.75,563.1067961165049,563.1067961165049,563.1067961165049,2855424.0,2855424.0,2855424.0,122761.0,122761.0,122761.0,0.0,0.0,lock_stripping,32,3,0,10000000,sync_on,lock_stripping_p32_w3_i0_t10000000
24.76,398.05825242718447,398.05825242718447,398.05825242718447,2885968.0,2885968.0,2885968.0,86820.0,86820.0,86820.0,0.0,0.0,lock_stripping,32,3,0,10000000,sync_on,lock_stripping_p32_w3_i0_t10000000
24.77,894.2307692307693,894.2307692307693,894.2307692307693,2834184.0,2834184.0,2834184.0,110182.0,110182.0,110182.0,0.0,0.0,lock_stripping,32,3,0,10000000,sync_on,lock_stripping_p32_w3_i0_t10000000
24.8,883.495145631068,883.495145631068,883.495145631068,2846312.0,2846312.0,2846312.0,89637.0,89637.0,89637.0,0.0,0.0,lock_stripping,32,3,0,10000000,sync_on,lock_stripping_p32_w3_i0_t10000000
24.83,1277.227722772277,1277.227722772277,1277.227722772277,2849028.0,2849028.0,2849028.0,88845.0,88845.0,88845.0,0.0,0.0,lock_stripping,32,3,0,10000000,sync_on,lock_stripping_p32_w3_i0_t10000000
24.86,558.2524271844661,514.5631067961166,601.9417475728155,2870898.0,2855632.0,2886164.0,104821.0,86848.0,122794.0,0.0,0.0,lock_stripping,32,3,0,10000000,sync_on,lock_stripping_p32_w3_i0_t10000000
24.88,611.6504854368933,611.6504854368933,611.6504854368933,2834272.0,2834272.0,2834272.0,110215.0,110215.0,110215.0,0.0,0.0,lock_stripping,32,3,0,10000000,sync_on,lock_stripping_p32_w3_i0_t10000000
24.9,805.8252427184467,805.8252427184467,805.8252427184467,2846444.0,2846444.0,2846444.0,90677.0,90677.0,90677.0,0.0,0.0,lock_stripping,32,3,0,10000000,sync_on,lock_stripping_p32_w3_i0_t10000000
24.93,1278.8461538461538,1278.8461538461538,1278.8461538461538,2849516.0,2849516.0,2849516.0,88925.0,88925.0,88925.0,0.0,0.0,lock_stripping,32,3,0,10000000,sync_on,lock_stripping_p32_w3_i0_t10000000
24.96,592.0888205325386,485.1485148514851,699.0291262135922,2871160.0,2855976.0,2886344.0,104986.0,86874.0,123098.0,0.0,0.0,lock_stripping,32,3,0,10000000,sync_on,lock_stripping_p32_w3_i0_t10000000
24.98,745.0980392156863,745.0980392156863,745.0980392156863,2834712.0,2834712.0,2834712.0,110258.0,110258.0,110258.0,0.0,0.0,lock_stripping,32,3,0,10000000,sync_on,lock_stripping_p32_w3_i0_t10000000
25.0,592.2330097087379,592.2330097087379,592.2330097087379,2846792.0,2846792.0,2846792.0,91535.0,91535.0,91535.0,0.0,0.0,lock_stripping,32,3,0,10000000,sync_on,lock_stripping_p32_w3_i0_t10000000
25.04,892.1568627450981,892.1568627450981,892.1568627450981,2849896.0,2849896.0,2849896.0,88972.0,88972.0,88972.0,0.0,0.0,lock_stripping,32,3,0,10000000,sync_on,lock_stripping_p32_w3_i0_t10000000
25.06,596.1538461538462,596.1538461538462,596.1538461538462,2856104.0,2856104.0,2856104.0,119087.0,119087.0,119087.0,0.0,0.0,lock_stripping,32,3,0,10000000,sync_on,lock_stripping_p32_w3_i0_t10000000
25.07,543.6893203883495,543.6893203883495,543.6893203883495,2886504.0,2886504.0,2886504.0,86897.0,86897.0,86897.0,0.0,0.0,lock_stripping,32,3,0,10000000,sync_on,lock_stripping_p32_w3_i0_t10000000
25.08,669.9029126213593,669.9029126213593,669.9029126213593,2834920.0,2834920.0,2834920.0,110297.0,110297.0,110297.0,0.0,0.0,lock_stripping,32,3,0,10000000,sync_on,lock_stripping_p32_w3_i0_t10000000
25.11,0.0,0.0,0.0,2846792.0,2846792.0,2846792.0,91536.0,91536.0,91536.0,0.0,0.0,lock_stripping,32,3,0,10000000,sync_on,lock_stripping_p32_w3_i0_t10000000
25.14,843.1372549019609,843.1372549019609,843.1372549019609,2850060.0,2850060.0,2850060.0,89019.0,89019.0,89019.0,0.0,0.0,lock_stripping,32,3,0,10000000,sync_on,lock_stripping_p32_w3_i0_t10000000
25.16,601.9417475728155,601.9417475728155,601.9417475728155,2856264.0,2856264.0,2856264.0,119116.0,119116.0,119116.0,0.0,0.0,lock_stripping,32,3,0,10000000,sync_on,lock_stripping_p32_w3_i0_t10000000
25.17,686.2745098039217,686.2745098039217,686.2745098039217,2886708.0,2886708.0,2886708.0,86927.0,86927.0,86927.0,0.0,0.0,lock_stripping,32,3,0,10000000,sync_on,lock_stripping_p32_w3_i0_t10000000
25.18,844.6601941747573,844.6601941747573,844.6601941747573,2835124.0,2835124.0,2835124.0,110344.0,110344.0,110344.0,0.0,0.0,lock_stripping,32,3,0,10000000,sync_on,lock_stripping_p32_w3_i0_t10000000
25.21,242.71844660194176,242.71844660194176,242.71844660194176,2847032.0,2847032.0,2847032.0,91549.0,91549.0,91549.0,0.0,0.0,lock_stripping,32,3,0,10000000,sync_on,lock_stripping_p32_w3_i0_t10000000
25.24,705.8823529411765,705.8823529411765,705.8823529411765,2850232.0,2850232.0,2850232.0,89326.0,89326.0,89326.0,0.0,0.0,lock_stripping,32,3,0,10000000,sync_on,lock_stripping_p32_w3_i0_t10000000
25.27,660.1941747572816,572.8155339805826,747.5728155339806,2871702.0,2856536.0,2886868.0,103059.0,86958.0,119160.0,0.0,0.0,lock_stripping,32,3,0,10000000,sync_on,lock_stripping_p32_w3_i0_t10000000
25.29,650.4854368932039,650.4854368932039,650.4854368932039,2835292.0,2835292.0,2835292.0,110388.0,110388.0,110388.0,0.0,0.0,lock_stripping,32,3,0,10000000,sync_on,lock_stripping_p32_w3_i0_t10000000
25.31,990.2912621359224,990.2912621359224,990.2912621359224,2845656.0,2845656.0,2845656.0,89745.0,89745.0,89745.0,0.0,0.0,lock_stripping,32,3,0,10000000,sync_on,lock_stripping_p32_w3_i0_t10000000
25.34,568.6274509803922,568.6274509803922,568.6274509803922,2850812.0,2850812.0,2850812.0,90905.0,90905.0,90905.0,0.0,0.0,lock_stripping,32,3,0,10000000,sync_on,lock_stripping_p32_w3_i0_t10000000
25.37,543.6893203883495,543.6893203883495,543.6893203883495,2856624.0,2856624.0,2856624.0,119190.0,119190.0,119190.0,0.0,0.0,lock_stripping,32,3,0,10000000,sync_on,lock_stripping_p32_w3_i0_t10000000
25.38,669.9029126213593,669.9029126213593,669.9029126213593,2887056.0,2887056.0,2887056.0,86992.0,86992.0,86992.0,0.0,0.0,lock_stripping,32,3,0,10000000,sync_on,lock_stripping_p32_w3_i0_t10000000
25.39,817.3076923076924,817.3076923076924,817.3076923076924,2835468.0,2835468.0,2835468.0,110694.0,110694.0,110694.0,0.0,0.0,lock_stripping,32,3,0,10000000,sync_on,lock_stripping_p32_w3_i0_t10000000
25.42,1087.378640776699,1087.378640776699,1087.378640776699,2846096.0,2846096.0,2846096.0,86033.0,86033.0,86033.0,0.0,0.0,lock_stripping,32,3,0,10000000,sync_on,lock_stripping_p32_w3_i0_t10000000
25.45,892.1568627450981,892.1568627450981,892.1568627450981,2849432.0,2849432.0,2849432.0,89096.0,89096.0,89096.0,0.0,0.0,lock_stripping,32,3,0,10000000,sync_on,lock_stripping_p32_w3_i0_t10000000
25.47,592.2330097087379,592.2330097087379,592.2330097087379,2856732.0,2856732.0,2856732.0,119219.0,119219.0,119219.0,0.0,0.0,lock_stripping,32,3,0,10000000,sync_on,lock_stripping_p32_w3_i0_t10000000
25.48,549.0196078431372,549.0196078431372,549.0196078431372,2887228.0,2887228.0,2887228.0,87032.0,87032.0,87032.0,0.0,0.0,lock_stripping,32,3,0,10000000,sync_on,lock_stripping_p32_w3_i0_t10000000
25.49,656.8627450980392,656.8627450980392,656.8627450980392,2835736.0,2835736.0,2835736.0,106693.0,106693.0,106693.0,0.0,0.0,lock_stripping,32,3,0,10000000,sync_on,lock_stripping_p32_w3_i0_t10000000
25.52,757.2815533980583,757.2815533980583,757.2815533980583,2846308.0,2846308.0,2846308.0,86071.0,86071.0,86071.0,0.0,0.0,lock_stripping,32,3,0,10000000,sync_on,lock_stripping_p32_w3_i0_t10000000
25.55,533.9805825242719,533.9805825242719,533.9805825242719,2849672.0,2849672.0,2849672.0,89131.0,89131.0,89131.0,0.0,0.0,lock_stripping,32,3,0,10000000,sync_on,lock_stripping_p32_w3_i0_t10000000
25.58,622.6661687826737,514.5631067961166,730.7692307692308,2872332.0,2857216.0,2887448.0,103158.5,87063.0,119254.0,0.0,0.0,lock_stripping,32,3,0,10000000,sync_on,lock_stripping_p32_w3_i0_t10000000
25.6,825.242718446602,825.242718446602,825.242718446602,2836016.0,2836016.0,2836016.0,106735.0,106735.0,106735.0,0.0,0.0,lock_stripping,32,3,0,10000000,sync_on,lock_stripping_p32_w3_i0_t10000000
25.62,834.9514563106796,834.9514563106796,834.9514563106796,2846640.0,2846640.0,2846640.0,86111.0,86111.0,86111.0,0.0,0.0,lock_stripping,32,3,0,10000000,sync_on,lock_stripping_p32_w3_i0_t10000000
25.65,382.3529411764706,382.3529411764706,382.3529411764706,2849820.0,2849820.0,2849820.0,89408.0,89408.0,89408.0,0.0,0.0,lock_stripping,32,3,0,10000000,sync_on,lock_stripping_p32_w3_i0_t10000000
25.68,657.1601941747573,625.0,689.3203883495146,2872524.0,2857404.0,2887644.0,103190.5,87095.0,119286.0,0.0,0.0,lock_stripping,32,3,0,10000000,sync_on,lock_stripping_p32_w3_i0_t10000000
25.7,757.2815533980583,757.2815533980583,757.2815533980583,2836328.0,2836328.0,2836328.0,106769.0,106769.0,106769.0,0.0,0.0,lock_stripping,32,3,0,10000000,sync_on,lock_stripping_p32_w3_i0_t10000000
25.73,941.747572815534,941.747572815534,941.747572815534,2846816.0,2846816.0,2846816.0,86170.0,86170.0,86170.0,0.0,0.0,lock_stripping,32,3,0,10000000,sync_on,lock_stripping_p32_w3_i0_t10000000
25.75,135.92233009708738,135.92233009708738,135.92233009708738,2849860.0,2849860.0,2849860.0,89414.0,89414.0,89414.0,0.0,0.0,lock_stripping,32,3,0,10000000,sync_on,lock_stripping_p32_w3_i0_t10000000
25.78,592.2330097087379,592.2330097087379,592.2330097087379,2857692.0,2857692.0,2857692.0,119314.0,119314.0,119314.0,0.0,0.0,lock_stripping,32,3,0,10000000,sync_on,lock_stripping_p32_w3_i0_t10000000
25.79,572.8155339805826,572.8155339805826,572.8155339805826,2887772.0,2887772.0,2887772.0,87132.0,87132.0,87132.0,0.0,0.0,lock_stripping,32,3,0,10000000,sync_on,lock_stripping_p32_w3_i0_t10000000
25.8,572.8155339805826,572.8155339805826,572.8155339805826,2836436.0,2836436.0,2836436.0,106799.0,106799.0,106799.0,0.0,0.0,lock_stripping,32,3,0,10000000,sync_on,lock_stripping_p32_w3_i0_t10000000
25.83,902.9126213592233,902.9126213592233,902.9126213592233,2847132.0,2847132.0,2847132.0,86221.0,86221.0,86221.0,0.0,0.0,lock_stripping,32,3,0,10000000,sync_on,lock_stripping_p32_w3_i0_t10000000
25.86,310.67961165048547,310.67961165048547,310.67961165048547,2849996.0,2849996.0,2849996.0,89429.0,89429.0,89429.0,0.0,0.0,lock_stripping,32,3,0,10000000,sync_on,lock_stripping_p32_w3_i0_t10000000
25.89,611.6504854368932,543.6893203883495,679.6116504854369,2872910.0,2857896.0,2887924.0,103258.0,87164.0,119352.0,0.0,0.0,lock_stripping,32,3,0,10000000,sync_on,lock_stripping_p32_w3_i0_t10000000
25.91,728.1553398058253,728.1553398058253,728.1553398058253,2836752.0,2836752.0,2836752.0,106839.0,106839.0,106839.0,0.0,0.0,lock_stripping,32,3,0,10000000,sync_on,lock_stripping_p32_w3_i0_t10000000
25.93,970.5882352941177,970.5882352941177,970.5882352941177,2847368.0,2847368.0,2847368.0,86275.0,86275.0,86275.0,0.0,0.0,lock_stripping,32,3,0,10000000,sync_on,lock_stripping_p32_w3_i0_t10000000
25.96,475.7281553398058,475.7281553398058,475.7281553398058,2850064.0,2850064.0,2850064.0,85421.0,85421.0,85421.0,0.0,0.0,lock_stripping,32,3,0,10000000,sync_on,lock_stripping_p32_w3_i0_t10000000
25.99,839.8058252427185,796.1165048543689,883.495145631068,2873160.0,2858208.0,2888112.0,103298.5,87208.0,119389.0,0.0,0.0,lock_stripping,32,3,0,10000000,sync_on,lock_stripping_p32_w3_i0_t10000000
26.01,708.73786407767,708.73786407767,708.73786407767,2836932.0,2836932.0,2836932.0,106876.0,106876.0,106876.0,0.0,0.0,lock_stripping,32,3,0,10000000,sync_on,lock_stripping_p32_w3_i0_t10000000
26.03,692.3076923076924,692.3076923076924,692.3076923076924,2847540.0,2847540.0,2847540.0,86309.0,86309.0,86309.0,0.0,0.0,lock_stripping,32,3,0,10000000,sync_on,lock_stripping_p32_w3_i0_t10000000
26.06,774.5098039215687,774.5098039215687,774.5098039215687,2850588.0,2850588.0,2850588.0,86404.0,86404.0,86404.0,0.0,0.0,lock_stripping,32,3,0,10000000,sync_on,lock_stripping_p32_w3_i0_t10000000
26.09,446.6019417475728,446.6019417475728,446.6019417475728,2858512.0,2858512.0,2858512.0,119410.0,119410.0,119410.0,0.0,0.0,lock_stripping,32,3,0,10000000,sync_on,lock_stripping_p32_w3_i0_t10000000
26.1,689.3203883495146,689.3203883495146,689.3203883495146,2888260.0,2888260.0,2888260.0,87252.0,87252.0,87252.0,0.0,0.0,lock_stripping,32,3,0,10000000,sync_on,lock_stripping_p32_w3_i0_t10000000
26.11,682.6923076923077,682.6923076923077,682.6923076923077,2837336.0,2837336.0,2837336.0,106907.0,106907.0,106907.0,0.0,0.0,lock_stripping,32,3,0,10000000,sync_on,lock_stripping_p32_w3_i0_t10000000
26.14,776.6990291262136,776.6990291262136,776.6990291262136,2847896.0,2847896.0,2847896.0,86352.0,86352.0,86352.0,0.0,0.0,lock_stripping,32,3,0,10000000,sync_on,lock_stripping_p32_w3_i0_t10000000
26.16,514.5631067961166,514.5631067961166,514.5631067961166,2850988.0,2850988.0,2850988.0,87308.0,87308.0,87308.0,0.0,0.0,lock_stripping,32,3,0,10000000,sync_on,lock_stripping_p32_w3_i0_t10000000
26.2,797.0500373412995,786.4077669902913,807.6923076923077,2873636.0,2858828.0,2888444.0,103374.5,87289.0,119460.0,0.0,0.0,lock_stripping,32,3,0,10000000,sync_on,lock_stripping_p32_w3_i0_t10000000
26.22,747.5728155339806,747.5728155339806,747.5728155339806,2837632.0,2837632.0,2837632.0,106943.0,106943.0,106943.0,0.0,0.0,lock_stripping,32,3,0,10000000,sync_on,lock_stripping_p32_w3_i0_t10000000
26.24,725.4901960784314,725.4901960784314,725.4901960784314,2848020.0,2848020.0,2848020.0,86396.0,86396.0,86396.0,0.0,0.0,lock_stripping,32,3,0,10000000,sync_on,lock_stripping_p32_w3_i0_t10000000
26.27,58.25242718446602,58.25242718446602,58.25242718446602,2850992.0,2850992.0,2850992.0,87310.0,87310.0,87310.0,0.0,0.0,lock_stripping,32,3,0,10000000,sync_on,lock_stripping_p32_w3_i0_t10000000
26.3,733.0097087378641,592.2330097087379,873.7864077669904,2873888.0,2859108.0,2888668.0,103409.5,87327.0,119492.0,0.0,0.0,lock_stripping,32,3,0,10000000,sync_on,lock_stripping_p32_w3_i0_t10000000
26.32,533.9805825242719,533.9805825242719,533.9805825242719,2837700.0,2837700.0,2837700.0,106972.0,106972.0,106972.0,0.0,0.0,lock_stripping,32,3,0,10000000,sync_on,lock_stripping_p32_w3_i0_t10000000
26.34,495.1456310679612,495.1456310679612,495.1456310679612,2848164.0,2848164.0,2848164.0,86423.0,86423.0,86423.0,0.0,0.0,lock_stripping,32,3,0,10000000,sync_on,lock_stripping_p32_w3_i0_t10000000
26.37,0.0,0.0,0.0,2850992.0,2850992.0,2850992.0,87310.0,87310.0,87310.0,0.0,0.0,lock_stripping,32,3,0,10000000,sync_on,lock_stripping_p32_w3_i0_t10000000
26.4,436.8932038834952,436.8932038834952,436.8932038834952,2859312.0,2859312.0,2859312.0,119524.0,119524.0,119524.0,0.0,0.0,lock_stripping,32,3,0,10000000,sync_on,lock_stripping_p32_w3_i0_t10000000
26.41,805.8252427184467,805.8252427184467,805.8252427184467,2888812.0,2888812.0,2888812.0,88822.0,88822.0,88822.0,0.0,0.0,lock_stripping,32,3,0,10000000,sync_on,lock_stripping_p32_w3_i0_t10000000
26.42,796.1165048543689,796.1165048543689,796.1165048543689,2838068.0,2838068.0,2838068.0,107013.0,107013.0,107013.0,0.0,0.0,lock_stripping,32,3,0,10000000,sync_on,lock_stripping_p32_w3_i0_t10000000
26.45,495.1456310679612,495.1456310679612,495.1456310679612,2848300.0,2848300.0,2848300.0,86450.0,86450.0,86450.0,0.0,0.0,lock_stripping,32,3,0,10000000,sync_on,lock_stripping_p32_w3_i0_t10000000
26.47,0.0,0.0,0.0,2850992.0,2850992.0,2850992.0,87310.0,87310.0,87310.0,0.0,0.0,lock_stripping,32,3,0,10000000,sync_on,lock_stripping_p32_w3_i0_t10000000
26.51,432.03883495145635,262.1359223300971,601.9417475728155,2874458.0,2859620.0,2889296.0,104382.5,89211.0,119554.0,0.0,0.0,lock_stripping,32,3,0,10000000,sync_on,lock_stripping_p32_w3_i0_t10000000
26.52,679.6116504854369,679.6116504854369,679.6116504854369,2838356.0,2838356.0,2838356.0,107047.0,107047.0,107047.0,0.0,0.0,lock_stripping,32,3,0,10000000,sync_on,lock_stripping_p32_w3_i0_t10000000
26.55,689.3203883495146,689.3203883495146,689.3203883495146,2848524.0,2848524.0,2848524.0,86486.0,86486.0,86486.0,0.0,0.0,lock_stripping,32,3,0,10000000,sync_on,lock_stripping_p32_w3_i0_t10000000
26.58,0.0,0.0,0.0,2850992.0,2850992.0,2850992.0,87310.0,87310.0,87310.0,0.0,0.0,lock_stripping,32,3,0,10000000,sync_on,lock_stripping_p32_w3_i0_t10000000
26.61,354.368932038835,0.0,708.73786407767,2874560.0,2859824.0,2889296.0,104403.5,89212.0,119595.0,0.0,0.0,lock_stripping,32,3,0,10000000,sync_on,lock_stripping_p32_w3_i0_t10000000
26.63,1087.378640776699,1087.378640776699,1087.378640776699,2838724.0,2838724.0,2838724.0,107090.0,107090.0,107090.0,0.0,0.0,lock_stripping,32,3,0,10000000,sync_on,lock_stripping_p32_w3_i0_t10000000
26.65,689.3203883495146,689.3203883495146,689.3203883495146,2848728.0,2848728.0,2848728.0,86523.0,86523.0,86523.0,0.0,0.0,lock_stripping,32,3,0,10000000,sync_on,lock_stripping_p32_w3_i0_t10000000
26.68,0.0,0.0,0.0,2850992.0,2850992.0,2850992.0,87310.0,87310.0,87310.0,0.0,0.0,lock_stripping,32,3,0,10000000,sync_on,lock_stripping_p32_w3_i0_t10000000
26.71,187.5,0.0,375.0,2874678.0,2860060.0,2889296.0,104545.5,89212.0,119879.0,0.0,0.0,lock_stripping,32,3,0,10000000,sync_on,lock_stripping_p32_w3_i0_t10000000
26.73,803.921568627451,803.921568627451,803.921568627451,2839052.0,2839052.0,2839052.0,107129.0,107129.0,107129.0,0.0,0.0,lock_stripping,32,3,0,10000000,sync_on,lock_stripping_p32_w3_i0_t10000000
26.75,650.4854368932039,650.4854368932039,650.4854368932039,2848900.0,2848900.0,2848900.0,86554.0,86554.0,86554.0,0.0,0.0,lock_stripping,32,3,0,10000000,sync_on,lock_stripping_p32_w3_i0_t10000000
26.78,0.0,0.0,0.0,2850992.0,2850992.0,2850992.0,87310.0,87310.0,87310.0,0.0,0.0,lock_stripping,32,3,0,10000000,sync_on,lock_stripping_p32_w3_i0_t10000000
26.82,48.54368932038835,0.0,97.0873786407767,2874752.0,2860208.0,2889296.0,104548.5,89212.0,119885.0,0.0,0.0,lock_stripping,32,3,0,10000000,sync_on,lock_stripping_p32_w3_i0_t10000000
26.83,669.9029126213593,669.9029126213593,669.9029126213593,2839340.0,2839340.0,2839340.0,103388.0,103388.0,103388.0,0.0,0.0,lock_stripping,32,3,0,10000000,sync_on,lock_stripping_p32_w3_i0_t10000000
26.86,757.2815533980583,757.2815533980583,757.2815533980583,2849076.0,2849076.0,2849076.0,86590.0,86590.0,86590.0,0.0,0.0,lock_stripping,32,3,0,10000000,sync_on,lock_stripping_p32_w3_i0_t10000000
26.89,0.0,0.0,0.0,2850992.0,2850992.0,2850992.0,87310.0,87310.0,87310.0,0.0,0.0,lock_stripping,32,3,0,10000000,sync_on,lock_stripping_p32_w3_i0_t10000000
26.92,184.46601941747574,0.0,368.93203883495147,2874842.0,2860388.0,2889296.0,102537.5,89212.0,115863.0,0.0,0.0,lock_stripping,32,3,0,10000000,sync_on,lock_stripping_p32_w3_i0_t10000000
26.94,1000.0,1000.0,1000.0,2839572.0,2839572.0,2839572.0,103436.0,103436.0,103436.0,0.0,0.0,lock_stripping,32,3,0,10000000,sync_on,lock_stripping_p32_w3_i0_t10000000
26.96,735.2941176470589,735.2941176470589,735.2941176470589,2849296.0,2849296.0,2849296.0,86633.0,86633.0,86633.0,0.0,0.0,lock_stripping,32,3,0,10000000,sync_on,lock_stripping_p32_w3_i0_t10000000
26.99,58.25242718446602,58.25242718446602,58.25242718446602,2851000.0,2851000.0,2851000.0,87313.0,87313.0,87313.0,0.0,0.0,lock_stripping,32,3,0,10000000,sync_on,lock_stripping_p32_w3_i0_t10000000
27.02,398.05825242718447,262.1359223300971,533.9805825242719,2875020.0,2860560.0,2889480.0,102559.0,89225.0,115893.0,0.0,0.0,lock_stripping,32,3,0,10000000,sync_on,lock_stripping_p32_w3_i0_t10000000
27.04,699.0291262135922,699.0291262135922,699.0291262135922,2839796.0,2839796.0,2839796.0,99971.0,99971.0,99971.0,0.0,0.0,lock_stripping,32,3,0,10000000,sync_on,lock_stripping_p32_w3_i0_t10000000
27.06,644.2307692307693,644.2307692307693,644.2307692307693,2849576.0,2849576.0,2849576.0,86665.0,86665.0,86665.0,0.0,0.0,lock_stripping,32,3,0,10000000,sync_on,lock_stripping_p32_w3_i0_t10000000
27.09,326.92307692307696,326.92307692307696,326.92307692307696,2851324.0,2851324.0,2851324.0,87326.0,87326.0,87326.0,0.0,0.0,lock_stripping,32,3,0,10000000,sync_on,lock_stripping_p32_w3_i0_t10000000
27.12,572.8155339805826,572.8155339805826,572.8155339805826,2861060.0,2861060.0,2861060.0,115919.0,115919.0,115919.0,0.0,0.0,lock_stripping,32,3,0,10000000,sync_on,lock_stripping_p32_w3_i0_t10000000
27.13,582.5242718446602,582.5242718446602,582.5242718446602,2887756.0,2887756.0,2887756.0,87420.0,87420.0,87420.0,0.0,0.0,lock_stripping,32,3,0,10000000,sync_on,lock_stripping_p32_w3_i0_t10000000
27.14,682.6923076923077,682.6923076923077,682.6923076923077,2840012.0,2840012.0,2840012.0,95974.0,95974.0,95974.0,0.0,0.0,lock_stripping,32,3,0,10000000,sync_on,lock_stripping_p32_w3_i0_t10000000
27.17,708.73786407767,708.73786407767,708.73786407767,2849988.0,2849988.0,2849988.0,86713.0,86713.0,86713.0,0.0,0.0,lock_stripping,32,3,0,10000000,sync_on,lock_stripping_p32_w3_i0_t10000000
27.19,637.2549019607843,637.2549019607843,637.2549019607843,2849780.0,2849780.0,2849780.0,85509.0,85509.0,85509.0,0.0,0.0,lock_stripping,32,3,0,10000000,sync_on,lock_stripping_p32_w3_i0_t10000000
27.23,524.2718446601942,475.7281553398058,572.8155339805826,2874544.0,2861132.0,2887956.0,101696.5,87446.0,115947.0,0.0,0.0,lock_stripping,32,3,0,10000000,sync_on,lock_stripping_p32_w3_i0_t10000000
27.25,543.6893203883495,543.6893203883495,543.6893203883495,2840148.0,2840148.0,2840148.0,96004.0,96004.0,96004.0,0.0,0.0,lock_stripping,32,3,0,10000000,sync_on,lock_stripping_p32_w3_i0_t10000000
27.27,466.0194174757282,466.0194174757282,466.0194174757282,2850092.0,2850092.0,2850092.0,86745.0,86745.0,86745.0,0.0,0.0,lock_stripping,32,3,0,10000000,sync_on,lock_stripping_p32_w3_i0_t10000000
27.3,794.1176470588235,794.1176470588235,794.1176470588235,2850392.0,2850392.0,2850392.0,85551.0,85551.0,85551.0,0.0,0.0,lock_stripping,32,3,0,10000000,sync_on,lock_stripping_p32_w3_i0_t10000000
27.33,546.1165048543689,500.0,592.2330097087379,2874878.0,2861476.0,2888280.0,101728.5,87481.0,115976.0,0.0,0.0,lock_stripping,32,3,0,10000000,sync_on,lock_stripping_p32_w3_i0_t10000000
27.35,514.5631067961166,514.5631067961166,514.5631067961166,2840220.0,2840220.0,2840220.0,96031.0,96031.0,96031.0,0.0,0.0,lock_stripping,32,3,0,10000000,sync_on,lock_stripping_p32_w3_i0_t10000000
27.37,627.4509803921569,627.4509803921569,627.4509803921569,2850328.0,2850328.0,2850328.0,86779.0,86779.0,86779.0,0.0,0.0,lock_stripping,32,3,0,10000000,sync_on,lock_stripping_p32_w3_i0_t10000000
27.4,436.8932038834952,436.8932038834952,436.8932038834952,2850464.0,2850464.0,2850464.0,85578.0,85578.0,85578.0,0.0,0.0,lock_stripping,32,3,0,10000000,sync_on,lock_stripping_p32_w3_i0_t10000000
27.43,572.8155339805826,572.8155339805826,572.8155339805826,2861692.0,2861692.0,2861692.0,116011.0,116011.0,116011.0,0.0,0.0,lock_stripping,32,3,0,10000000,sync_on,lock_stripping_p32_w3_i0_t10000000
27.44,553.3980582524272,553.3980582524272,553.3980582524272,2888460.0,2888460.0,2888460.0,87511.0,87511.0,87511.0,0.0,0.0,lock_stripping,32,3,0,10000000,sync_on,lock_stripping_p32_w3_i0_t10000000
27.45,852.9411764705883,852.9411764705883,852.9411764705883,2840448.0,2840448.0,2840448.0,96069.0,96069.0,96069.0,0.0,0.0,lock_stripping,32,3,0,10000000,sync_on,lock_stripping_p32_w3_i0_t10000000
27.47,669.9029126213593,669.9029126213593,669.9029126213593,2850600.0,2850600.0,2850600.0,86811.0,86811.0,86811.0,0.0,0.0,lock_stripping,32,3,0,10000000,sync_on,lock_stripping_p32_w3_i0_t10000000
27.5,621.3592233009709,621.3592233009709,621.3592233009709,2850552.0,2850552.0,2850552.0,85611.0,85611.0,85611.0,0.0,0.0,lock_stripping,32,3,0,10000000,sync_on,lock_stripping_p32_w3_i0_t10000000
27.54,577.6699029126214,553.3980582524272,601.9417475728155,2875316.0,2861960.0,2888672.0,101792.0,87544.0,116040.0,0.0,0.0,lock_stripping,32,3,0,10000000,sync_on,lock_stripping_p32_w3_i0_t10000000
27.55,592.2330097087379,592.2330097087379,592.2330097087379,2840560.0,2840560.0,2840560.0,96099.0,96099.0,96099.0,0.0,0.0,lock_stripping,32,3,0,10000000,sync_on,lock_stripping_p32_w3_i0_t10000000
27.58,504.8543689320389,504.8543689320389,504.8543689320389,2850764.0,2850764.0,2850764.0,86842.0,86842.0,86842.0,0.0,0.0,lock_stripping,32,3,0,10000000,sync_on,lock_stripping_p32_w3_i0_t10000000
27.61,533.9805825242719,533.9805825242719,533.9805825242719,2850956.0,2850956.0,2850956.0,85638.0,85638.0,85638.0,0.0,0.0,lock_stripping,32,3,0,10000000,sync_on,lock_stripping_p32_w3_i0_t10000000
27.64,674.7572815533981,611.6504854368933,737.8640776699029,2875558.0,2862216.0,2888900.0,101830.0,87583.0,116077.0,0.0,0.0,lock_stripping,32,3,0,10000000,sync_on,lock_stripping_p32_w3_i0_t10000000
27.66,776.6990291262136,776.6990291262136,776.6990291262136,2840708.0,2840708.0,2840708.0,96139.0,96139.0,96139.0,0.0,0.0,lock_stripping,32,3,0,10000000,sync_on,lock_stripping_p32_w3_i0_t10000000
27.68,514.5631067961166,514.5631067961166,514.5631067961166,2850876.0,2850876.0,2850876.0,86874.0,86874.0,86874.0,0.0,0.0,lock_stripping,32,3,0,10000000,sync_on,lock_stripping_p32_w3_i0_t10000000
27.71,582.5242718446602,582.5242718446602,582.5242718446602,2851244.0,2851244.0,2851244.0,85668.0,85668.0,85668.0,0.0,0.0,lock_stripping,32,3,0,10000000,sync_on,lock_stripping_p32_w3_i0_t10000000
27.74,737.8640776699029,737.8640776699029,737.8640776699029,2862500.0,2862500.0,2862500.0,116115.0,116115.0,116115.0,0.0,0.0,lock_stripping,32,3,0,10000000,sync_on,lock_stripping_p32_w3_i0_t10000000
27.75,766.990291262136,766.990291262136,766.990291262136,2889144.0,2889144.0,2889144.0,87620.0,87620.0,87620.0,0.0,0.0,lock_stripping,32,3,0,10000000,sync_on,lock_stripping_p32_w3_i0_t10000000
27.76,611.6504854368933,611.6504854368933,611.6504854368933,2840780.0,2840780.0,2840780.0,96175.0,96175.0,96175.0,0.0,0.0,lock_stripping,32,3,0,10000000,sync_on,lock_stripping_p32_w3_i0_t10000000
27.78,568.6274509803922,568.6274509803922,568.6274509803922,2851012.0,2851012.0,2851012.0,86909.0,86909.0,86909.0,0.0,0.0,lock_stripping,32,3,0,10000000,sync_on,lock_stripping_p32_w3_i0_t10000000
27.81,725.4901960784314,725.4901960784314,725.4901960784314,2851432.0,2851432.0,2851432.0,85711.0,85711.0,85711.0,0.0,0.0,lock_stripping,32,3,0,10000000,sync_on,lock_stripping_p32_w3_i0_t10000000
27.85,747.5728155339807,621.3592233009709,873.7864077669904,2876044.0,2862680.0,2889408.0,101906.5,87664.0,116149.0,0.0,0.0,lock_stripping,32,3,0,10000000,sync_on,lock_stripping_p32_w3_i0_t10000000
27.86,757.2815533980583,757.2815533980583,757.2815533980583,2841044.0,2841044.0,2841044.0,96204.0,96204.0,96204.0,0.0,0.0,lock_stripping,32,3,0,10000000,sync_on,lock_stripping_p32_w3_i0_t10000000
27.89,611.6504854368933,611.6504854368933,611.6504854368933,2851160.0,2851160.0,2851160.0,86945.0,86945.0,86945.0,0.0,0.0,lock_stripping,32,3,0,10000000,sync_on,lock_stripping_p32_w3_i0_t10000000
27.91,689.3203883495146,689.3203883495146,689.3203883495146,2851632.0,2851632.0,2851632.0,85748.0,85748.0,85748.0,0.0,0.0,lock_stripping,32,3,0,10000000,sync_on,lock_stripping_p32_w3_i0_t10000000
27.95,758.5418222554146,740.3846153846155,776.6990291262136,2876316.0,2862904.0,2889728.0,101943.5,87701.0,116186.0,0.0,0.0,lock_stripping,32,3,0,10000000,sync_on,lock_stripping_p32_w3_i0_t10000000
27.97,582.5242718446602,582.5242718446602,582.5242718446602,2841184.0,2841184.0,2841184.0,97604.0,97604.0,97604.0,0.0,0.0,lock_stripping,32,3,0,10000000,sync_on,lock_stripping_p32_w3_i0_t10000000
27.99,446.6019417475728,446.6019417475728,446.6019417475728,2851232.0,2851232.0,2851232.0,86974.0,86974.0,86974.0,0.0,0.0,lock_stripping,32,3,0,10000000,sync_on,lock_stripping_p32_w3_i0_t10000000
28.02,796.1165048543689,796.1165048543689,796.1165048543689,2851872.0,2851872.0,2851872.0,85790.0,85790.0,85790.0,0.0,0.0,lock_stripping,32,3,0,10000000,sync_on,lock_stripping_p32_w3_i0_t10000000
28.05,601.9417475728155,524.2718446601942,679.6116504854369,2876498.0,2863092.0,2889904.0,101984.0,87750.0,116218.0,0.0,0.0,lock_stripping,32,3,0,10000000,sync_on,lock_stripping_p32_w3_i0_t10000000
28.07,436.8932038834952,436.8932038834952,436.8932038834952,2839736.0,2839736.0,2839736.0,96253.0,96253.0,96253.0,0.0,0.0,lock_stripping,32,3,0,10000000,sync_on,lock_stripping_p32_w3_i0_t10000000
28.09,553.3980582524272,553.3980582524272,553.3980582524272,2851380.0,2851380.0,2851380.0,87003.0,87003.0,87003.0,0.0,0.0,lock_stripping,32,3,0,10000000,sync_on,lock_stripping_p32_w3_i0_t10000000
28.12,553.3980582524272,553.3980582524272,553.3980582524272,2852076.0,2852076.0,2852076.0,85813.0,85813.0,85813.0,0.0,0.0,lock_stripping,32,3,0,10000000,sync_on,lock_stripping_p32_w3_i0_t10000000
28.16,645.6310679611652,563.1067961165049,728.1553398058253,2876684.0,2863296.0,2890072.0,102355.5,87790.0,116921.0,0.0,0.0,lock_stripping,32,3,0,10000000,sync_on,lock_stripping_p32_w3_i0_t10000000
28.17,766.990291262136,766.990291262136,766.990291262136,2839916.0,2839916.0,2839916.0,96353.0,96353.0,96353.0,0.0,0.0,lock_stripping,32,3,0,10000000,sync_on,lock_stripping_p32_w3_i0_t10000000
28.19,621.3592233009709,621.3592233009709,621.3592233009709,2851716.0,2851716.0,2851716.0,87036.0,87036.0,87036.0,0.0,0.0,lock_stripping,32,3,0,10000000,sync_on,lock_stripping_p32_w3_i0_t10000000
28.22,401.9607843137255,401.9607843137255,401.9607843137255,2852300.0,2852300.0,2852300.0,85835.0,85835.0,85835.0,0.0,0.0,lock_stripping,32,3,0,10000000,sync_on,lock_stripping_p32_w3_i0_t10000000
28.26,694.1747572815534,533.9805825242719,854.368932038835,2876952.0,2863544.0,2890360.0,102970.5,87830.0,118111.0,0.0,0.0,lock_stripping,32,3,0,10000000,sync_on,lock_stripping_p32_w3_i0_t10000000
28.27,640.7766990291262,640.7766990291262,640.7766990291262,2840308.0,2840308.0,2840308.0,98156.0,98156.0,98156.0,0.0,0.0,lock_stripping,32,3,0,10000000,sync_on,lock_stripping_p32_w3_i0_t10000000
28.3,640.7766990291262,640.7766990291262,640.7766990291262,2851856.0,2851856.0,2851856.0,87072.0,87072.0,87072.0,0.0,0.0,lock_stripping,32,3,0,10000000,sync_on,lock_stripping_p32_w3_i0_t10000000
28.32,291.2621359223301,291.2621359223301,291.2621359223301,2852476.0,2852476.0,2852476.0,85854.0,85854.0,85854.0,0.0,0.0,lock_stripping,32,3,0,10000000,sync_on,lock_stripping_p32_w3_i0_t10000000
28.36,490.29126213592235,58.25242718446602,922.3300970873787,2877156.0,2863560.0,2890752.0,102996.0,87878.0,118114.0,0.0,0.0,lock_stripping,32,3,0,10000000,sync_on,lock_stripping_p32_w3_i0_t10000000
28.38,427.1844660194175,427.1844660194175,427.1844660194175,2838796.0,2838796.0,2838796.0,92561.0,92561.0,92561.0,0.0,0.0,lock_stripping,32,3,0,10000000,sync_on,lock_stripping_p32_w3_i0_t10000000
28.4,854.368932038835,854.368932038835,854.368932038835,2852124.0,2852124.0,2852124.0,87110.0,87110.0,87110.0,0.0,0.0,lock_stripping,32,3,0,10000000,sync_on,lock_stripping_p32_w3_i0_t10000000
28.43,776.6990291262136,776.6990291262136,776.6990291262136,2852796.0,2852796.0,2852796.0,86417.0,86417.0,86417.0,0.0,0.0,lock_stripping,32,3,0,10000000,sync_on,lock_stripping_p32_w3_i0_t10000000
28.47,372.54901960784315,0.0,745.0980392156863,2877270.0,2863560.0,2890980.0,103013.0,87912.0,118114.0,0.0,0.0,lock_stripping,32,3,0,10000000,sync_on,lock_stripping_p32_w3_i0_t10000000
28.48,596.1538461538462,596.1538461538462,596.1538461538462,2839088.0,2839088.0,2839088.0,92591.0,92591.0,92591.0,0.0,0.0,lock_stripping,32,3,0,10000000,sync_on,lock_stripping_p32_w3_i0_t10000000
28.5,679.6116504854369,679.6116504854369,679.6116504854369,2852256.0,2852256.0,2852256.0,87152.0,87152.0,87152.0,0.0,0.0,lock_stripping,32,3,0,10000000,sync_on,lock_stripping_p32_w3_i0_t10000000
28.53,524.2718446601942,524.2718446601942,524.2718446601942,2853188.0,2853188.0,2853188.0,87752.0,87752.0,87752.0,0.0,0.0,lock_stripping,32,3,0,10000000,sync_on,lock_stripping_p32_w3_i0_t10000000
28.57,393.20388349514565,0.0,786.4077669902913,2877350.0,2863560.0,2891140.0,103035.0,87956.0,118114.0,0.0,0.0,lock_stripping,32,3,0,10000000,sync_on,lock_stripping_p32_w3_i0_t10000000
28.59,582.5242718446602,582.5242718446602,582.5242718446602,2839184.0,2839184.0,2839184.0,92631.0,92631.0,92631.0,0.0,0.0,lock_stripping,32,3,0,10000000,sync_on,lock_stripping_p32_w3_i0_t10000000
28.61,557.6923076923077,557.6923076923077,557.6923076923077,2852464.0,2852464.0,2852464.0,87184.0,87184.0,87184.0,0.0,0.0,lock_stripping,32,3,0,10000000,sync_on,lock_stripping_p32_w3_i0_t10000000
28.63,725.4901960784314,725.4901960784314,725.4901960784314,2851892.0,2851892.0,2851892.0,85943.0,85943.0,85943.0,0.0,0.0,lock_stripping,32,3,0,10000000,sync_on,lock_stripping_p32_w3_i0_t10000000
28.67,305.82524271844665,0.0,611.6504854368933,2877548.0,2863560.0,2891536.0,103051.0,87988.0,118114.0,0.0,0.0,lock_stripping,32,3,0,10000000,sync_on,lock_stripping_p32_w3_i0_t10000000
28.69,524.2718446601942,524.2718446601942,524.2718446601942,2839340.0,2839340.0,2839340.0,92856.0,92856.0,92856.0,0.0,0.0,lock_stripping,32,3,0,10000000,sync_on,lock_stripping_p32_w3_i0_t10000000
28.71,669.9029126213593,669.9029126213593,669.9029126213593,2852692.0,2852692.0,2852692.0,87220.0,87220.0,87220.0,0.0,0.0,lock_stripping,32,3,0,10000000,sync_on,lock_stripping_p32_w3_i0_t10000000
28.73,640.7766990291262,640.7766990291262,640.7766990291262,2852192.0,2852192.0,2852192.0,85981.0,85981.0,85981.0,0.0,0.0,lock_stripping,32,3,0,10000000,sync_on,lock_stripping_p32_w3_i0_t10000000
28.77,669.9029126213593,669.9029126213593,669.9029126213593,2891696.0,2891696.0,2891696.0,88026.0,88026.0,88026.0,0.0,0.0,lock_stripping,32,3,0,10000000,sync_on,lock_stripping_p32_w3_i0_t10000000
28.78,0.0,0.0,0.0,2863560.0,2863560.0,2863560.0,118114.0,118114.0,118114.0,0.0,0.0,lock_stripping,32,3,0,10000000,sync_on,lock_stripping_p32_w3_i0_t10000000
28.79,640.7766990291262,640.7766990291262,640.7766990291262,2839640.0,2839640.0,2839640.0,88919.0,88919.0,88919.0,0.0,0.0,lock_stripping,32,3,0,10000000,sync_on,lock_stripping_p32_w3_i0_t10000000
28.81,621.3592233009709,621.3592233009709,621.3592233009709,2852832.0,2852832.0,2852832.0,87254.0,87254.0,87254.0,0.0,0.0,lock_stripping,32,3,0,10000000,sync_on,lock_stripping_p32_w3_i0_t10000000
28.84,766.990291262136,766.990291262136,766.990291262136,2852428.0,2852428.0,2852428.0,86022.0,86022.0,86022.0,0.0,0.0,lock_stripping,32,3,0,10000000,sync_on,lock_stripping_p32_w3_i0_t10000000
28.88,936.8465272591486,864.0776699029127,1009.6153846153846,2877126.0,2862376.0,2891876.0,102198.0,88072.0,116324.0,0.0,0.0,lock_stripping,32,3,0,10000000,sync_on,lock_stripping_p32_w3_i0_t10000000
28.89,446.6019417475728,446.6019417475728,446.6019417475728,2839888.0,2839888.0,2839888.0,88938.0,88938.0,88938.0,0.0,0.0,lock_stripping,32,3,0,10000000,sync_on,lock_stripping_p32_w3_i0_t10000000
28.91,705.8823529411765,705.8823529411765,705.8823529411765,2852956.0,2852956.0,2852956.0,88174.0,88174.0,88174.0,0.0,0.0,lock_stripping,32,3,0,10000000,sync_on,lock_stripping_p32_w3_i0_t10000000
28.94,689.3203883495146,689.3203883495146,689.3203883495146,2852756.0,2852756.0,2852756.0,86052.0,86052.0,86052.0,0.0,0.0,lock_stripping,32,3,0,10000000,sync_on,lock_stripping_p32_w3_i0_t10000000
28.98,1208.73786407767,1048.5436893203885,1368.9320388349515,2877554.0,2862916.0,2892192.0,102258.5,88117.0,116400.0,0.0,0.0,lock_stripping,32,3,0,10000000,sync_on,lock_stripping_p32_w3_i0_t10000000
29.0,446.6019417475728,446.6019417475728,446.6019417475728,2839968.0,2839968.0,2839968.0,88965.0,88965.0,88965.0,0.0,0.0,lock_stripping,32,3,0,10000000,sync_on,lock_stripping_p32_w3_i0_t10000000
29.02,543.6893203883495,543.6893203883495,543.6893203883495,2853476.0,2853476.0,2853476.0,89150.0,89150.0,89150.0,0.0,0.0,lock_stripping,32,3,0,10000000,sync_on,lock_stripping_p32_w3_i0_t10000000
29.04,722.7722772277227,722.7722772277227,722.7722772277227,2853208.0,2853208.0,2853208.0,86087.0,86087.0,86087.0,0.0,0.0,lock_stripping,32,3,0,10000000,sync_on,lock_stripping_p32_w3_i0_t10000000
29.08,833.3333333333334,833.3333333333334,833.3333333333334,2892456.0,2892456.0,2892456.0,88166.0,88166.0,88166.0,0.0,0.0,lock_stripping,32,3,0,10000000,sync_on,lock_stripping_p32_w3_i0_t10000000
29.09,1223.3009708737866,1223.3009708737866,1223.3009708737866,2863604.0,2863604.0,2863604.0,116459.0,116459.0,116459.0,0.0,0.0,lock_stripping,32,3,0,10000000,sync_on,lock_stripping_p32_w3_i0_t10000000
29.1,475.7281553398058,475.7281553398058,475.7281553398058,2840220.0,2840220.0,2840220.0,88993.0,88993.0,88993.0,0.0,0.0,lock_stripping,32,3,0,10000000,sync_on,lock_stripping_p32_w3_i0_t10000000
29.12,29.12621359223301,29.12621359223301,29.12621359223301,2853480.0,2853480.0,2853480.0,89151.0,89151.0,89151.0,0.0,0.0,lock_stripping,32,3,0,10000000,sync_on,lock_stripping_p32_w3_i0_t10000000
29.14,725.4901960784314,725.4901960784314,725.4901960784314,2853416.0,2853416.0,2853416.0,86124.0,86124.0,86124.0,0.0,0.0,lock_stripping,32,3,0,10000000,sync_on,lock_stripping_p32_w3_i0_t10000000
29.18,705.8823529411765,705.8823529411765,705.8823529411765,2892580.0,2892580.0,2892580.0,88206.0,88206.0,88206.0,0.0,0.0,lock_stripping,32,3,0,10000000,sync_on,lock_stripping_p32_w3_i0_t10000000
29.19,1313.7254901960785,1313.7254901960785,1313.7254901960785,2864224.0,2864224.0,2864224.0,116529.0,116529.0,116529.0,0.0,0.0,lock_stripping,32,3,0,10000000,sync_on,lock_stripping_p32_w3_i0_t10000000
29.2,631.0679611650486,631.0679611650486,631.0679611650486,2840460.0,2840460.0,2840460.0,89027.0,89027.0,89027.0,0.0,0.0,lock_stripping,32,3,0,10000000,sync_on,lock_stripping_p32_w3_i0_t10000000
29.22,0.0,0.0,0.0,2853480.0,2853480.0,2853480.0,89151.0,89151.0,89151.0,0.0,0.0,lock_stripping,32,3,0,10000000,sync_on,lock_stripping_p32_w3_i0_t10000000
29.25,436.8932038834952,436.8932038834952,436.8932038834952,2853724.0,2853724.0,2853724.0,86150.0,86150.0,86150.0,0.0,0.0,lock_stripping,32,3,0,10000000,sync_on,lock_stripping_p32_w3_i0_t10000000
29.29,990.09900990099,732.6732673267326,1247.5247524752474,2878658.0,2864580.0,2892736.0,102417.5,88240.0,116595.0,0.0,0.0,lock_stripping,32,3,0,10000000,sync_on,lock_stripping_p32_w3_i0_t10000000
29.31,873.7864077669904,873.7864077669904,873.7864077669904,2840672.0,2840672.0,2840672.0,89072.0,89072.0,89072.0,0.0,0.0,lock_stripping,32,3,0,10000000,sync_on,lock_stripping_p32_w3_i0_t10000000
29.33,0.0,0.0,0.0,2853480.0,2853480.0,2853480.0,89151.0,89151.0,89151.0,0.0,0.0,lock_stripping,32,3,0,10000000,sync_on,lock_stripping_p32_w3_i0_t10000000
29.35,737.8640776699029,737.8640776699029,737.8640776699029,2854012.0,2854012.0,2854012.0,86184.0,86184.0,86184.0,0.0,0.0,lock_stripping,32,3,0,10000000,sync_on,lock_stripping_p32_w3_i0_t10000000
29.39,805.8252427184467,805.8252427184467,805.8252427184467,2892860.0,2892860.0,2892860.0,90109.0,90109.0,90109.0,0.0,0.0,lock_stripping,32,3,0,10000000,sync_on,lock_stripping_p32_w3_i0_t10000000
29.4,1224.2990654205607,1224.2990654205607,1224.2990654205607,2865164.0,2865164.0,2865164.0,116698.0,116698.0,116698.0,0.0,0.0,lock_stripping,32,3,0,10000000,sync_on,lock_stripping_p32_w3_i0_t10000000
29.41,689.3203883495146,689.3203883495146,689.3203883495146,2840948.0,2840948.0,2840948.0,89110.0,89110.0,89110.0,0.0,0.0,lock_stripping,32,3,0,10000000,sync_on,lock_stripping_p32_w3_i0_t10000000
29.43,0.0,0.0,0.0,2853480.0,2853480.0,2853480.0,89151.0,89151.0,89151.0,0.0,0.0,lock_stripping,32,3,0,10000000,sync_on,lock_stripping_p32_w3_i0_t10000000
29.45,754.9019607843138,754.9019607843138,754.9019607843138,2854396.0,2854396.0,2854396.0,86215.0,86215.0,86215.0,0.0,0.0,lock_stripping,32,3,0,10000000,sync_on,lock_stripping_p32_w3_i0_t10000000
29.49,359.2233009708738,359.2233009708738,359.2233009708738,2893092.0,2893092.0,2893092.0,90124.0,90124.0,90124.0,0.0,0.0,lock_stripping,32,3,0,10000000,sync_on,lock_stripping_p32_w3_i0_t10000000
29.5,1196.0784313725492,1196.0784313725492,1196.0784313725492,2865500.0,2865500.0,2865500.0,112954.0,112954.0,112954.0,0.0,0.0,lock_stripping,32,3,0,10000000,sync_on,lock_stripping_p32_w3_i0_t10000000
29.51,1233.0097087378642,1233.0097087378642,1233.0097087378642,2841628.0,2841628.0,2841628.0,89176.0,89176.0,89176.0,0.0,0.0,lock_stripping,32,3,0,10000000,sync_on,lock_stripping_p32_w3_i0_t10000000
29.53,0.0,0.0,0.0,2853480.0,2853480.0,2853480.0,89151.0,89151.0,89151.0,0.0,0.0,lock_stripping,32,3,0,10000000,sync_on,lock_stripping_p32_w3_i0_t10000000
29.55,718.4466019417476,718.4466019417476,718.4466019417476,2854636.0,2854636.0,2854636.0,86260.0,86260.0,86260.0,0.0,0.0,lock_stripping,32,3,0,10000000,sync_on,lock_stripping_p32_w3_i0_t10000000
29.59,19.417475728155342,19.417475728155342,19.417475728155342,2893104.0,2893104.0,2893104.0,90124.0,90124.0,90124.0,0.0,0.0,lock_stripping,32,3,0,10000000,sync_on,lock_stripping_p32_w3_i0_t10000000
29.6,1245.0980392156864,1245.0980392156864,1245.0980392156864,2866048.0,2866048.0,2866048.0,113805.0,113805.0,113805.0,0.0,0.0,lock_stripping,32,3,0,10000000,sync_on,lock_stripping_p32_w3_i0_t10000000
29.61,1233.0097087378642,1233.0097087378642,1233.0097087378642,2842080.0,2842080.0,2842080.0,89239.0,89239.0,89239.0,0.0,0.0,lock_stripping,32,3,0,10000000,sync_on,lock_stripping_p32_w3_i0_t10000000
29.64,0.0,0.0,0.0,2853480.0,2853480.0,2853480.0,89151.0,89151.0,89151.0,0.0,0.0,lock_stripping,32,3,0,10000000,sync_on,lock_stripping_p32_w3_i0_t10000000
29.66,883.495145631068,883.495145631068,883.495145631068,2854964.0,2854964.0,2854964.0,86300.0,86300.0,86300.0,0.0,0.0,lock_stripping,32,3,0,10000000,sync_on,lock_stripping_p32_w3_i0_t10000000
29.7,568.6274509803922,0.0,1137.2549019607843,2879056.0,2865008.0,2893104.0,101592.5,90124.0,113061.0,0.0,0.0,lock_stripping,32,3,0,10000000,sync_on,lock_stripping_p32_w3_i0_t10000000
29.72,1201.923076923077,1201.923076923077,1201.923076923077,2842732.0,2842732.0,2842732.0,89285.0,89285.0,89285.0,0.0,0.0,lock_stripping,32,3,0,10000000,sync_on,lock_stripping_p32_w3_i0_t10000000
29.74,0.0,0.0,0.0,2853480.0,2853480.0,2853480.0,89151.0,89151.0,89151.0,0.0,0.0,lock_stripping,32,3,0,10000000,sync_on,lock_stripping_p32_w3_i0_t10000000
29.76,686.2745098039217,686.2745098039217,686.2745098039217,2855292.0,2855292.0,2855292.0,87880.0,87880.0,87880.0,0.0,0.0,lock_stripping,32,3,0,10000000,sync_on,lock_stripping_p32_w3_i0_t10000000
29.8,651.9607843137255,0.0,1303.921568627451,2879296.0,2865488.0,2893104.0,101628.5,90124.0,113133.0,0.0,0.0,lock_stripping,32,3,0,10000000,sync_on,lock_stripping_p32_w3_i0_t10000000
29.82,1254.9019607843138,1254.9019607843138,1254.9019607843138,2843128.0,2843128.0,2843128.0,89357.0,89357.0,89357.0,0.0,0.0,lock_stripping,32,3,0,10000000,sync_on,lock_stripping_p32_w3_i0_t10000000
29.84,339.80582524271847,339.80582524271847,339.80582524271847,2853660.0,2853660.0,2853660.0,89168.0,89168.0,89168.0,0.0,0.0,lock_stripping,32,3,0,10000000,sync_on,lock_stripping_p32_w3_i0_t10000000
29.86,728.1553398058253,728.1553398058253,728.1553398058253,2854244.0,2854244.0,2854244.0,86350.0,86350.0,86350.0,0.0,0.0,lock_stripping,32,3,0,10000000,sync_on,lock_stripping_p32_w3_i0_t10000000
29.91,617.6470588235295,0.0,1235.294117647059,2879400.0,2865696.0,2893104.0,101663.5,90125.0,113202.0,0.0,0.0,lock_stripping,32,3,0,10000000,sync_on,lock_stripping_p32_w3_i0_t10000000
29.92,1147.058823529412,1147.058823529412,1147.058823529412,2843600.0,2843600.0,2843600.0,89419.0,89419.0,89419.0,0.0,0.0,lock_stripping,32,3,0,10000000,sync_on,lock_stripping_p32_w3_i0_t10000000
29.95,533.9805825242719,533.9805825242719,533.9805825242719,2851936.0,2851936.0,2851936.0,87346.0,87346.0,87346.0,0.0,0.0,lock_stripping,32,3,0,10000000,sync_on,lock_stripping_p32_w3_i0_t10000000
29.97,592.2330097087379,592.2330097087379,592.2330097087379,2854440.0,2854440.0,2854440.0,86389.0,86389.0,86389.0,0.0,0.0,lock_stripping,32,3,0,10000000,sync_on,lock_stripping_p32_w3_i0_t10000000
30.01,872.2964529462655,398.05825242718447,1346.5346534653465,2879854.0,2866296.0,2893412.0,100787.5,88299.0,113276.0,0.0,0.0,lock_stripping,32,3,0,10000000,sync_on,lock_stripping_p32_w3_i0_t10000000
30.02,1470.5882352941178,1470.5882352941178,1470.5882352941178,2843892.0,2843892.0,2843892.0,89491.0,89491.0,89491.0,0.0,0.0,lock_stripping,32,3,0,10000000,sync_on,lock_stripping_p32_w3_i0_t10000000
30.05,417.4757281553398,417.4757281553398,417.4757281553398,2852112.0,2852112.0,2852112.0,87375.0,87375.0,87375.0,0.0,0.0,lock_stripping,32,3,0,10000000,sync_on,lock_stripping_p32_w3_i0_t10000000
30.07,631.0679611650486,631.0679611650486,631.0679611650486,2854756.0,2854756.0,2854756.0,86421.0,86421.0,86421.0,0.0,0.0,lock_stripping,32,3,0,10000000,sync_on,lock_stripping_p32_w3_i0_t10000000
30.11,291.2621359223301,291.2621359223301,291.2621359223301,2891744.0,2891744.0,2891744.0,90139.0,90139.0,90139.0,0.0,0.0,lock_stripping,32,3,0,10000000,sync_on,lock_stripping_p32_w3_i0_t10000000
0.1,1249.9439880507841,1223.3009708737866,1278.8461538461538,2735458.4,2680264.0,2787644.0,174642.6,163750.0,177378.0,0.0,0.0,hard,32,3,10000,10000000,sync_on,hard_p32_w3_i10000_t10000000
0.2,1171.9326344399146,1148.5148514851485,1196.0784313725492,2754752.0,2685988.0,2793360.0,170310.25,160303.0,173662.0,0.0,0.0,hard,32,3,10000,10000000,sync_on,hard_p32_w3_i10000_t10000000
0.21,1215.686274509804,1215.686274509804,1215.686274509804,2685404.0,2685404.0,2685404.0,173664.0,173664.0,173664.0,0.0,0.0,hard,32,3,10000,10000000,sync_on,hard_p32_w3_i10000_t10000000
0.31,1228.3145894653605,1182.6923076923078,1254.9019607843138,2744988.8,2689724.0,2797504.0,170244.0,156331.0,173734.0,0.0,0.0,hard,32,3,10000,10000000,sync_on,hard_p32_w3_i10000_t10000000
0.41,1162.028657616893,1098.0392156862745,1205.8823529411766,2748089.6,2692712.0,2800924.0,170305.8,156397.0,173800.0,0.0,0.0,hard,32,3,10000,10000000,sync_on,hard_p32_w3_i10000_t10000000
0.51,1329.2517429926888,1294.1176470588236,1378.6407766990292,2751171.2,2695844.0,2803872.0,169622.6,152695.0,173875.0,0.0,0.0,hard,32,3,10000,10000000,sync_on,hard_p32_w3_i10000_t10000000
0.61,1263.992004568818,1225.4901960784314,1303.921568627451,2752157.0,2698188.0,2806676.0,168634.75,152764.0,173946.0,0.0,0.0,hard,32,3,10000,10000000,sync_on,hard_p32_w3_i10000_t10000000
0.62,1362.7450980392157,1362.7450980392157,1362.7450980392157,2759744.0,2759744.0,2759744.0,173942.0,173942.0,173942.0,0.0,0.0,hard,32,3,10000,10000000,sync_on,hard_p32_w3_i10000_t10000000
0.71,1262.4085938005564,1215.686274509804,1297.029702970297,2772958.6666666665,2701280.0,2809364.0,166926.33333333334,152829.0,173994.0,0.0,0.0,hard,32,3,10000,10000000,sync_on,hard_p32_w3_i10000_t10000000
0.72,1322.3057882711348,1298.076923076923,1346.5346534653465,2732010.0,2701252.0,2762768.0,174011.5,174007.0,174016.0,0.0,0.0,hard,32,3,10000,10000000,sync_on,hard_p32_w3_i10000_t10000000
0.82,1284.112991539017,1227.7227722772277,1352.9411764705883,2759074.4,2703608.0,2811960.0,169824.4,152890.0,174075.0,0.0,0.0,hard,32,3,10000,10000000,sync_on,hard_p32_w3_i10000_t10000000
0.92,1292.5321126165622,1235.294117647059,1376.2376237623762,2761888.8,2706300.0,2814872.0,169882.4,152945.0,174141.0,0.0,0.0,hard,32,3,10000,10000000,sync_on,hard_p32_w3_i10000_t10000000
1.02,1255.5037856726851,1205.8823529411766,1306.930693069307,2763576.8,2707920.0,2816228.0,169943.4,153007.0,174196.0,0.0,0.0,hard,32,3,10000,10000000,sync_on,hard_p32_w3_i10000_t10000000
1.12,1381.812938575411,1326.7326732673266,1436.8932038834953,2764050.0,2711012.0,2817088.0,174225.0,174204.0,174246.0,0.0,0.0,hard,32,3,10000,10000000,sync_on,hard_p32_w3_i10000_t10000000
1.13,1377.5138260432377,1365.3846153846155,1392.1568627450981,2766866.6666666665,2709700.0,2818720.0,165941.0,149299.0,174265.0,0.0,0.0,hard,32,3,10000,10000000,sync_on,hard_p32_w3_i10000_t10000000
1.23,1111.3876319758674,1068.6274509803923,1156.8627450980393,2767252.0,2711108.0,2820520.0,168564.2,149364.0,174329.0,0.0,0.0,hard,32,3,10000,10000000,sync_on,hard_p32_w3_i10000_t10000000
1.33,1139.606976117372,1077.6699029126214,1215.686274509804,2768952.8,2712968.0,2822384.0,167882.2,149490.0,174389.0,0.0,0.0,hard,32,3,10000,10000000,sync_on,hard_p32_w3_i10000_t10000000
1.43,1198.5439720442632,1137.2549019607843,1257.4257425742574,2770549.6,2714956.0,2823872.0,167181.2,145711.0,174455.0,0.0,0.0,hard,32,3,10000,10000000,sync_on,hard_p32_w3_i10000_t10000000
1.53,1290.8100133257187,1235.294117647059,1349.5145631067962,2786441.0,2717356.0,2825944.0,165498.0,145778.0,174777.0,0.0,0.0,hard,32,3,10000,10000000,sync_on,hard_p32_w3_i10000_t10000000
1.54,1291.2621359223301,1291.2621359223301,1291.2621359223301,2716812.0,2716812.0,2716812.0,170749.0,170749.0,170749.0,0.0,0.0,hard,32,3,10000,10000000,sync_on,hard_p32_w3_i10000_t10000000
1.63,1107.843137254902,1107.843137254902,1107.843137254902,2718532.0,2718532.0,2718532.0,170801.0,170801.0,170801.0,0.0,0.0,hard,32,3,10000,10000000,sync_on,hard_p32_w3_i10000_t10000000
1.64,1182.2400990099009,1125.0,1227.7227722772277,2787632.0,2718016.0,2827596.0,164560.0,145839.0,170821.0,0.0,0.0,hard,32,3,10000,10000000,sync_on,hard_p32_w3_i10000_t10000000
1.73,1225.4901960784314,1225.4901960784314,1225.4901960784314,2720004.0,2720004.0,2720004.0,170872.0,170872.0,170872.0,0.0,0.0,hard,32,3,10000,10000000,sync_on,hard_p32_w3_i10000_t10000000
1.74,995.2778815036097,333.33333333333337,1278.8461538461538,2788875.0,2719708.0,2828020.0,163671.25,145858.0,170890.0,0.0,0.0,hard,32,3,10000,10000000,sync_on,hard_p32_w3_i10000_t10000000
1.84,1085.226169675791,343.13725490196083,1372.5490196078433,2776366.4,2721092.0,2828340.0,165168.4,145886.0,170951.0,0.0,0.0,hard,32,3,10000,10000000,sync_on,hard_p32_w3_i10000_t10000000
1.94,1222.2222222222224,1127.450980392157,1294.1176470588236,2778994.6666666665,2723616.0,2829280.0,169816.66666666666,167240.0,171261.0,0.0,0.0,hard,32,3,10000,10000000,sync_on,hard_p32_w3_i10000_t10000000
1.95,855.7692307692307,509.61538461538464,1201.923076923077,2775694.0,2722516.0,2828872.0,154684.0,145911.0,163457.0,0.0,0.0,hard,32,3,10000,10000000,sync_on,hard_p32_w3_i10000_t10000000
2.04,1379.6966235085047,1317.3076923076924,1465.3465346534651,2780794.6666666665,2725440.0,2831080.0,166107.33333333334,163514.0,171280.0,0.0,0.0,hard,32,3,10000,10000000,sync_on,hard_p32_w3_i10000_t10000000
2.05,1118.4085284599278,844.6601941747573,1392.1568627450981,2777168.0,2724236.0,2830100.0,154739.0,145955.0,163523.0,0.0,0.0,hard,32,3,10000,10000000,sync_on,hard_p32_w3_i10000_t10000000
2.14,1450.9803921568628,1450.9803921568628,1450.9803921568628,2726972.0,2726972.0,2726972.0,163643.0,163643.0,163643.0,0.0,0.0,hard,32,3,10000,10000000,sync_on,hard_p32_w3_i10000_t10000000
2.15,1129.5542874423188,278.84615384615387,1415.8415841584158,2794392.0,2726088.0,2832824.0,158233.75,145969.0,163601.0,0.0,0.0,hard,32,3,10000,10000000,sync_on,hard_p32_w3_i10000_t10000000
2.24,1225.4901960784314,1225.4901960784314,1225.4901960784314,2728280.0,2728280.0,2728280.0,159889.0,159889.0,159889.0,0.0,0.0,hard,32,3,10000,10000000,sync_on,hard_p32_w3_i10000_t10000000
2.25,1168.99076998966,1107.843137254902,1245.2830188679245,2783425.3333333335,2727308.0,2833808.0,159873.66666666666,156118.0,163613.0,0.0,0.0,hard,32,3,10000,10000000,sync_on,hard_p32_w3_i10000_t10000000
2.26,394.2307692307692,394.2307692307692,394.2307692307692,2831128.0,2831128.0,2831128.0,145991.0,145991.0,145991.0,0.0,0.0,hard,32,3,10000,10000000,sync_on,hard_p32_w3_i10000_t10000000
2.35,1295.597942147156,1267.3267326732673,1336.6336633663366,2770890.0,2728812.0,2835212.0,159004.0,156190.0,159965.0,0.0,0.0,hard,32,3,10000,10000000,sync_on,hard_p32_w3_i10000_t10000000
2.36,500.0,500.0,500.0,2831828.0,2831828.0,2831828.0,146010.0,146010.0,146010.0,0.0,0.0,hard,32,3,10000,10000000,sync_on,hard_p32_w3_i10000_t10000000
2.45,1200.9803921568628,1186.2745098039215,1215.686274509804,2730080.0,2729932.0,2730228.0,160158.0,160022.0,160294.0,0.0,0.0,hard,32,3,10000,10000000,sync_on,hard_p32_w3_i10000_t10000000
2.46,996.2921065862243,567.3076923076924,1254.9019607843138,2820077.3333333335,2791444.0,2836316.0,154090.0,146040.0,159972.0,0.0,0.0,hard,32,3,10000,10000000,sync_on,hard_p32_w3_i10000_t10000000
2.55,1147.058823529412,1147.058823529412,1147.058823529412,2730876.0,2730876.0,2730876.0,160083.0,160083.0,160083.0,0.0,0.0,hard,32,3,10000,10000000,sync_on,hard_p32_w3_i10000_t10000000
2.56,1201.1060834590246,1176.4705882352941,1230.7692307692307,2786894.6666666665,2730852.0,2837452.0,157555.66666666666,156314.0,160034.0,0.0,0.0,hard,32,3,10000,10000000,sync_on,hard_p32_w3_i10000_t10000000
2.57,407.7669902912622,407.7669902912622,407.7669902912622,2832856.0,2832856.0,2832856.0,146062.0,146062.0,146062.0,0.0,0.0,hard,32,3,10000,10000000,sync_on,hard_p32_w3_i10000_t10000000
2.65,1107.843137254902,1107.843137254902,1107.843137254902,2731792.0,2731792.0,2731792.0,152599.0,152599.0,152599.0,0.0,0.0,hard,32,3,10000,10000000,sync_on,hard_p32_w3_i10000_t10000000
2.66,1160.9821486350315,1089.108910891089,1276.1904761904761,2788042.6666666665,2731576.0,2839000.0,156361.33333333334,152600.0,160107.0,0.0,0.0,hard,32,3,10000,10000000,sync_on,hard_p32_w3_i10000_t10000000
2.67,644.2307692307693,644.2307692307693,644.2307692307693,2833692.0,2833692.0,2833692.0,146092.0,146092.0,146092.0,0.0,0.0,hard,32,3,10000,10000000,sync_on,hard_p32_w3_i10000_t10000000
2.76,1128.5156781159067,1058.8235294117649,1194.1747572815534,2775087.0,2732848.0,2839984.0,154532.5,152654.0,160163.0,0.0,0.0,hard,32,3,10000,10000000,sync_on,hard_p32_w3_i10000_t10000000
2.78,346.1538461538462,346.1538461538462,346.1538461538462,2834132.0,2834132.0,2834132.0,146106.0,146106.0,146106.0,0.0,0.0,hard,32,3,10000,10000000,sync_on,hard_p32_w3_i10000_t10000000
2.86,1251.284980011422,1106.7961165048544,1411.764705882353,2754480.0,2733840.0,2795476.0,152716.66666666666,152711.0,152721.0,0.0,0.0,hard,32,3,10000,10000000,sync_on,hard_p32_w3_i10000_t10000000
2.87,1207.9207920792078,1207.9207920792078,1207.9207920792078,2841020.0,2841020.0,2841020.0,156446.0,156446.0,156446.0,0.0,0.0,hard,32,3,10000,10000000,sync_on,hard_p32_w3_i10000_t10000000
2.88,250.0,250.0,250.0,2834360.0,2834360.0,2834360.0,146389.0,146389.0,146389.0,0.0,0.0,hard,32,3,10000,10000000,sync_on,hard_p32_w3_i10000_t10000000
2.96,1392.1568627450981,1392.1568627450981,1392.1568627450981,2735512.0,2735512.0,2735512.0,149003.0,149003.0,149003.0,0.0,0.0,hard,32,3,10000,10000000,sync_on,hard_p32_w3_i10000_t10000000
2.97,1238.4860642675585,1155.3398058252428,1343.137254901961,2791154.6666666665,2734648.0,2842048.0,151600.66666666666,149013.0,156775.0,0.0,0.0,hard,32,3,10000,10000000,sync_on,hard_p32_w3_i10000_t10000000
2.98,368.93203883495147,368.93203883495147,368.93203883495147,2835160.0,2835160.0,2835160.0,142359.0,142359.0,142359.0,0.0,0.0,hard,32,3,10000,10000000,sync_on,hard_p32_w3_i10000_t10000000
3.06,1313.7254901960785,1313.7254901960785,1313.7254901960785,2736324.0,2736324.0,2736324.0,149074.0,149074.0,149074.0,0.0,0.0,hard,32,3,10000,10000000,sync_on,hard_p32_w3_i10000_t10000000
3.07,1377.014172005436,1366.3366336633662,1392.1568627450981,2791941.3333333335,2735300.0,2842836.0,150317.33333333334,149076.0,152798.0,0.0,0.0,hard,32,3,10000,10000000,sync_on,hard_p32_w3_i10000_t10000000
3.09,278.84615384615387,278.84615384615387,278.84615384615387,2835328.0,2835328.0,2835328.0,142383.0,142383.0,142383.0,0.0,0.0,hard,32,3,10000,10000000,sync_on,hard_p32_w3_i10000_t10000000
3.16,1323.5294117647059,1323.5294117647059,1323.5294117647059,2737232.0,2737232.0,2737232.0,149137.0,149137.0,149137.0,0.0,0.0,hard,32,3,10000,10000000,sync_on,hard_p32_w3_i10000_t10000000
3.17,1371.1847198426296,1294.1176470588236,1417.47572815534,2792870.6666666665,2736448.0,2843860.0,150383.66666666666,149140.0,152869.0,0.0,0.0,hard,32,3,10000,10000000,sync_on,hard_p32_w3_i10000_t10000000
3.19,528.8461538461539,528.8461538461539,528.8461538461539,2835872.0,2835872.0,2835872.0,142407.0,142407.0,142407.0,0.0,0.0,hard,32,3,10000,10000000,sync_on,hard_p32_w3_i10000_t10000000
3.27,1283.8283828382837,1207.9207920792078,1333.3333333333335,2779784.0,2737428.0,2844900.0,149194.0,149155.0,149210.0,0.0,0.0,hard,32,3,10000,10000000,sync_on,hard_p32_w3_i10000_t10000000
3.29,586.5384615384615,586.5384615384615,586.5384615384615,2836440.0,2836440.0,2836440.0,142443.0,142443.0,142443.0,0.0,0.0,hard,32,3,10000,10000000,sync_on,hard_p32_w3_i10000_t10000000
3.37,1300.3785672684915,1277.227722772277,1323.5294117647059,2769084.0,2738456.0,2799712.0,149274.0,149268.0,149280.0,0.0,0.0,hard,32,3,10000,10000000,sync_on,hard_p32_w3_i10000_t10000000
3.38,1299.0196078431372,1254.9019607843138,1343.137254901961,2791852.0,2738040.0,2845664.0,149257.0,149239.0,149275.0,0.0,0.0,hard,32,3,10000,10000000,sync_on,hard_p32_w3_i10000_t10000000
3.4,567.3076923076924,567.3076923076924,567.3076923076924,2837100.0,2837100.0,2837100.0,142476.0,142476.0,142476.0,0.0,0.0,hard,32,3,10000,10000000,sync_on,hard_p32_w3_i10000_t10000000
3.47,1323.5294117647059,1323.5294117647059,1323.5294117647059,2739016.0,2739016.0,2739016.0,149327.0,149327.0,149327.0,0.0,0.0,hard,32,3,10000,10000000,sync_on,hard_p32_w3_i10000_t10000000
3.48,1268.4054753977064,1216.9811320754718,1362.7450980392157,2795116.0,2738696.0,2846260.0,148072.0,145566.0,149351.0,0.0,0.0,hard,32,3,10000,10000000,sync_on,hard_p32_w3_i10000_t10000000
3.5,500.0,500.0,500.0,2837448.0,2837448.0,2837448.0,142501.0,142501.0,142501.0,0.0,0.0,hard,32,3,10000,10000000,sync_on,hard_p32_w3_i10000_t10000000
3.57,1134.6153846153848,1134.6153846153848,1134.6153846153848,2739644.0,2739644.0,2739644.0,149390.0,149390.0,149390.0,0.0,0.0,hard,32,3,10000,10000000,sync_on,hard_p32_w3_i10000_t10000000
3.58,1192.81045751634,1156.8627450980393,1254.9019607843138,2795706.6666666665,2739404.0,2846816.0,148136.0,145630.0,149412.0,0.0,0.0,hard,32,3,10000,10000000,sync_on,hard_p32_w3_i10000_t10000000
3.61,533.9805825242719,533.9805825242719,533.9805825242719,2837932.0,2837932.0,2837932.0,142535.0,142535.0,142535.0,0.0,0.0,hard,32,3,10000,10000000,sync_on,hard_p32_w3_i10000_t10000000
3.67,1303.921568627451,1303.921568627451,1303.921568627451,2740348.0,2740348.0,2740348.0,149465.0,149465.0,149465.0,0.0,0.0,hard,32,3,10000,10000000,sync_on,hard_p32_w3_i10000_t10000000
3.68,1323.5294117647059,1284.3137254901962,1362.7450980392157,2770740.0,2739852.0,2801628.0,147583.0,145692.0,149474.0,0.0,0.0,hard,32,3,10000,10000000,sync_on,hard_p32_w3_i10000_t10000000
3.69,1343.137254901961,1343.137254901961,1343.137254901961,2847324.0,2847324.0,2847324.0,149432.0,149432.0,149432.0,0.0,0.0,hard,32,3,10000,10000000,sync_on,hard_p32_w3_i10000_t10000000
3.71,394.2307692307692,394.2307692307692,394.2307692307692,2838228.0,2838228.0,2838228.0,142557.0,142557.0,142557.0,0.0,0.0,hard,32,3,10000,10000000,sync_on,hard_p32_w3_i10000_t10000000
3.78,1368.4954751131222,1323.5294117647059,1413.4615384615386,2771896.0,2741420.0,2802372.0,145760.5,145746.0,145775.0,0.0,0.0,hard,32,3,10000,10000000,sync_on,hard_p32_w3_i10000_t10000000
3.79,1310.7088989441932,1307.6923076923078,1313.7254901960785,2794306.0,2740596.0,2848016.0,147634.0,145764.0,149504.0,0.0,0.0,hard,32,3,10000,10000000,sync_on,hard_p32_w3_i10000_t10000000
3.81,576.9230769230769,576.9230769230769,576.9230769230769,2839144.0,2839144.0,2839144.0,142589.0,142589.0,142589.0,0.0,0.0,hard,32,3,10000,10000000,sync_on,hard_p32_w3_i10000_t10000000
3.88,1123.4711706464764,1058.8235294117649,1188.118811881188,2772366.0,2741988.0,2802744.0,145824.0,145809.0,145839.0,0.0,0.0,hard,32,3,10000,10000000,sync_on,hard_p32_w3_i10000_t10000000
3.89,1069.258396427878,1009.8039215686275,1128.7128712871286,2794784.0,2741112.0,2848456.0,147692.5,145819.0,149566.0,0.0,0.0,hard,32,3,10000,10000000,sync_on,hard_p32_w3_i10000_t10000000
3.92,451.92307692307696,451.92307692307696,451.92307692307696,2839672.0,2839672.0,2839672.0,142612.0,142612.0,142612.0,0.0,0.0,hard,32,3,10000,10000000,sync_on,hard_p32_w3_i10000_t10000000
3.98,1078.4313725490197,1078.4313725490197,1078.4313725490197,2742608.0,2742608.0,2742608.0,142095.0,142095.0,142095.0,0.0,0.0,hard,32,3,10000,10000000,sync_on,hard_p32_w3_i10000_t10000000
3.99,1183.0065359477123,1107.843137254902,1264.7058823529412,2797998.6666666665,2741628.0,2849004.0,144621.0,142128.0,145882.0,0.0,0.0,hard,32,3,10000,10000000,sync_on,hard_p32_w3_i10000_t10000000
4.02,417.4757281553398,417.4757281553398,417.4757281553398,2840044.0,2840044.0,2840044.0,142638.0,142638.0,142638.0,0.0,0.0,hard,32,3,10000,10000000,sync_on,hard_p32_w3_i10000_t10000000
4.08,1190.4761904761906,1190.4761904761906,1190.4761904761906,2743044.0,2743044.0,2743044.0,142166.0,142166.0,142166.0,0.0,0.0,hard,32,3,10000,10000000,sync_on,hard_p32_w3_i10000_t10000000
4.09,1179.8786674783985,1165.0485436893205,1207.9207920792078,2798682.6666666665,2742408.0,2849680.0,143513.0,142138.0,146208.0,0.0,0.0,hard,32,3,10000,10000000,sync_on,hard_p32_w3_i10000_t10000000
4.12,663.4615384615385,663.4615384615385,663.4615384615385,2840656.0,2840656.0,2840656.0,142676.0,142676.0,142676.0,0.0,0.0,hard,32,3,10000,10000000,sync_on,hard_p32_w3_i10000_t10000000
4.19,1024.5098039215686,1019.6078431372549,1029.4117647058824,2774116.0,2743736.0,2804496.0,142236.5,142225.0,142248.0,0.0,0.0,hard,32,3,10000,10000000,sync_on,hard_p32_w3_i10000_t10000000
4.2,1053.024645257655,1029.1262135922332,1076.923076923077,2796578.0,2742868.0,2850288.0,142212.0,142200.0,142224.0,0.0,0.0,hard,32,3,10000,10000000,sync_on,hard_p32_w3_i10000_t10000000
4.23,605.7692307692308,605.7692307692308,605.7692307692308,2841300.0,2841300.0,2841300.0,142704.0,142704.0,142704.0,0.0,0.0,hard,32,3,10000,10000000,sync_on,hard_p32_w3_i10000_t10000000
4.29,1107.843137254902,1088.235294117647,1127.450980392157,2774668.0,2744352.0,2804984.0,142294.0,142285.0,142303.0,0.0,0.0,hard,32,3,10000,10000000,sync_on,hard_p32_w3_i10000_t10000000
4.3,1088.2352941176473,1068.6274509803923,1107.843137254902,2797056.0,2743448.0,2850664.0,142271.0,142258.0,142284.0,0.0,0.0,hard,32,3,10000,10000000,sync_on,hard_p32_w3_i10000_t10000000
4.33,711.5384615384615,711.5384615384615,711.5384615384615,2842112.0,2842112.0,2842112.0,142747.0,142747.0,142747.0,0.0,0.0,hard,32,3,10000,10000000,sync_on,hard_p32_w3_i10000_t10000000
4.39,1166.6666666666667,1117.6470588235295,1215.686274509804,2775194.0,2744848.0,2805540.0,142354.5,142350.0,142359.0,0.0,0.0,hard,32,3,10000,10000000,sync_on,hard_p32_w3_i10000_t10000000
4.4,1200.471017975584,1148.5148514851485,1252.4271844660195,2797704.0,2744144.0,2851264.0,142331.0,142316.0,142346.0,0.0,0.0,hard,32,3,10000,10000000,sync_on,hard_p32_w3_i10000_t10000000
4.44,456.3106796116505,456.3106796116505,456.3106796116505,2842408.0,2842408.0,2842408.0,142773.0,142773.0,142773.0,0.0,0.0,hard,32,3,10000,10000000,sync_on,hard_p32_w3_i10000_t10000000
4.49,1372.5490196078433,1372.5490196078433,1372.5490196078433,2745496.0,2745496.0,2745496.0,142422.0,142422.0,142422.0,0.0,0.0,hard,32,3,10000,10000000,sync_on,hard_p32_w3_i10000_t10000000
4.5,1274.5098039215686,1176.4705882352941,1372.5490196078433,2775388.0,2744724.0,2806052.0,142417.0,142406.0,142428.0,0.0,0.0,hard,32,3,10000,10000000,sync_on,hard_p32_w3_i10000_t10000000
4.51,1201.923076923077,1201.923076923077,1201.923076923077,2851852.0,2851852.0,2851852.0,142381.0,142381.0,142381.0,0.0,0.0,hard,32,3,10000,10000000,sync_on,hard_p32_w3_i10000_t10000000
4.54,682.6923076923077,682.6923076923077,682.6923076923077,2842984.0,2842984.0,2842984.0,142804.0,142804.0,142804.0,0.0,0.0,hard,32,3,10000,10000000,sync_on,hard_p32_w3_i10000_t10000000
4.59,1196.0784313725492,1196.0784313725492,1196.0784313725492,2746356.0,2746356.0,2746356.0,142478.0,142478.0,142478.0,0.0,0.0,hard,32,3,10000,10000000,sync_on,hard_p32_w3_i10000_t10000000
4.6,1229.1547687035982,1205.8823529411766,1252.4271844660195,2775984.0,2745204.0,2806764.0,142485.0,142474.0,142496.0,0.0,0.0,hard,32,3,10000,10000000,sync_on,hard_p32_w3_i10000_t10000000
4.61,1079.2079207920792,1079.2079207920792,1079.2079207920792,2852248.0,2852248.0,2852248.0,142441.0,142441.0,142441.0,0.0,0.0,hard,32,3,10000,10000000,sync_on,hard_p32_w3_i10000_t10000000
4.64,490.3846153846154,490.3846153846154,490.3846153846154,2843288.0,2843288.0,2843288.0,142822.0,142822.0,142822.0,0.0,0.0,hard,32,3,10000,10000000,sync_on,hard_p32_w3_i10000_t10000000
4.7,1156.1714429361489,1105.7692307692307,1205.8823529411766,2766658.6666666665,2745872.0,2807164.0,142546.66666666666,142532.0,142563.0,0.0,0.0,hard,32,3,10000,10000000,sync_on,hard_p32_w3_i10000_t10000000
4.71,1225.4901960784314,1225.4901960784314,1225.4901960784314,2852704.0,2852704.0,2852704.0,142513.0,142513.0,142513.0,0.0,0.0,hard,32,3,10000,10000000,sync_on,hard_p32_w3_i10000_t10000000
4.75,442.3076923076923,442.3076923076923,442.3076923076923,2843536.0,2843536.0,2843536.0,142852.0,142852.0,142852.0,0.0,0.0,hard,32,3,10000,10000000,sync_on,hard_p32_w3_i10000_t10000000
4.8,1156.8627450980393,1156.8627450980393,1156.8627450980393,2747308.0,2747308.0,2747308.0,142603.0,142603.0,142603.0,0.0,0.0,hard,32,3,10000,10000000,sync_on,hard_p32_w3_i10000_t10000000
4.81,1253.8866679357827,1196.0784313725492,1310.6796116504854,2802537.3333333335,2746524.0,2853248.0,142602.0,142577.0,142624.0,0.0,0.0,hard,32,3,10000,10000000,sync_on,hard_p32_w3_i10000_t10000000
4.85,601.9417475728155,601.9417475728155,601.9417475728155,2844012.0,2844012.0,2844012.0,142888.0,142888.0,142888.0,0.0,0.0,hard,32,3,10000,10000000,sync_on,hard_p32_w3_i10000_t10000000
4.9,1346.1538461538462,1346.1538461538462,1346.1538461538462,2747776.0,2747776.0,2747776.0,142677.0,142677.0,142677.0,0.0,0.0,hard,32,3,10000,10000000,sync_on,hard_p32_w3_i10000_t10000000
4.91,1287.6353927182026,1225.4901960784314,1346.1538461538462,2803300.0,2747356.0,2854184.0,142665.66666666666,142636.0,142686.0,0.0,0.0,hard,32,3,10000,10000000,sync_on,hard_p32_w3_i10000_t10000000
4.96,586.5384615384615,586.5384615384615,586.5384615384615,2844380.0,2844380.0,2844380.0,142921.0,142921.0,142921.0,0.0,0.0,hard,32,3,10000,10000000,sync_on,hard_p32_w3_i10000_t10000000
5.0,1376.2376237623762,1376.2376237623762,1376.2376237623762,2748284.0,2748284.0,2748284.0,142756.0,142756.0,142756.0,0.0,0.0,hard,32,3,10000,10000000,sync_on,hard_p32_w3_i10000_t10000000
5.01,1279.8485730926034,1205.8823529411766,1386.1386138613861,2803730.6666666665,2747944.0,2854452.0,142734.33333333334,142706.0,142753.0,0.0,0.0,hard,32,3,10000,10000000,sync_on,hard_p32_w3_i10000_t10000000
5.06,855.7692307692308,855.7692307692308,855.7692307692308,2845124.0,2845124.0,2845124.0,142960.0,142960.0,142960.0,0.0,0.0,hard,32,3,10000,10000000,sync_on,hard_p32_w3_i10000_t10000000
5.11,1058.0747509359733,1029.1262135922332,1078.4313725490197,2768817.3333333335,2748400.0,2809336.0,142810.0,142801.0,142820.0,0.0,0.0,hard,32,3,10000,10000000,sync_on,hard_p32_w3_i10000_t10000000
5.12,1264.7058823529412,1264.7058823529412,1264.7058823529412,2854736.0,2854736.0,2854736.0,142769.0,142769.0,142769.0,0.0,0.0,hard,32,3,10000,10000000,sync_on,hard_p32_w3_i10000_t10000000
5.16,432.69230769230774,432.69230769230774,432.69230769230774,2845312.0,2845312.0,2845312.0,142971.0,142971.0,142971.0,0.0,0.0,hard,32,3,10000,10000000,sync_on,hard_p32_w3_i10000_t10000000
5.21,1217.190836730732,1127.450980392157,1306.930693069307,2749036.0,2748832.0,2749240.0,142874.5,142862.0,142887.0,0.0,0.0,hard,32,3,10000,10000000,sync_on,hard_p32_w3_i10000_t10000000
5.22,1247.0776772247361,1196.0784313725492,1298.076923076923,2832558.0,2809968.0,2855148.0,142850.0,142829.0,142871.0,0.0,0.0,hard,32,3,10000,10000000,sync_on,hard_p32_w3_i10000_t10000000
5.27,485.4368932038835,485.4368932038835,485.4368932038835,2845584.0,2845584.0,2845584.0,143003.0,143003.0,143003.0,0.0,0.0,hard,32,3,10000,10000000,sync_on,hard_p32_w3_i10000_t10000000
5.31,1303.921568627451,1303.921568627451,1303.921568627451,2749544.0,2749544.0,2749544.0,142961.0,142961.0,142961.0,0.0,0.0,hard,32,3,10000,10000000,sync_on,hard_p32_w3_i10000_t10000000
5.32,1245.0980392156864,1205.8823529411766,1264.7058823529412,2804990.6666666665,2749208.0,2855436.0,142928.33333333334,142902.0,142947.0,0.0,0.0,hard,32,3,10000,10000000,sync_on,hard_p32_w3_i10000_t10000000
5.37,615.3846153846154,615.3846153846154,615.3846153846154,2845968.0,2845968.0,2845968.0,143029.0,143029.0,143029.0,0.0,0.0,hard,32,3,10000,10000000,sync_on,hard_p32_w3_i10000_t10000000
5.42,1198.824115157639,1107.843137254902,1281.5533980582525,2791638.0,2749772.0,2856020.0,142997.25,142959.0,143028.0,0.0,0.0,hard,32,3,10000,10000000,sync_on,hard_p32_w3_i10000_t10000000
5.47,384.61538461538464,384.61538461538464,384.61538461538464,2846112.0,2846112.0,2846112.0,143050.0,143050.0,143050.0,0.0,0.0,hard,32,3,10000,10000000,sync_on,hard_p32_w3_i10000_t10000000
5.52,1039.506891865657,1019.6078431372549,1059.4059405940593,2750270.0,2750164.0,2750376.0,143071.0,143060.0,143082.0,0.0,0.0,hard,32,3,10000,10000000,sync_on,hard_p32_w3_i10000_t10000000
5.53,1078.4313725490197,1068.6274509803923,1088.235294117647,2833854.0,2811296.0,2856412.0,143046.5,143022.0,143071.0,0.0,0.0,hard,32,3,10000,10000000,sync_on,hard_p32_w3_i10000_t10000000
5.58,605.7692307692308,605.7692307692308,605.7692307692308,2846596.0,2846596.0,2846596.0,143082.0,143082.0,143082.0,0.0,0.0,hard,32,3,10000,10000000,sync_on,hard_p32_w3_i10000_t10000000
5.62,1326.7326732673266,1326.7326732673266,1326.7326732673266,2750740.0,2750740.0,2750740.0,143153.0,143153.0,143153.0,0.0,0.0,hard,32,3,10000,10000000,sync_on,hard_p32_w3_i10000_t10000000
5.63,1123.2964472917881,1107.843137254902,1133.3333333333335,2806274.6666666665,2750344.0,2856876.0,143110.66666666666,143082.0,143129.0,0.0,0.0,hard,32,3,10000,10000000,sync_on,hard_p32_w3_i10000_t10000000
5.68,596.1538461538462,596.1538461538462,596.1538461538462,2846972.0,2846972.0,2846972.0,143115.0,143115.0,143115.0,0.0,0.0,hard,32,3,10000,10000000,sync_on,hard_p32_w3_i10000_t10000000
5.72,1107.843137254902,1107.843137254902,1107.843137254902,2751200.0,2751200.0,2751200.0,145286.0,145286.0,145286.0,0.0,0.0,hard,32,3,10000,10000000,sync_on,hard_p32_w3_i10000_t10000000
5.73,1249.9191095580145,1188.118811881188,1287.128712871287,2806842.6666666665,2750860.0,2857384.0,144177.0,143146.0,145145.0,0.0,0.0,hard,32,3,10000,10000000,sync_on,hard_p32_w3_i10000_t10000000
5.79,548.0769230769231,548.0769230769231,548.0769230769231,2847244.0,2847244.0,2847244.0,143138.0,143138.0,143138.0,0.0,0.0,hard,32,3,10000,10000000,sync_on,hard_p32_w3_i10000_t10000000
5.82,558.8235294117648,558.8235294117648,558.8235294117648,2751340.0,2751340.0,2751340.0,146308.0,146308.0,146308.0,0.0,0.0,hard,32,3,10000,10000000,sync_on,hard_p32_w3_i10000_t10000000
5.83,906.0219557078495,617.6470588235295,1343.137254901961,2807160.0,2751108.0,2857840.0,144940.66666666666,143224.0,146184.0,0.0,0.0,hard,32,3,10000,10000000,sync_on,hard_p32_w3_i10000_t10000000
5.89,592.2330097087379,592.2330097087379,592.2330097087379,2847384.0,2847384.0,2847384.0,143175.0,143175.0,143175.0,0.0,0.0,hard,32,3,10000,10000000,sync_on,hard_p32_w3_i10000_t10000000
5.92,774.5098039215687,774.5098039215687,774.5098039215687,2751572.0,2751572.0,2751572.0,147509.0,147509.0,147509.0,0.0,0.0,hard,32,3,10000,10000000,sync_on,hard_p32_w3_i10000_t10000000
5.93,983.6601307189543,862.7450980392157,1137.2549019607843,2807533.3333333335,2751504.0,2858168.0,146043.33333333334,143286.0,147431.0,0.0,0.0,hard,32,3,10000,10000000,sync_on,hard_p32_w3_i10000_t10000000
5.99,548.0769230769231,548.0769230769231,548.0769230769231,2847708.0,2847708.0,2847708.0,143207.0,143207.0,143207.0,0.0,0.0,hard,32,3,10000,10000000,sync_on,hard_p32_w3_i10000_t10000000
6.03,1262.2549019607843,1250.0,1274.5098039215686,2805346.0,2751992.0,2858700.0,146467.0,143358.0,149576.0,0.0,0.0,hard,32,3,10000,10000000,sync_on,hard_p32_w3_i10000_t10000000
6.04,1029.5929798356983,903.8461538461539,1155.3398058252428,2782528.0,2751792.0,2813264.0,149552.0,149535.0,149569.0,0.0,0.0,hard,32,3,10000,10000000,sync_on,hard_p32_w3_i10000_t10000000
6.1,250.0,250.0,250.0,2847816.0,2847816.0,2847816.0,143218.0,143218.0,143218.0,0.0,0.0,hard,32,3,10000,10000000,sync_on,hard_p32_w3_i10000_t10000000
6.13,971.1221122112211,833.3333333333334,1108.9108910891089,2805734.0,2752340.0,2859128.0,147229.0,143420.0,151038.0,0.0,0.0,hard,32,3,10000,10000000,sync_on,hard_p32_w3_i10000_t10000000
6.14,794.1176470588235,725.4901960784314,862.7450980392157,2782766.0,2751904.0,2813628.0,151013.5,150639.0,151388.0,0.0,0.0,hard,32,3,10000,10000000,sync_on,hard_p32_w3_i10000_t10000000
6.2,442.3076923076923,442.3076923076923,442.3076923076923,2848272.0,2848272.0,2848272.0,143246.0,143246.0,143246.0,0.0,0.0,hard,32,3,10000,10000000,sync_on,hard_p32_w3_i10000_t10000000
6.23,882.3529411764706,882.3529411764706,882.3529411764706,2752704.0,2752704.0,2752704.0,152215.0,152215.0,152215.0,0.0,0.0,hard,32,3,10000,10000000,sync_on,hard_p32_w3_i10000_t10000000
6.24,862.7450980392158,500.00000000000006,1284.3137254901962,2806432.0,2752144.0,2859628.0,146195.33333333334,143417.0,151678.0,0.0,0.0,hard,32,3,10000,10000000,sync_on,hard_p32_w3_i10000_t10000000
6.3,563.1067961165049,563.1067961165049,563.1067961165049,2848508.0,2848508.0,2848508.0,143275.0,143275.0,143275.0,0.0,0.0,hard,32,3,10000,10000000,sync_on,hard_p32_w3_i10000_t10000000
6.34,867.3853036360175,0.0,1186.2745098039215,2792716.0,2747424.0,2860016.0,145542.0,143461.0,151678.0,0.0,0.0,hard,32,3,10000,10000000,sync_on,hard_p32_w3_i10000_t10000000
6.41,413.46153846153845,413.46153846153845,413.46153846153845,2848804.0,2848804.0,2848804.0,143301.0,143301.0,143301.0,0.0,0.0,hard,32,3,10000,10000000,sync_on,hard_p32_w3_i10000_t10000000
6.44,1286.5029506948413,1245.0980392156864,1330.097087378641,2808144.0,2750844.0,2860460.0,143562.0,143527.0,143618.0,0.0,0.0,hard,32,3,10000,10000000,sync_on,hard_p32_w3_i10000_t10000000
6.45,0.0,0.0,0.0,2752144.0,2752144.0,2752144.0,151678.0,151678.0,151678.0,0.0,0.0,hard,32,3,10000,10000000,sync_on,hard_p32_w3_i10000_t10000000
6.51,605.7692307692308,605.7692307692308,605.7692307692308,2849140.0,2849140.0,2849140.0,143331.0,143331.0,143331.0,0.0,0.0,hard,32,3,10000,10000000,sync_on,hard_p32_w3_i10000_t10000000
6.54,1140.993907083016,1108.9108910891089,1173.076923076923,2806610.0,2752412.0,2860808.0,141748.0,139899.0,143597.0,0.0,0.0,hard,32,3,10000,10000000,sync_on,hard_p32_w3_i10000_t10000000
6.55,666.6666666666667,0.0,1333.3333333333335,2783226.0,2752144.0,2814308.0,147643.0,143608.0,151678.0,0.0,0.0,hard,32,3,10000,10000000,sync_on,hard_p32_w3_i10000_t10000000
6.62,461.53846153846155,461.53846153846155,461.53846153846155,2849456.0,2849456.0,2849456.0,143356.0,143356.0,143356.0,0.0,0.0,hard,32,3,10000,10000000,sync_on,hard_p32_w3_i10000_t10000000
6.64,1349.5145631067962,1349.5145631067962,1349.5145631067962,2861344.0,2861344.0,2861344.0,139971.0,139971.0,139971.0,0.0,0.0,hard,32,3,10000,10000000,sync_on,hard_p32_w3_i10000_t10000000
6.65,848.8194973343489,0.0,1277.227722772277,2773446.6666666665,2752144.0,2814928.0,146336.66666666666,143658.0,151678.0,0.0,0.0,hard,32,3,10000,10000000,sync_on,hard_p32_w3_i10000_t10000000
6.72,701.9230769230769,701.9230769230769,701.9230769230769,2849780.0,2849780.0,2849780.0,143388.0,143388.0,143388.0,0.0,0.0,hard,32,3,10000,10000000,sync_on,hard_p32_w3_i10000_t10000000
6.75,1255.6785090273734,1237.6237623762374,1274.5098039215686,2810470.6666666665,2754148.0,2861684.0,142502.33333333334,140034.0,143740.0,0.0,0.0,hard,32,3,10000,10000000,sync_on,hard_p32_w3_i10000_t10000000
6.76,0.0,0.0,0.0,2752144.0,2752144.0,2752144.0,151678.0,151678.0,151678.0,0.0,0.0,hard,32,3,10000,10000000,sync_on,hard_p32_w3_i10000_t10000000
6.82,519.2307692307693,519.2307692307693,519.2307692307693,2850204.0,2850204.0,2850204.0,143416.0,143416.0,143416.0,0.0,0.0,hard,32,3,10000,10000000,sync_on,hard_p32_w3_i10000_t10000000
6.85,1244.3682974808046,1223.3009708737866,1274.5098039215686,2811041.3333333335,2754828.0,2862256.0,142562.0,140094.0,143802.0,0.0,0.0,hard,32,3,10000,10000000,sync_on,hard_p32_w3_i10000_t10000000
6.86,0.0,0.0,0.0,2752144.0,2752144.0,2752144.0,151678.0,151678.0,151678.0,0.0,0.0,hard,32,3,10000,10000000,sync_on,hard_p32_w3_i10000_t10000000
6.93,456.3106796116505,456.3106796116505,456.3106796116505,2850400.0,2850400.0,2850400.0,143434.0,143434.0,143434.0,0.0,0.0,hard,32,3,10000,10000000,sync_on,hard_p32_w3_i10000_t10000000
6.95,1263.563677898344,1196.0784313725492,1349.5145631067962,2811578.6666666665,2755508.0,2862708.0,141370.66666666666,140085.0,143867.0,0.0,0.0,hard,32,3,10000,10000000,sync_on,hard_p32_w3_i10000_t10000000
6.96,0.0,0.0,0.0,2752144.0,2752144.0,2752144.0,151678.0,151678.0,151678.0,0.0,0.0,hard,32,3,10000,10000000,sync_on,hard_p32_w3_i10000_t10000000
7.03,461.53846153846155,461.53846153846155,461.53846153846155,2850556.0,2850556.0,2850556.0,143463.0,143463.0,143463.0,0.0,0.0,hard,32,3,10000,10000000,sync_on,hard_p32_w3_i10000_t10000000
7.05,1176.4705882352941,1127.450980392157,1225.4901960784314,2809384.0,2755780.0,2862988.0,140186.5,140152.0,140221.0,0.0,0.0,hard,32,3,10000,10000000,sync_on,hard_p32_w3_i10000_t10000000
7.06,1166.6666666666667,1166.6666666666667,1166.6666666666667,2816800.0,2816800.0,2816800.0,143937.0,143937.0,143937.0,0.0,0.0,hard,32,3,10000,10000000,sync_on,hard_p32_w3_i10000_t10000000
7.07,0.0,0.0,0.0,2752144.0,2752144.0,2752144.0,151678.0,151678.0,151678.0,0.0,0.0,hard,32,3,10000,10000000,sync_on,hard_p32_w3_i10000_t10000000
7.13,317.3076923076923,317.3076923076923,317.3076923076923,2850756.0,2850756.0,2850756.0,143483.0,143483.0,143483.0,0.0,0.0,hard,32,3,10000,10000000,sync_on,hard_p32_w3_i10000_t10000000
7.15,1297.029702970297,1297.029702970297,1297.029702970297,2863252.0,2863252.0,2863252.0,140291.0,140291.0,140291.0,0.0,0.0,hard,32,3,10000,10000000,sync_on,hard_p32_w3_i10000_t10000000
7.16,1093.1372549019607,1049.0196078431372,1137.2549019607843,2786594.0,2756064.0,2817124.0,142104.0,140210.0,143998.0,0.0,0.0,hard,32,3,10000,10000000,sync_on,hard_p32_w3_i10000_t10000000
7.17,0.0,0.0,0.0,2752144.0,2752144.0,2752144.0,151678.0,151678.0,151678.0,0.0,0.0,hard,32,3,10000,10000000,sync_on,hard_p32_w3_i10000_t10000000
7.24,432.69230769230774,432.69230769230774,432.69230769230774,2850936.0,2850936.0,2850936.0,143506.0,143506.0,143506.0,0.0,0.0,hard,32,3,10000,10000000,sync_on,hard_p32_w3_i10000_t10000000
7.26,1250.9994288977728,1194.1747572815534,1294.1176470588236,2812602.6666666665,2756532.0,2863660.0,140397.66666666666,136508.0,144068.0,0.0,0.0,hard,32,3,10000,10000000,sync_on,hard_p32_w3_i10000_t10000000
7.28,182.6923076923077,182.6923076923077,182.6923076923077,2752240.0,2752240.0,2752240.0,151956.0,151956.0,151956.0,0.0,0.0,hard,32,3,10000,10000000,sync_on,hard_p32_w3_i10000_t10000000
7.34,480.7692307692308,480.7692307692308,480.7692307692308,2851108.0,2851108.0,2851108.0,143538.0,143538.0,143538.0,0.0,0.0,hard,32,3,10000,10000000,sync_on,hard_p32_w3_i10000_t10000000
7.36,1159.1880341880342,1144.2307692307693,1166.6666666666667,2812970.6666666665,2756760.0,2864108.0,137855.66666666666,136569.0,140351.0,0.0,0.0,hard,32,3,10000,10000000,sync_on,hard_p32_w3_i10000_t10000000
7.38,288.46153846153845,288.46153846153845,288.46153846153845,2752284.0,2752284.0,2752284.0,152440.0,152440.0,152440.0,0.0,0.0,hard,32,3,10000,10000000,sync_on,hard_p32_w3_i10000_t10000000
7.45,339.80582524271847,339.80582524271847,339.80582524271847,2851220.0,2851220.0,2851220.0,143561.0,143561.0,143561.0,0.0,0.0,hard,32,3,10000,10000000,sync_on,hard_p32_w3_i10000_t10000000
7.46,1212.8712871287128,1138.6138613861385,1254.9019607843138,2813354.6666666665,2757024.0,2864416.0,136659.0,136635.0,136704.0,0.0,0.0,hard,32,3,10000,10000000,sync_on,hard_p32_w3_i10000_t10000000
7.48,0.0,0.0,0.0,2752284.0,2752284.0,2752284.0,152440.0,152440.0,152440.0,0.0,0.0,hard,32,3,10000,10000000,sync_on,hard_p32_w3_i10000_t10000000
7.55,528.8461538461539,528.8461538461539,528.8461538461539,2851588.0,2851588.0,2851588.0,143587.0,143587.0,143587.0,0.0,0.0,hard,32,3,10000,10000000,sync_on,hard_p32_w3_i10000_t10000000
7.56,1186.2745098039215,1186.2745098039215,1186.2745098039215,2864604.0,2864604.0,2864604.0,136766.0,136766.0,136766.0,0.0,0.0,hard,32,3,10000,10000000,sync_on,hard_p32_w3_i10000_t10000000
7.57,1200.9516485629147,1198.019801980198,1203.883495145631,2788032.0,2757176.0,2818888.0,136705.0,136703.0,136707.0,0.0,0.0,hard,32,3,10000,10000000,sync_on,hard_p32_w3_i10000_t10000000
7.59,0.0,0.0,0.0,2752284.0,2752284.0,2752284.0,152440.0,152440.0,152440.0,0.0,0.0,hard,32,3,10000,10000000,sync_on,hard_p32_w3_i10000_t10000000
7.65,245.0980392156863,245.0980392156863,245.0980392156863,2851668.0,2851668.0,2851668.0,143596.0,143596.0,143596.0,0.0,0.0,hard,32,3,10000,10000000,sync_on,hard_p32_w3_i10000_t10000000
7.66,1401.9607843137255,1401.9607843137255,1401.9607843137255,2864868.0,2864868.0,2864868.0,136833.0,136833.0,136833.0,0.0,0.0,hard,32,3,10000,10000000,sync_on,hard_p32_w3_i10000_t10000000
7.67,1210.7843137254904,1205.8823529411766,1215.686274509804,2788302.0,2757464.0,2819140.0,136773.5,136766.0,136781.0,0.0,0.0,hard,32,3,10000,10000000,sync_on,hard_p32_w3_i10000_t10000000
7.69,38.46153846153846,38.46153846153846,38.46153846153846,2752284.0,2752284.0,2752284.0,152440.0,152440.0,152440.0,0.0,0.0,hard,32,3,10000,10000000,sync_on,hard_p32_w3_i10000_t10000000
7.76,567.3076923076924,567.3076923076924,567.3076923076924,2852052.0,2852052.0,2852052.0,143625.0,143625.0,143625.0,0.0,0.0,hard,32,3,10000,10000000,sync_on,hard_p32_w3_i10000_t10000000
7.77,1392.7892218119584,1271.8446601941748,1465.3465346534651,2814128.0,2757824.0,2865200.0,136861.66666666666,136834.0,136905.0,0.0,0.0,hard,32,3,10000,10000000,sync_on,hard_p32_w3_i10000_t10000000
7.8,461.53846153846155,461.53846153846155,461.53846153846155,2744996.0,2744996.0,2744996.0,143403.0,143403.0,143403.0,0.0,0.0,hard,32,3,10000,10000000,sync_on,hard_p32_w3_i10000_t10000000
7.86,509.61538461538464,509.61538461538464,509.61538461538464,2852420.0,2852420.0,2852420.0,143647.0,143647.0,143647.0,0.0,0.0,hard,32,3,10000,10000000,sync_on,hard_p32_w3_i10000_t10000000
7.87,1330.0653594771245,1196.0784313725492,1421.5686274509806,2814488.0,2758264.0,2865488.0,136927.33333333334,136896.0,136965.0,0.0,0.0,hard,32,3,10000,10000000,sync_on,hard_p32_w3_i10000_t10000000
7.9,519.2307692307693,519.2307692307693,519.2307692307693,2747448.0,2747448.0,2747448.0,143431.0,143431.0,143431.0,0.0,0.0,hard,32,3,10000,10000000,sync_on,hard_p32_w3_i10000_t10000000
7.96,621.3592233009709,621.3592233009709,621.3592233009709,2852640.0,2852640.0,2852640.0,143687.0,143687.0,143687.0,0.0,0.0,hard,32,3,10000,10000000,sync_on,hard_p32_w3_i10000_t10000000
7.97,1263.8809569135099,1245.0980392156864,1294.1176470588236,2814710.6666666665,2758604.0,2865660.0,136999.33333333334,136972.0,137048.0,0.0,0.0,hard,32,3,10000,10000000,sync_on,hard_p32_w3_i10000_t10000000
8.0,572.8155339805826,572.8155339805826,572.8155339805826,2748944.0,2748944.0,2748944.0,143460.0,143460.0,143460.0,0.0,0.0,hard,32,3,10000,10000000,sync_on,hard_p32_w3_i10000_t10000000
8.07,885.5580693815988,673.0769230769231,1098.0392156862745,2859512.0,2852896.0,2866128.0,138524.5,133329.0,143720.0,0.0,0.0,hard,32,3,10000,10000000,sync_on,hard_p32_w3_i10000_t10000000
8.08,1323.5294117647059,1303.921568627451,1343.137254901961,2789554.0,2758948.0,2820160.0,137037.0,137032.0,137042.0,0.0,0.0,hard,32,3,10000,10000000,sync_on,hard_p32_w3_i10000_t10000000
8.11,750.0,750.0,750.0,2750444.0,2750444.0,2750444.0,143498.0,143498.0,143498.0,0.0,0.0,hard,32,3,10000,10000000,sync_on,hard_p32_w3_i10000_t10000000
8.17,557.6923076923077,557.6923076923077,557.6923076923077,2853132.0,2853132.0,2853132.0,143743.0,143743.0,143743.0,0.0,0.0,hard,32,3,10000,10000000,sync_on,hard_p32_w3_i10000_t10000000
8.18,1262.505662330939,1156.8627450980393,1326.7326732673266,2815380.0,2759304.0,2866304.0,135865.0,133389.0,137104.0,0.0,0.0,hard,32,3,10000,10000000,sync_on,hard_p32_w3_i10000_t10000000
8.21,557.6923076923077,557.6923076923077,557.6923076923077,2751068.0,2751068.0,2751068.0,143529.0,143529.0,143529.0,0.0,0.0,hard,32,3,10000,10000000,sync_on,hard_p32_w3_i10000_t10000000
8.27,572.8155339805826,572.8155339805826,572.8155339805826,2853476.0,2853476.0,2853476.0,143782.0,143782.0,143782.0,0.0,0.0,hard,32,3,10000,10000000,sync_on,hard_p32_w3_i10000_t10000000
8.28,1051.779935275081,1000.0000000000001,1126.2135922330099,2815856.0,2759720.0,2866596.0,135922.0,133443.0,137164.0,0.0,0.0,hard,32,3,10000,10000000,sync_on,hard_p32_w3_i10000_t10000000
8.31,572.8155339805826,572.8155339805826,572.8155339805826,2751788.0,2751788.0,2751788.0,143557.0,143557.0,143557.0,0.0,0.0,hard,32,3,10000,10000000,sync_on,hard_p32_w3_i10000_t10000000
8.38,1007.6567470095426,586.5384615384615,1297.029702970297,2825528.0,2759932.0,2867000.0,137940.75,133516.0,143807.0,0.0,0.0,hard,32,3,10000,10000000,sync_on,hard_p32_w3_i10000_t10000000
8.42,798.0769230769231,798.0769230769231,798.0769230769231,2752544.0,2752544.0,2752544.0,143598.0,143598.0,143598.0,0.0,0.0,hard,32,3,10000,10000000,sync_on,hard_p32_w3_i10000_t10000000
8.48,1083.8989441930619,384.61538461538464,1392.1568627450981,2825967.0,2760456.0,2867484.0,137066.25,133497.0,143826.0,0.0,0.0,hard,32,3,10000,10000000,sync_on,hard_p32_w3_i10000_t10000000
8.52,807.6923076923077,807.6923076923077,807.6923076923077,2753028.0,2753028.0,2753028.0,143637.0,143637.0,143637.0,0.0,0.0,hard,32,3,10000,10000000,sync_on,hard_p32_w3_i10000_t10000000
8.59,923.7000886986609,557.6923076923077,1274.5098039215686,2826289.0,2760848.0,2867816.0,137558.25,133566.0,143860.0,0.0,0.0,hard,32,3,10000,10000000,sync_on,hard_p32_w3_i10000_t10000000
8.62,378.6407766990292,378.6407766990292,378.6407766990292,2753236.0,2753236.0,2753236.0,143660.0,143660.0,143660.0,0.0,0.0,hard,32,3,10000,10000000,sync_on,hard_p32_w3_i10000_t10000000
8.69,1012.2405165713162,509.61538461538464,1188.118811881188,2826249.0,2759972.0,2868096.0,137152.25,133625.0,143885.0,0.0,0.25,hard,32,3,10000,10000000,sync_on,hard_p32_w3_i10000_t10000000
8.73,711.5384615384615,711.5384615384615,711.5384615384615,2753748.0,2753748.0,2753748.0,143698.0,143698.0,143698.0,0.0,0.0,hard,32,3,10000,10000000,sync_on,hard_p32_w3_i10000_t10000000
8.79,1042.5513567918756,728.1553398058253,1215.686274509804,2826651.0,2760548.0,2868380.0,137208.5,133685.0,143927.0,0.0,0.25,hard,32,3,10000,10000000,sync_on,hard_p32_w3_i10000_t10000000
8.83,528.8461538461539,528.8461538461539,528.8461538461539,2754016.0,2754016.0,2754016.0,143730.0,143730.0,143730.0,0.0,0.0,hard,32,3,10000,10000000,sync_on,hard_p32_w3_i10000_t10000000
8.89,1182.4721878241508,1079.2079207920792,1242.7184466019419,2817620.0,2760924.0,2868712.0,135033.66666666666,133745.0,137520.0,0.0,0.3333333333333333,hard,32,3,10000,10000000,sync_on,hard_p32_w3_i10000_t10000000
8.9,596.1538461538462,596.1538461538462,596.1538461538462,2855112.0,2855112.0,2855112.0,143952.0,143952.0,143952.0,0.0,0.0,hard,32,3,10000,10000000,sync_on,hard_p32_w3_i10000_t10000000
8.94,708.73786407767,708.73786407767,708.73786407767,2754448.0,2754448.0,2754448.0,143761.0,143761.0,143761.0,0.0,0.0,hard,32,3,10000,10000000,sync_on,hard_p32_w3_i10000_t10000000
8.99,1281.9570135746608,1240.3846153846155,1323.5294117647059,2846378.0,2823656.0,2869100.0,133869.0,133822.0,133916.0,0.0,0.0,hard,32,3,10000,10000000,sync_on,hard_p32_w3_i10000_t10000000
9.0,910.162141779789,663.4615384615385,1156.8627450980393,2808428.0,2761488.0,2855368.0,138901.0,133816.0,143986.0,0.0,0.5,hard,32,3,10000,10000000,sync_on,hard_p32_w3_i10000_t10000000
9.04,625.0,625.0,625.0,2754988.0,2754988.0,2754988.0,143801.0,143801.0,143801.0,0.0,0.0,hard,32,3,10000,10000000,sync_on,hard_p32_w3_i10000_t10000000
9.1,1213.097780366272,1186.2745098039215,1245.0980392156864,2818394.6666666665,2761856.0,2869324.0,133922.0,133880.0,133987.0,0.0,0.3333333333333333,hard,32,3,10000,10000000,sync_on,hard_p32_w3_i10000_t10000000
9.11,519.2307692307693,519.2307692307693,519.2307692307693,2855532.0,2855532.0,2855532.0,144017.0,144017.0,144017.0,0.0,0.0,hard,32,3,10000,10000000,sync_on,hard_p32_w3_i10000_t10000000
9.14,796.1165048543689,796.1165048543689,796.1165048543689,2755392.0,2755392.0,2755392.0,143838.0,143838.0,143838.0,0.0,0.0,hard,32,3,10000,10000000,sync_on,hard_p32_w3_i10000_t10000000
9.2,1177.1500679479711,1049.0196078431372,1274.5098039215686,2818638.6666666665,2762072.0,2869576.0,133988.33333333334,133952.0,134043.0,0.0,0.3333333333333333,hard,32,3,10000,10000000,sync_on,hard_p32_w3_i10000_t10000000
9.21,378.6407766990292,378.6407766990292,378.6407766990292,2855636.0,2855636.0,2855636.0,144031.0,144031.0,144031.0,0.0,0.0,hard,32,3,10000,10000000,sync_on,hard_p32_w3_i10000_t10000000
9.25,653.8461538461539,653.8461538461539,653.8461538461539,2755764.0,2755764.0,2755764.0,144139.0,144139.0,144139.0,0.0,0.0,hard,32,3,10000,10000000,sync_on,hard_p32_w3_i10000_t10000000
9.3,1202.6143790849674,1176.4705882352941,1215.686274509804,2818913.3333333335,2762312.0,2869904.0,134135.0,134010.0,134359.0,0.0,0.0,hard,32,3,10000,10000000,sync_on,hard_p32_w3_i10000_t10000000
9.31,346.1538461538462,346.1538461538462,346.1538461538462,2855768.0,2855768.0,2855768.0,144053.0,144053.0,144053.0,0.0,0.0,hard,32,3,10000,10000000,sync_on,hard_p32_w3_i10000_t10000000
9.35,596.1538461538462,596.1538461538462,596.1538461538462,2755972.0,2755972.0,2755972.0,140138.0,140138.0,140138.0,0.0,0.0,hard,32,3,10000,10000000,sync_on,hard_p32_w3_i10000_t10000000
9.4,1219.047619047619,1029.4117647058824,1323.8095238095239,2819270.6666666665,2762576.0,2870284.0,134731.33333333334,134077.0,136016.0,0.0,0.0,hard,32,3,10000,10000000,sync_on,hard_p32_w3_i10000_t10000000
9.42,394.2307692307692,394.2307692307692,394.2307692307692,2855964.0,2855964.0,2855964.0,144076.0,144076.0,144076.0,0.0,0.0,hard,32,3,10000,10000000,sync_on,hard_p32_w3_i10000_t10000000
9.45,737.8640776699029,737.8640776699029,737.8640776699029,2756216.0,2756216.0,2756216.0,140173.0,140173.0,140173.0,0.0,0.0,hard,32,3,10000,10000000,sync_on,hard_p32_w3_i10000_t10000000
9.5,940.5940594059406,940.5940594059406,940.5940594059406,2868912.0,2868912.0,2868912.0,134223.0,134223.0,134223.0,0.0,0.0,hard,32,3,10000,10000000,sync_on,hard_p32_w3_i10000_t10000000
9.51,1210.7843137254904,1176.4705882352941,1245.0980392156864,2794116.0,2763028.0,2825204.0,134151.5,134146.0,134157.0,0.0,0.0,hard,32,3,10000,10000000,sync_on,hard_p32_w3_i10000_t10000000
9.52,644.2307692307693,644.2307692307693,644.2307692307693,2856264.0,2856264.0,2856264.0,144114.0,144114.0,144114.0,0.0,0.0,hard,32,3,10000,10000000,sync_on,hard_p32_w3_i10000_t10000000
9.56,509.61538461538464,509.61538461538464,509.61538461538464,2756296.0,2756296.0,2756296.0,140209.0,140209.0,140209.0,0.0,0.0,hard,32,3,10000,10000000,sync_on,hard_p32_w3_i10000_t10000000
9.61,1182.9353523587654,1066.6666666666667,1303.921568627451,2819382.6666666665,2763324.0,2869336.0,134238.66666666666,134211.0,134281.0,0.0,0.0,hard,32,3,10000,10000000,sync_on,hard_p32_w3_i10000_t10000000
9.62,611.6504854368933,611.6504854368933,611.6504854368933,2856468.0,2856468.0,2856468.0,144150.0,144150.0,144150.0,0.0,0.0,hard,32,3,10000,10000000,sync_on,hard_p32_w3_i10000_t10000000
9.66,461.53846153846155,461.53846153846155,461.53846153846155,2756388.0,2756388.0,2756388.0,140232.0,140232.0,140232.0,0.0,0.0,hard,32,3,10000,10000000,sync_on,hard_p32_w3_i10000_t10000000
9.71,1228.2586910889831,1128.7128712871286,1281.5533980582525,2819692.0,2763680.0,2869544.0,134355.33333333334,134278.0,134445.0,0.0,0.0,hard,32,3,10000,10000000,sync_on,hard_p32_w3_i10000_t10000000
9.73,711.5384615384615,711.5384615384615,711.5384615384615,2856848.0,2856848.0,2856848.0,144180.0,144180.0,144180.0,0.0,0.0,hard,32,3,10000,10000000,sync_on,hard_p32_w3_i10000_t10000000
9.77,567.3076923076924,567.3076923076924,567.3076923076924,2756512.0,2756512.0,2756512.0,140261.0,140261.0,140261.0,0.0,0.0,hard,32,3,10000,10000000,sync_on,hard_p32_w3_i10000_t10000000
9.81,903.0291603821016,676.4705882352941,1196.0784313725492,2820240.0,2764248.0,2870336.0,135575.33333333334,134404.0,136167.0,0.0,0.3333333333333333,hard,32,3,10000,10000000,sync_on,hard_p32_w3_i10000_t10000000
9.83,375.0,375.0,375.0,2857096.0,2857096.0,2857096.0,144462.0,144462.0,144462.0,0.0,0.0,hard,32,3,10000,10000000,sync_on,hard_p32_w3_i10000_t10000000
9.87,446.6019417475728,446.6019417475728,446.6019417475728,2756560.0,2756560.0,2756560.0,140290.0,140290.0,140290.0,0.0,0.0,hard,32,3,10000,10000000,sync_on,hard_p32_w3_i10000_t10000000
9.91,980.5159270924237,912.621359223301,1078.4313725490197,2819472.0,2762712.0,2870784.0,135017.0,134375.0,136202.0,0.0,0.3333333333333333,hard,32,3,10000,10000000,sync_on,hard_p32_w3_i10000_t10000000
9.94,173.0769230769231,173.0769230769231,173.0769230769231,2857148.0,2857148.0,2857148.0,144475.0,144475.0,144475.0,0.0,0.0,hard,32,3,10000,10000000,sync_on,hard_p32_w3_i10000_t10000000
9.97,432.69230769230774,432.69230769230774,432.69230769230774,2756668.0,2756668.0,2756668.0,140319.0,140319.0,140319.0,0.0,0.0,hard,32,3,10000,10000000,sync_on,hard_p32_w3_i10000_t10000000
10.02,994.5952740070388,826.9230769230769,1225.4901960784314,2819416.0,2763396.0,2871188.0,135071.66666666666,134412.0,136261.0,0.0,0.3333333333333333,hard,32,3,10000,10000000,sync_on,hard_p32_w3_i10000_t10000000
10.04,432.69230769230774,432.69230769230774,432.69230769230774,2857292.0,2857292.0,2857292.0,140453.0,140453.0,140453.0,0.0,0.0,hard,32,3,10000,10000000,sync_on,hard_p32_w3_i10000_t10000000
10.08,615.3846153846154,615.3846153846154,615.3846153846154,2756824.0,2756824.0,2756824.0,140338.0,140338.0,140338.0,0.0,0.0,hard,32,3,10000,10000000,sync_on,hard_p32_w3_i10000_t10000000
10.12,1331.3662034393046,1213.5922330097087,1392.1568627450981,2819364.0,2762276.0,2871492.0,134533.0,134479.0,134621.0,0.0,0.3333333333333333,hard,32,3,10000,10000000,sync_on,hard_p32_w3_i10000_t10000000
10.14,291.2621359223301,291.2621359223301,291.2621359223301,2857332.0,2857332.0,2857332.0,140477.0,140477.0,140477.0,0.0,0.0,hard,32,3,10000,10000000,sync_on,hard_p32_w3_i10000_t10000000
10.18,461.53846153846155,461.53846153846155,461.53846153846155,2756932.0,2756932.0,2756932.0,140624.0,140624.0,140624.0,0.0,0.0,hard,32,3,10000,10000000,sync_on,hard_p32_w3_i10000_t10000000
10.22,1217.8684497409017,1148.5148514851485,1264.7058823529412,2819860.0,2762904.0,2871872.0,134601.33333333334,134542.0,134695.0,0.0,0.0,hard,32,3,10000,10000000,sync_on,hard_p32_w3_i10000_t10000000
10.25,346.1538461538462,346.1538461538462,346.1538461538462,2857468.0,2857468.0,2857468.0,140493.0,140493.0,140493.0,0.0,0.0,hard,32,3,10000,10000000,sync_on,hard_p32_w3_i10000_t10000000
10.28,679.6116504854369,679.6116504854369,679.6116504854369,2757212.0,2757212.0,2757212.0,136624.0,136624.0,136624.0,0.0,0.0,hard,32,3,10000,10000000,sync_on,hard_p32_w3_i10000_t10000000
10.32,1382.3529411764707,1343.137254901961,1421.5686274509806,2848898.0,2825276.0,2872520.0,134821.5,134614.0,135029.0,0.0,0.0,hard,32,3,10000,10000000,sync_on,hard_p32_w3_i10000_t10000000
10.33,1156.8627450980393,1156.8627450980393,1156.8627450980393,2763392.0,2763392.0,2763392.0,134634.0,134634.0,134634.0,0.0,0.0,hard,32,3,10000,10000000,sync_on,hard_p32_w3_i10000_t10000000
10.35,310.67961165048547,310.67961165048547,310.67961165048547,2857592.0,2857592.0,2857592.0,140508.0,140508.0,140508.0,0.0,0.0,hard,32,3,10000,10000000,sync_on,hard_p32_w3_i10000_t10000000
10.39,442.3076923076923,442.3076923076923,442.3076923076923,2757384.0,2757384.0,2757384.0,136651.0,136651.0,136651.0,0.0,0.0,hard,32,3,10000,10000000,sync_on,hard_p32_w3_i10000_t10000000
10.42,950.9803921568628,950.9803921568628,950.9803921568628,2873028.0,2873028.0,2873028.0,136649.0,136649.0,136649.0,0.0,0.0,hard,32,3,10000,10000000,sync_on,hard_p32_w3_i10000_t10000000
10.43,1165.2526395173454,1144.2307692307693,1186.2745098039215,2794708.0,2763680.0,2825736.0,134686.5,134675.0,134698.0,0.0,0.0,hard,32,3,10000,10000000,sync_on,hard_p32_w3_i10000_t10000000
10.45,471.1538461538462,471.1538461538462,471.1538461538462,2857720.0,2857720.0,2857720.0,140533.0,140533.0,140533.0,0.0,0.0,hard,32,3,10000,10000000,sync_on,hard_p32_w3_i10000_t10000000
10.49,461.53846153846155,461.53846153846155,461.53846153846155,2757576.0,2757576.0,2757576.0,136673.0,136673.0,136673.0,0.0,0.0,hard,32,3,10000,10000000,sync_on,hard_p32_w3_i10000_t10000000
10.53,1201.9798210546355,1147.058823529412,1264.7058823529412,2820690.6666666665,2764084.0,2871668.0,133640.33333333334,131430.0,134768.0,0.0,0.0,hard,32,3,10000,10000000,sync_on,hard_p32_w3_i10000_t10000000
10.56,625.0,625.0,625.0,2857872.0,2857872.0,2857872.0,140562.0,140562.0,140562.0,0.0,0.0,hard,32,3,10000,10000000,sync_on,hard_p32_w3_i10000_t10000000
10.6,480.7692307692308,480.7692307692308,480.7692307692308,2757648.0,2757648.0,2757648.0,136703.0,136703.0,136703.0,0.0,0.0,hard,32,3,10000,10000000,sync_on,hard_p32_w3_i10000_t10000000
10.63,991.4586398893811,752.4752475247524,1144.2307692307693,2821108.0,2764460.0,2872168.0,133835.33333333334,131134.0,135415.0,0.0,0.0,hard,32,3,10000,10000000,sync_on,hard_p32_w3_i10000_t10000000
10.66,288.46153846153845,288.46153846153845,288.46153846153845,2857916.0,2857916.0,2857916.0,140578.0,140578.0,140578.0,0.0,0.0,hard,32,3,10000,10000000,sync_on,hard_p32_w3_i10000_t10000000
10.7,485.4368932038835,485.4368932038835,485.4368932038835,2757800.0,2757800.0,2757800.0,136726.0,136726.0,136726.0,0.0,0.0,hard,32,3,10000,10000000,sync_on,hard_p32_w3_i10000_t10000000
10.73,951.923076923077,903.8461538461539,1000.0000000000001,2849108.0,2827248.0,2870968.0,134849.0,133020.0,136678.0,0.0,0.0,hard,32,3,10000,10000000,sync_on,hard_p32_w3_i10000_t10000000
10.74,892.1568627450981,892.1568627450981,892.1568627450981,2764820.0,2764820.0,2764820.0,136717.0,136717.0,136717.0,0.0,0.0,hard,32,3,10000,10000000,sync_on,hard_p32_w3_i10000_t10000000
10.77,596.1538461538462,596.1538461538462,596.1538461538462,2858040.0,2858040.0,2858040.0,140610.0,140610.0,140610.0,0.0,0.0,hard,32,3,10000,10000000,sync_on,hard_p32_w3_i10000_t10000000
10.8,346.1538461538462,346.1538461538462,346.1538461538462,2757848.0,2757848.0,2757848.0,136744.0,136744.0,136744.0,0.0,0.0,hard,32,3,10000,10000000,sync_on,hard_p32_w3_i10000_t10000000
10.83,1213.5922330097087,1213.5922330097087,1213.5922330097087,2870172.0,2870172.0,2870172.0,131714.0,131714.0,131714.0,0.0,0.0,hard,32,3,10000,10000000,sync_on,hard_p32_w3_i10000_t10000000
10.84,1160.9080525414051,1147.058823529412,1174.7572815533981,2794996.0,2763688.0,2826304.0,134917.0,134891.0,134943.0,0.0,0.0,hard,32,3,10000,10000000,sync_on,hard_p32_w3_i10000_t10000000
10.87,588.2352941176471,588.2352941176471,588.2352941176471,2858168.0,2858168.0,2858168.0,140643.0,140643.0,140643.0,0.0,0.0,hard,32,3,10000,10000000,sync_on,hard_p32_w3_i10000_t10000000
10.91,634.6153846153846,634.6153846153846,634.6153846153846,2757940.0,2757940.0,2757940.0,136775.0,136775.0,136775.0,0.0,0.0,hard,32,3,10000,10000000,sync_on,hard_p32_w3_i10000_t10000000
10.94,1062.2818706770734,679.6116504854369,1262.1359223300972,2820614.6666666665,2764288.0,2870744.0,134362.33333333334,133109.0,135019.0,0.0,0.0,hard,32,3,10000,10000000,sync_on,hard_p32_w3_i10000_t10000000
10.97,388.3495145631068,388.3495145631068,388.3495145631068,2858316.0,2858316.0,2858316.0,140667.0,140667.0,140667.0,0.0,0.0,hard,32,3,10000,10000000,sync_on,hard_p32_w3_i10000_t10000000
11.01,625.0,625.0,625.0,2758064.0,2758064.0,2758064.0,136806.0,136806.0,136806.0,0.0,0.0,hard,32,3,10000,10000000,sync_on,hard_p32_w3_i10000_t10000000
11.04,1123.7705438162322,1000.0000000000001,1245.0980392156864,2820673.3333333335,2765072.0,2869624.0,134671.33333333334,131326.0,136846.0,0.0,0.0,hard,32,3,10000,10000000,sync_on,hard_p32_w3_i10000_t10000000
11.07,673.0769230769231,673.0769230769231,673.0769230769231,2858436.0,2858436.0,2858436.0,140707.0,140707.0,140707.0,0.0,0.0,hard,32,3,10000,10000000,sync_on,hard_p32_w3_i10000_t10000000
11.12,692.3076923076924,692.3076923076924,692.3076923076924,2758340.0,2758340.0,2758340.0,136839.0,136839.0,136839.0,0.0,0.0,hard,32,3,10000,10000000,sync_on,hard_p32_w3_i10000_t10000000
11.14,1058.8235294117649,911.764705882353,1205.8823529411766,2848110.0,2825980.0,2870240.0,133218.0,131389.0,135047.0,0.0,0.0,hard,32,3,10000,10000000,sync_on,hard_p32_w3_i10000_t10000000
11.15,666.6666666666667,666.6666666666667,666.6666666666667,2763916.0,2763916.0,2763916.0,135291.0,135291.0,135291.0,0.0,0.0,hard,32,3,10000,10000000,sync_on,hard_p32_w3_i10000_t10000000
11.18,461.53846153846155,461.53846153846155,461.53846153846155,2858608.0,2858608.0,2858608.0,140734.0,140734.0,140734.0,0.0,0.0,hard,32,3,10000,10000000,sync_on,hard_p32_w3_i10000_t10000000
11.22,456.3106796116505,456.3106796116505,456.3106796116505,2758424.0,2758424.0,2758424.0,136870.0,136870.0,136870.0,0.0,0.0,hard,32,3,10000,10000000,sync_on,hard_p32_w3_i10000_t10000000
11.24,1336.6336633663366,1336.6336633663366,1336.6336633663366,2871280.0,2871280.0,2871280.0,133287.0,133287.0,133287.0,0.0,0.0,hard,32,3,10000,10000000,sync_on,hard_p32_w3_i10000_t10000000
11.25,1032.8603435399552,834.9514563106796,1230.7692307692307,2795424.0,2764360.0,2826488.0,136511.5,136028.0,136995.0,0.0,0.0,hard,32,3,10000,10000000,sync_on,hard_p32_w3_i10000_t10000000
11.28,365.3846153846154,365.3846153846154,365.3846153846154,2858864.0,2858864.0,2858864.0,141016.0,141016.0,141016.0,0.0,0.0,hard,32,3,10000,10000000,sync_on,hard_p32_w3_i10000_t10000000
11.32,625.0,625.0,625.0,2758540.0,2758540.0,2758540.0,136902.0,136902.0,136902.0,0.0,0.0,hard,32,3,10000,10000000,sync_on,hard_p32_w3_i10000_t10000000
11.35,961.2373002006083,774.5098039215687,1138.6138613861385,2819632.0,2763352.0,2870236.0,133718.66666666666,132605.0,135578.0,0.0,0.0,hard,32,3,10000,10000000,sync_on,hard_p32_w3_i10000_t10000000
11.39,394.2307692307692,394.2307692307692,394.2307692307692,2859132.0,2859132.0,2859132.0,136992.0,136992.0,136992.0,0.0,0.0,hard,32,3,10000,10000000,sync_on,hard_p32_w3_i10000_t10000000
11.43,384.61538461538464,384.61538461538464,384.61538461538464,2758588.0,2758588.0,2758588.0,136933.0,136933.0,136933.0,0.0,0.0,hard,32,3,10000,10000000,sync_on,hard_p32_w3_i10000_t10000000
11.45,781.1409353385367,676.4705882352941,970.873786407767,2818993.3333333335,2762488.0,2868828.0,133348.33333333334,131487.0,137040.0,0.0,0.0,hard,32,3,10000,10000000,sync_on,hard_p32_w3_i10000_t10000000
11.49,553.3980582524272,553.3980582524272,553.3980582524272,2859244.0,2859244.0,2859244.0,137016.0,137016.0,137016.0,0.0,0.0,hard,32,3,10000,10000000,sync_on,hard_p32_w3_i10000_t10000000
11.53,640.7766990291262,640.7766990291262,640.7766990291262,2758680.0,2758680.0,2758680.0,136959.0,136959.0,136959.0,0.0,0.0,hard,32,3,10000,10000000,sync_on,hard_p32_w3_i10000_t10000000
11.55,1051.4139165970369,922.3300970873787,1192.3076923076924,2819166.6666666665,2763208.0,2869512.0,133402.66666666666,131544.0,137086.0,0.0,0.0,hard,32,3,10000,10000000,sync_on,hard_p32_w3_i10000_t10000000
11.59,451.92307692307696,451.92307692307696,451.92307692307696,2859348.0,2859348.0,2859348.0,137044.0,137044.0,137044.0,0.0,0.0,hard,32,3,10000,10000000,sync_on,hard_p32_w3_i10000_t10000000
11.63,519.2307692307693,519.2307692307693,519.2307692307693,2758848.0,2758848.0,2758848.0,136983.0,136983.0,136983.0,0.0,0.0,hard,32,3,10000,10000000,sync_on,hard_p32_w3_i10000_t10000000
11.65,1227.7227722772277,1227.7227722772277,1227.7227722772277,2870124.0,2870124.0,2870124.0,132747.0,132747.0,132747.0,0.0,0.0,hard,32,3,10000,10000000,sync_on,hard_p32_w3_i10000_t10000000
11.66,1101.9417475728155,1087.378640776699,1116.504854368932,2793900.0,2764372.0,2823428.0,134372.0,133440.0,135304.0,0.0,0.0,hard,32,3,10000,10000000,sync_on,hard_p32_w3_i10000_t10000000
11.7,451.92307692307696,451.92307692307696,451.92307692307696,2859504.0,2859504.0,2859504.0,138150.0,138150.0,138150.0,0.0,0.0,hard,32,3,10000,10000000,sync_on,hard_p32_w3_i10000_t10000000
11.74,528.8461538461539,528.8461538461539,528.8461538461539,2758932.0,2758932.0,2758932.0,137017.0,137017.0,137017.0,0.0,0.0,hard,32,3,10000,10000000,sync_on,hard_p32_w3_i10000_t10000000
11.75,823.529411764706,823.529411764706,823.529411764706,2869296.0,2869296.0,2869296.0,131685.0,131685.0,131685.0,0.0,0.0,hard,32,3,10000,10000000,sync_on,hard_p32_w3_i10000_t10000000
11.76,1205.7098913774873,1188.118811881188,1223.3009708737866,2793766.0,2763224.0,2824308.0,133511.0,131656.0,135366.0,0.0,0.0,hard,32,3,10000,10000000,sync_on,hard_p32_w3_i10000_t10000000
11.8,336.53846153846155,336.53846153846155,336.53846153846155,2859692.0,2859692.0,2859692.0,139369.0,139369.0,139369.0,0.0,0.0,hard,32,3,10000,10000000,sync_on,hard_p32_w3_i10000_t10000000
11.84,403.84615384615387,403.84615384615387,403.84615384615387,2759012.0,2759012.0,2759012.0,137038.0,137038.0,137038.0,0.0,0.0,hard,32,3,10000,10000000,sync_on,hard_p32_w3_i10000_t10000000
11.86,1221.5242083888572,1186.2745098039215,1264.7058823529412,2819494.6666666665,2763788.0,2869796.0,132967.33333333334,131714.0,135434.0,0.0,0.0,hard,32,3,10000,10000000,sync_on,hard_p32_w3_i10000_t10000000
11.9,679.6116504854369,679.6116504854369,679.6116504854369,2859940.0,2859940.0,2859940.0,141265.0,141265.0,141265.0,0.0,0.0,hard,32,3,10000,10000000,sync_on,hard_p32_w3_i10000_t10000000
11.94,650.4854368932039,650.4854368932039,650.4854368932039,2759132.0,2759132.0,2759132.0,137072.0,137072.0,137072.0,0.0,0.0,hard,32,3,10000,10000000,sync_on,hard_p32_w3_i10000_t10000000
11.96,1294.1993228449057,1262.1359223300972,1333.3333333333335,2820296.0,2764584.0,2870692.0,133033.33333333334,131781.0,135501.0,0.0,0.0,hard,32,3,10000,10000000,sync_on,hard_p32_w3_i10000_t10000000
12.01,490.3846153846154,490.3846153846154,490.3846153846154,2860028.0,2860028.0,2860028.0,143051.0,143051.0,143051.0,0.0,0.0,hard,32,3,10000,10000000,sync_on,hard_p32_w3_i10000_t10000000
12.05,500.0,500.0,500.0,2759312.0,2759312.0,2759312.0,137100.0,137100.0,137100.0,0.0,0.0,hard,32,3,10000,10000000,sync_on,hard_p32_w3_i10000_t10000000
12.06,1127.450980392157,1058.8235294117649,1196.0784313725492,2818316.0,2765220.0,2871412.0,131866.5,131852.0,131881.0,0.0,0.0,hard,32,3,10000,10000000,sync_on,hard_p32_w3_i10000_t10000000
12.07,1294.1176470588236,1294.1176470588236,1294.1176470588236,2826564.0,2826564.0,2826564.0,135564.0,135564.0,135564.0,0.0,0.0,hard,32,3,10000,10000000,sync_on,hard_p32_w3_i10000_t10000000
12.11,240.3846153846154,240.3846153846154,240.3846153846154,2853804.0,2853804.0,2853804.0,137131.0,137131.0,137131.0,0.0,0.0,hard,32,3,10000,10000000,sync_on,hard_p32_w3_i10000_t10000000
12.15,317.3076923076923,317.3076923076923,317.3076923076923,2759452.0,2759452.0,2759452.0,137118.0,137118.0,137118.0,0.0,0.0,hard,32,3,10000,10000000,sync_on,hard_p32_w3_i10000_t10000000
12.16,1235.294117647059,1235.294117647059,1235.294117647059,2872420.0,2872420.0,2872420.0,131942.0,131942.0,131942.0,0.0,0.0,hard,32,3,10000,10000000,sync_on,hard_p32_w3_i10000_t10000000
12.17,1122.549019607843,1058.8235294117649,1186.2745098039215,2796568.0,2766016.0,2827120.0,133769.0,131914.0,135624.0,0.0,0.0,hard,32,3,10000,10000000,sync_on,hard_p32_w3_i10000_t10000000
12.22,230.76923076923077,230.76923076923077,230.76923076923077,2854908.0,2854908.0,2854908.0,137145.0,137145.0,137145.0,0.0,0.0,hard,32,3,10000,10000000,sync_on,hard_p32_w3_i10000_t10000000
12.26,795.125666412795,461.53846153846155,1128.7128712871286,2816356.0,2759656.0,2873056.0,134575.0,132007.0,137143.0,0.0,0.0,hard,32,3,10000,10000000,sync_on,hard_p32_w3_i10000_t10000000
12.27,1273.2865519561665,1148.5148514851485,1398.0582524271845,2797304.0,2766812.0,2827796.0,131947.5,131912.0,131983.0,0.0,0.0,hard,32,3,10000,10000000,sync_on,hard_p32_w3_i10000_t10000000
12.32,349.5145631067961,349.5145631067961,349.5145631067961,2856200.0,2856200.0,2856200.0,137168.0,137168.0,137168.0,0.0,0.0,hard,32,3,10000,10000000,sync_on,hard_p32_w3_i10000_t10000000
12.36,466.0194174757282,466.0194174757282,466.0194174757282,2759756.0,2759756.0,2759756.0,137175.0,137175.0,137175.0,0.0,0.0,hard,32,3,10000,10000000,sync_on,hard_p32_w3_i10000_t10000000
12.37,1124.183006535948,1078.4313725490197,1176.4705882352941,2823073.3333333335,2767152.0,2873756.0,132033.33333333334,131977.0,132075.0,0.0,0.0,hard,32,3,10000,10000000,sync_on,hard_p32_w3_i10000_t10000000
12.42,711.5384615384615,711.5384615384615,711.5384615384615,2858280.0,2858280.0,2858280.0,137196.0,137196.0,137196.0,0.0,0.0,hard,32,3,10000,10000000,sync_on,hard_p32_w3_i10000_t10000000
12.46,798.0769230769231,798.0769230769231,798.0769230769231,2759908.0,2759908.0,2759908.0,137214.0,137214.0,137214.0,0.0,0.0,hard,32,3,10000,10000000,sync_on,hard_p32_w3_i10000_t10000000
12.47,1327.527127355797,1184.4660194174758,1470.5882352941178,2851590.0,2828912.0,2874268.0,132211.5,132037.0,132386.0,0.0,0.0,hard,32,3,10000,10000000,sync_on,hard_p32_w3_i10000_t10000000
12.48,1230.7692307692307,1230.7692307692307,1230.7692307692307,2767976.0,2767976.0,2767976.0,132111.0,132111.0,132111.0,0.0,0.0,hard,32,3,10000,10000000,sync_on,hard_p32_w3_i10000_t10000000
12.53,495.1456310679612,495.1456310679612,495.1456310679612,2859116.0,2859116.0,2859116.0,137223.0,137223.0,137223.0,0.0,0.0,hard,32,3,10000,10000000,sync_on,hard_p32_w3_i10000_t10000000
12.57,1043.031226199543,769.2307692307693,1316.8316831683167,2817778.0,2760116.0,2875440.0,135644.5,134046.0,137243.0,0.0,0.0,hard,32,3,10000,10000000,sync_on,hard_p32_w3_i10000_t10000000
12.58,1269.2011919638567,1227.7227722772277,1310.6796116504854,2799074.0,2768736.0,2829412.0,132142.0,132110.0,132174.0,0.0,0.0,hard,32,3,10000,10000000,sync_on,hard_p32_w3_i10000_t10000000
12.63,278.84615384615387,278.84615384615387,278.84615384615387,2859544.0,2859544.0,2859544.0,137249.0,137249.0,137249.0,0.0,0.0,hard,32,3,10000,10000000,sync_on,hard_p32_w3_i10000_t10000000
12.67,917.47572815534,514.5631067961166,1320.3883495145633,2817412.0,2760272.0,2874552.0,134764.0,132259.0,137269.0,0.0,0.0,hard,32,3,10000,10000000,sync_on,hard_p32_w3_i10000_t10000000
12.68,1209.2760180995474,1153.8461538461538,1264.7058823529412,2799628.0,2769284.0,2829972.0,132209.0,132181.0,132237.0,0.0,0.0,hard,32,3,10000,10000000,sync_on,hard_p32_w3_i10000_t10000000
12.73,596.1538461538462,596.1538461538462,596.1538461538462,2860032.0,2860032.0,2860032.0,137273.0,137273.0,137273.0,0.0,0.0,hard,32,3,10000,10000000,sync_on,hard_p32_w3_i10000_t10000000
12.77,848.133484162896,490.3846153846154,1205.8823529411766,2817858.0,2760400.0,2875316.0,135864.0,134167.0,137561.0,0.0,0.0,hard,32,3,10000,10000000,sync_on,hard_p32_w3_i10000_t10000000
12.78,1305.3775965831878,1297.029702970297,1313.7254901960785,2800386.0,2770092.0,2830680.0,132847.5,132246.0,133449.0,0.0,0.0,hard,32,3,10000,10000000,sync_on,hard_p32_w3_i10000_t10000000
12.84,446.6019417475728,446.6019417475728,446.6019417475728,2860104.0,2860104.0,2860104.0,137300.0,137300.0,137300.0,0.0,0.0,hard,32,3,10000,10000000,sync_on,hard_p32_w3_i10000_t10000000
12.88,778.1223399489271,144.23076923076923,1284.3137254901962,2808659.0,2760432.0,2874180.0,133822.75,132367.0,137569.0,0.0,0.0,hard,32,3,10000,10000000,sync_on,hard_p32_w3_i10000_t10000000
12.94,509.61538461538464,509.61538461538464,509.61538461538464,2860580.0,2860580.0,2860580.0,137326.0,137326.0,137326.0,0.0,0.0,hard,32,3,10000,10000000,sync_on,hard_p32_w3_i10000_t10000000
12.98,902.5263951734541,413.46153846153845,1421.5686274509806,2822525.3333333335,2760508.0,2875124.0,134740.66666666666,132436.0,137590.0,0.0,0.0,hard,32,3,10000,10000000,sync_on,hard_p32_w3_i10000_t10000000
12.99,817.3076923076924,817.3076923076924,817.3076923076924,2769292.0,2769292.0,2769292.0,134223.0,134223.0,134223.0,0.0,0.0,hard,32,3,10000,10000000,sync_on,hard_p32_w3_i10000_t10000000
13.04,240.3846153846154,240.3846153846154,240.3846153846154,2860756.0,2860756.0,2860756.0,137336.0,137336.0,137336.0,0.0,0.0,hard,32,3,10000,10000000,sync_on,hard_p32_w3_i10000_t10000000
13.08,500.00000000000006,500.00000000000006,500.00000000000006,2875420.0,2875420.0,2875420.0,132459.0,132459.0,132459.0,0.0,0.0,hard,32,3,10000,10000000,sync_on,hard_p32_w3_i10000_t10000000
13.09,884.0979757598833,368.93203883495147,1186.2745098039215,2786538.6666666665,2760708.0,2830672.0,132802.66666666666,132412.0,133564.0,0.0,0.0,hard,32,3,10000,10000000,sync_on,hard_p32_w3_i10000_t10000000
13.15,413.46153846153845,413.46153846153845,413.46153846153845,2860968.0,2860968.0,2860968.0,137368.0,137368.0,137368.0,0.0,0.0,hard,32,3,10000,10000000,sync_on,hard_p32_w3_i10000_t10000000
13.18,563.1067961165049,563.1067961165049,563.1067961165049,2875600.0,2875600.0,2875600.0,132488.0,132488.0,132488.0,0.0,0.0,hard,32,3,10000,10000000,sync_on,hard_p32_w3_i10000_t10000000
13.19,1027.0236299648066,365.3846153846154,1382.3529411764707,2787028.0,2760756.0,2831380.0,130341.0,128707.0,133593.0,0.0,0.0,hard,32,3,10000,10000000,sync_on,hard_p32_w3_i10000_t10000000
13.25,456.3106796116505,456.3106796116505,456.3106796116505,2861292.0,2861292.0,2861292.0,137653.0,137653.0,137653.0,0.0,0.0,hard,32,3,10000,10000000,sync_on,hard_p32_w3_i10000_t10000000
13.29,822.3158195316963,375.0,1470.5882352941178,2823026.6666666665,2760940.0,2875804.0,131637.33333333334,128779.0,133616.0,0.0,0.0,hard,32,3,10000,10000000,sync_on,hard_p32_w3_i10000_t10000000
13.3,1194.1747572815534,1194.1747572815534,1194.1747572815534,2769476.0,2769476.0,2769476.0,128797.0,128797.0,128797.0,0.0,0.0,hard,32,3,10000,10000000,sync_on,hard_p32_w3_i10000_t10000000
13.36,0.0,0.0,0.0,2861292.0,2861292.0,2861292.0,137653.0,137653.0,137653.0,0.0,0.0,hard,32,3,10000,10000000,sync_on,hard_p32_w3_i10000_t10000000
13.39,976.9179516466781,708.73786407767,1245.0980392156864,2854564.0,2832976.0,2876152.0,131436.5,130317.0,132556.0,0.0,0.0,hard,32,3,10000,10000000,sync_on,hard_p32_w3_i10000_t10000000
13.4,941.4592760180996,471.1538461538462,1411.764705882353,2765548.0,2761028.0,2770068.0,131260.0,128875.0,133645.0,0.0,0.0,hard,32,3,10000,10000000,sync_on,hard_p32_w3_i10000_t10000000
13.46,721.1538461538462,721.1538461538462,721.1538461538462,2861776.0,2861776.0,2861776.0,133655.0,133655.0,133655.0,0.0,0.0,hard,32,3,10000,10000000,sync_on,hard_p32_w3_i10000_t10000000
13.49,703.1220255092329,563.1067961165049,843.1372549019609,2854024.0,2831432.0,2876616.0,130728.5,128874.0,132583.0,0.0,0.0,hard,32,3,10000,10000000,sync_on,hard_p32_w3_i10000_t10000000
13.5,878.570068545316,509.61538461538464,1247.5247524752474,2765936.0,2761084.0,2770788.0,131304.0,128936.0,133672.0,0.0,0.0,hard,32,3,10000,10000000,sync_on,hard_p32_w3_i10000_t10000000
13.56,817.3076923076924,817.3076923076924,817.3076923076924,2862228.0,2862228.0,2862228.0,133703.0,133703.0,133703.0,0.0,0.0,hard,32,3,10000,10000000,sync_on,hard_p32_w3_i10000_t10000000
13.6,783.4264120136479,355.7692307692308,1135.9223300970875,2810275.0,2761248.0,2876796.0,131057.5,128934.0,133697.0,0.0,0.0,hard,32,3,10000,10000000,sync_on,hard_p32_w3_i10000_t10000000
13.67,278.84615384615387,278.84615384615387,278.84615384615387,2862344.0,2862344.0,2862344.0,133716.0,133716.0,133716.0,0.0,0.0,hard,32,3,10000,10000000,sync_on,hard_p32_w3_i10000_t10000000
13.7,968.3424653144926,524.2718446601942,1271.8446601941748,2827092.0,2771568.0,2877116.0,130225.66666666667,128997.0,132622.0,0.0,0.0,hard,32,3,10000,10000000,sync_on,hard_p32_w3_i10000_t10000000
13.71,500.0,500.0,500.0,2761344.0,2761344.0,2761344.0,133720.0,133720.0,133720.0,0.0,0.0,hard,32,3,10000,10000000,sync_on,hard_p32_w3_i10000_t10000000
13.77,563.1067961165049,563.1067961165049,563.1067961165049,2862560.0,2862560.0,2862560.0,133749.0,133749.0,133749.0,0.0,1.0,hard,32,3,10000,10000000,sync_on,hard_p32_w3_i10000_t10000000
13.8,923.0769230769231,701.9230769230769,1144.2307692307693,2855262.0,2833028.0,2877496.0,130864.5,129065.0,132664.0,0.0,0.0,hard,32,3,10000,10000000,sync_on,hard_p32_w3_i10000_t10000000
13.81,755.9746079163556,269.2307692307692,1242.7184466019419,2766730.0,2761380.0,2772080.0,131434.5,129132.0,133737.0,0.0,0.0,hard,32,3,10000,10000000,sync_on,hard_p32_w3_i10000_t10000000
13.88,538.4615384615385,538.4615384615385,538.4615384615385,2862712.0,2862712.0,2862712.0,133779.0,133779.0,133779.0,0.0,0.0,hard,32,3,10000,10000000,sync_on,hard_p32_w3_i10000_t10000000
13.91,872.8359304887003,417.4757281553398,1342.857142857143,2811482.0,2761620.0,2877696.0,131194.0,129134.0,133767.0,0.0,0.0,hard,32,3,10000,10000000,sync_on,hard_p32_w3_i10000_t10000000
13.98,423.0769230769231,423.0769230769231,423.0769230769231,2862832.0,2862832.0,2862832.0,133799.0,133799.0,133799.0,0.0,0.0,hard,32,3,10000,10000000,sync_on,hard_p32_w3_i10000_t10000000
14.01,960.7706245737696,596.1538461538462,1188.118811881188,2828553.3333333335,2773524.0,2878052.0,129127.33333333333,128938.0,129247.0,0.0,0.0,hard,32,3,10000,10000000,sync_on,hard_p32_w3_i10000_t10000000
14.02,288.46153846153845,288.46153846153845,288.46153846153845,2761688.0,2761688.0,2761688.0,133776.0,133776.0,133776.0,0.0,0.0,hard,32,3,10000,10000000,sync_on,hard_p32_w3_i10000_t10000000
14.08,625.0,625.0,625.0,2863128.0,2863128.0,2863128.0,133827.0,133827.0,133827.0,0.0,0.0,hard,32,3,10000,10000000,sync_on,hard_p32_w3_i10000_t10000000
14.11,1142.1940880552932,825.242718446602,1336.6336633663366,2829088.0,2774004.0,2878516.0,129233.33333333333,129118.0,129313.0,0.0,0.0,hard,32,3,10000,10000000,sync_on,hard_p32_w3_i10000_t10000000
14.12,375.0,375.0,375.0,2761772.0,2761772.0,2761772.0,133802.0,133802.0,133802.0,0.0,0.0,hard,32,3,10000,10000000,sync_on,hard_p32_w3_i10000_t10000000
14.19,699.0291262135922,699.0291262135922,699.0291262135922,2863252.0,2863252.0,2863252.0,133872.0,133872.0,133872.0,0.0,0.0,hard,32,3,10000,10000000,sync_on,hard_p32_w3_i10000_t10000000
14.21,965.686274509804,941.1764705882354,990.1960784313726,2804722.0,2774428.0,2835016.0,129345.5,129319.0,129372.0,0.0,0.0,hard,32,3,10000,10000000,sync_on,hard_p32_w3_i10000_t10000000
14.22,563.1067961165049,563.1067961165049,563.1067961165049,2878260.0,2878260.0,2878260.0,130848.0,130848.0,130848.0,0.0,0.0,hard,32,3,10000,10000000,sync_on,hard_p32_w3_i10000_t10000000
14.23,625.0,625.0,625.0,2761900.0,2761900.0,2761900.0,133831.0,133831.0,133831.0,0.0,0.0,hard,32,3,10000,10000000,sync_on,hard_p32_w3_i10000_t10000000
14.29,432.69230769230774,432.69230769230774,432.69230769230774,2863312.0,2863312.0,2863312.0,133903.0,133903.0,133903.0,0.0,0.0,hard,32,3,10000,10000000,sync_on,hard_p32_w3_i10000_t10000000
14.31,1196.8064453504176,1148.5148514851485,1245.0980392156864,2805080.0,2774728.0,2835432.0,129410.0,129386.0,129434.0,0.0,0.0,hard,32,3,10000,10000000,sync_on,hard_p32_w3_i10000_t10000000
14.32,9.615384615384615,9.615384615384615,9.615384615384615,2878260.0,2878260.0,2878260.0,130848.0,130848.0,130848.0,0.0,0.0,hard,32,3,10000,10000000,sync_on,hard_p32_w3_i10000_t10000000
14.33,349.5145631067961,349.5145631067961,349.5145631067961,2762004.0,2762004.0,2762004.0,133848.0,133848.0,133848.0,0.0,0.0,hard,32,3,10000,10000000,sync_on,hard_p32_w3_i10000_t10000000
14.39,1298.076923076923,1298.076923076923,1298.076923076923,2863652.0,2863652.0,2863652.0,133969.0,133969.0,133969.0,0.0,0.0,hard,32,3,10000,10000000,sync_on,hard_p32_w3_i10000_t10000000
14.42,775.3510645182165,0.0,1257.4257425742574,2829785.3333333335,2775032.0,2878260.0,129935.0,129455.0,130848.0,0.0,0.0,hard,32,3,10000,10000000,sync_on,hard_p32_w3_i10000_t10000000
14.43,461.53846153846155,461.53846153846155,461.53846153846155,2762140.0,2762140.0,2762140.0,133870.0,133870.0,133870.0,0.0,0.0,hard,32,3,10000,10000000,sync_on,hard_p32_w3_i10000_t10000000
14.5,1194.1747572815534,1194.1747572815534,1194.1747572815534,2863960.0,2863960.0,2863960.0,134033.0,134033.0,134033.0,0.0,0.0,hard,32,3,10000,10000000,sync_on,hard_p32_w3_i10000_t10000000
14.52,1266.0163075131043,1264.7058823529412,1267.3267326732673,2806046.0,2775700.0,2836392.0,129549.0,129532.0,129566.0,0.0,0.0,hard,32,3,10000,10000000,sync_on,hard_p32_w3_i10000_t10000000
14.53,0.0,0.0,0.0,2878260.0,2878260.0,2878260.0,130848.0,130848.0,130848.0,0.0,0.0,hard,32,3,10000,10000000,sync_on,hard_p32_w3_i10000_t10000000
14.54,471.1538461538462,471.1538461538462,471.1538461538462,2762324.0,2762324.0,2762324.0,133900.0,133900.0,133900.0,0.0,0.0,hard,32,3,10000,10000000,sync_on,hard_p32_w3_i10000_t10000000
14.6,1254.9019607843138,1254.9019607843138,1254.9019607843138,2864432.0,2864432.0,2864432.0,134090.0,134090.0,134090.0,0.0,0.0,hard,32,3,10000,10000000,sync_on,hard_p32_w3_i10000_t10000000
14.62,1210.7843137254904,1117.6470588235295,1303.921568627451,2806652.0,2776216.0,2837088.0,129613.0,129601.0,129625.0,0.0,0.0,hard,32,3,10000,10000000,sync_on,hard_p32_w3_i10000_t10000000
14.63,0.0,0.0,0.0,2878260.0,2878260.0,2878260.0,130848.0,130848.0,130848.0,0.0,0.0,hard,32,3,10000,10000000,sync_on,hard_p32_w3_i10000_t10000000
14.64,461.53846153846155,461.53846153846155,461.53846153846155,2762424.0,2762424.0,2762424.0,133927.0,133927.0,133927.0,0.0,0.0,hard,32,3,10000,10000000,sync_on,hard_p32_w3_i10000_t10000000
14.7,1127.450980392157,1127.450980392157,1127.450980392157,2864652.0,2864652.0,2864652.0,134160.0,134160.0,134160.0,0.0,0.0,hard,32,3,10000,10000000,sync_on,hard_p32_w3_i10000_t10000000
14.72,1349.398175111629,1277.227722772277,1421.5686274509806,2807154.0,2776832.0,2837476.0,129868.0,129701.0,130035.0,0.0,0.0,hard,32,3,10000,10000000,sync_on,hard_p32_w3_i10000_t10000000
14.73,0.0,0.0,0.0,2878260.0,2878260.0,2878260.0,130848.0,130848.0,130848.0,0.0,0.0,hard,32,3,10000,10000000,sync_on,hard_p32_w3_i10000_t10000000
14.74,436.8932038834952,436.8932038834952,436.8932038834952,2762500.0,2762500.0,2762500.0,133955.0,133955.0,133955.0,0.0,0.0,hard,32,3,10000,10000000,sync_on,hard_p32_w3_i10000_t10000000
14.8,1333.3333333333335,1333.3333333333335,1333.3333333333335,2865080.0,2865080.0,2865080.0,134225.0,134225.0,134225.0,0.0,0.0,hard,32,3,10000,10000000,sync_on,hard_p32_w3_i10000_t10000000
14.82,984.1043213401866,725.4901960784314,1242.7184466019419,2806726.0,2777244.0,2836208.0,130318.0,129672.0,130964.0,0.0,0.0,hard,32,3,10000,10000000,sync_on,hard_p32_w3_i10000_t10000000
14.84,0.0,0.0,0.0,2878260.0,2878260.0,2878260.0,130848.0,130848.0,130848.0,0.0,0.0,hard,32,3,10000,10000000,sync_on,hard_p32_w3_i10000_t10000000
14.85,490.3846153846154,490.3846153846154,490.3846153846154,2762624.0,2762624.0,2762624.0,133974.0,133974.0,133974.0,0.0,0.0,hard,32,3,10000,10000000,sync_on,hard_p32_w3_i10000_t10000000
14.9,1333.3333333333335,1333.3333333333335,1333.3333333333335,2865428.0,2865428.0,2865428.0,134297.0,134297.0,134297.0,0.0,0.0,hard,32,3,10000,10000000,sync_on,hard_p32_w3_i10000_t10000000
14.92,1247.5247524752474,1247.5247524752474,1247.5247524752474,2836768.0,2836768.0,2836768.0,129738.0,129738.0,129738.0,0.0,0.0,hard,32,3,10000,10000000,sync_on,hard_p32_w3_i10000_t10000000
14.93,881.1881188118812,881.1881188118812,881.1881188118812,2775868.0,2775868.0,2775868.0,129796.0,129796.0,129796.0,0.0,0.0,hard,32,3,10000,10000000,sync_on,hard_p32_w3_i10000_t10000000
14.94,48.54368932038835,48.54368932038835,48.54368932038835,2878264.0,2878264.0,2878264.0,130852.0,130852.0,130852.0,0.0,0.0,hard,32,3,10000,10000000,sync_on,hard_p32_w3_i10000_t10000000
14.95,644.2307692307693,644.2307692307693,644.2307692307693,2762836.0,2762836.0,2762836.0,134011.0,134011.0,134011.0,0.0,0.0,hard,32,3,10000,10000000,sync_on,hard_p32_w3_i10000_t10000000
15.01,1137.2549019607843,1137.2549019607843,1137.2549019607843,2865704.0,2865704.0,2865704.0,134363.0,134363.0,134363.0,0.0,0.0,hard,32,3,10000,10000000,sync_on,hard_p32_w3_i10000_t10000000
15.03,1169.0160567587754,1155.3398058252428,1182.6923076923078,2806768.0,2776324.0,2837212.0,129832.5,129801.0,129864.0,0.0,0.0,hard,32,3,10000,10000000,sync_on,hard_p32_w3_i10000_t10000000
15.04,38.46153846153846,38.46153846153846,38.46153846153846,2876632.0,2876632.0,2876632.0,129007.0,129007.0,129007.0,0.0,0.0,hard,32,3,10000,10000000,sync_on,hard_p32_w3_i10000_t10000000
15.06,500.0,500.0,500.0,2763024.0,2763024.0,2763024.0,134038.0,134038.0,134038.0,0.0,0.0,hard,32,3,10000,10000000,sync_on,hard_p32_w3_i10000_t10000000
15.11,1352.9411764705883,1352.9411764705883,1352.9411764705883,2866192.0,2866192.0,2866192.0,134421.0,134421.0,134421.0,0.0,0.0,hard,32,3,10000,10000000,sync_on,hard_p32_w3_i10000_t10000000
15.13,1230.3921568627452,1186.2745098039215,1274.5098039215686,2807318.0,2776856.0,2837780.0,129892.0,129855.0,129929.0,0.0,0.0,hard,32,3,10000,10000000,sync_on,hard_p32_w3_i10000_t10000000
15.15,466.0194174757282,466.0194174757282,466.0194174757282,2876772.0,2876772.0,2876772.0,129041.0,129041.0,129041.0,0.0,0.0,hard,32,3,10000,10000000,sync_on,hard_p32_w3_i10000_t10000000
15.16,538.4615384615385,538.4615384615385,538.4615384615385,2763180.0,2763180.0,2763180.0,134059.0,134059.0,134059.0,0.0,0.0,hard,32,3,10000,10000000,sync_on,hard_p32_w3_i10000_t10000000
15.21,1264.7058823529412,1264.7058823529412,1264.7058823529412,2866588.0,2866588.0,2866588.0,134488.0,134488.0,134488.0,0.0,0.0,hard,32,3,10000,10000000,sync_on,hard_p32_w3_i10000_t10000000
15.23,1280.9648611920015,1245.0980392156864,1316.8316831683167,2808022.0,2777568.0,2838476.0,129960.5,129928.0,129993.0,0.0,0.0,hard,32,3,10000,10000000,sync_on,hard_p32_w3_i10000_t10000000
15.25,721.1538461538462,721.1538461538462,721.1538461538462,2877176.0,2877176.0,2877176.0,129076.0,129076.0,129076.0,0.0,0.0,hard,32,3,10000,10000000,sync_on,hard_p32_w3_i10000_t10000000
15.26,621.3592233009709,621.3592233009709,621.3592233009709,2763308.0,2763308.0,2763308.0,134091.0,134091.0,134091.0,0.0,0.0,hard,32,3,10000,10000000,sync_on,hard_p32_w3_i10000_t10000000
15.31,1294.1176470588236,1294.1176470588236,1294.1176470588236,2866976.0,2866976.0,2866976.0,134557.0,134557.0,134557.0,0.0,0.0,hard,32,3,10000,10000000,sync_on,hard_p32_w3_i10000_t10000000
15.33,1156.8627450980393,1137.2549019607843,1176.4705882352941,2808326.0,2777808.0,2838844.0,130020.0,129976.0,130064.0,0.0,0.0,hard,32,3,10000,10000000,sync_on,hard_p32_w3_i10000_t10000000
15.36,368.93203883495147,368.93203883495147,368.93203883495147,2877384.0,2877384.0,2877384.0,129354.0,129354.0,129354.0,0.0,0.0,hard,32,3,10000,10000000,sync_on,hard_p32_w3_i10000_t10000000
15.37,326.92307692307696,326.92307692307696,326.92307692307696,2763412.0,2763412.0,2763412.0,134116.0,134116.0,134116.0,0.0,0.0,hard,32,3,10000,10000000,sync_on,hard_p32_w3_i10000_t10000000
15.42,1326.923076923077,1326.923076923077,1326.923076923077,2867388.0,2867388.0,2867388.0,134627.0,134627.0,134627.0,0.0,0.0,hard,32,3,10000,10000000,sync_on,hard_p32_w3_i10000_t10000000
15.44,1220.5882352941178,1205.8823529411766,1235.294117647059,2808900.0,2778472.0,2839328.0,130077.5,130042.0,130113.0,0.0,0.0,hard,32,3,10000,10000000,sync_on,hard_p32_w3_i10000_t10000000
15.46,137.2549019607843,137.2549019607843,137.2549019607843,2877428.0,2877428.0,2877428.0,129366.0,129366.0,129366.0,0.0,0.0,hard,32,3,10000,10000000,sync_on,hard_p32_w3_i10000_t10000000
15.47,403.84615384615387,403.84615384615387,403.84615384615387,2763484.0,2763484.0,2763484.0,134145.0,134145.0,134145.0,0.0,0.0,hard,32,3,10000,10000000,sync_on,hard_p32_w3_i10000_t10000000
15.52,1284.3137254901962,1284.3137254901962,1284.3137254901962,2867648.0,2867648.0,2867648.0,134692.0,134692.0,134692.0,0.0,0.0,hard,32,3,10000,10000000,sync_on,hard_p32_w3_i10000_t10000000
15.54,1099.7379149679673,852.9411764705883,1346.5346534653465,2809412.0,2778984.0,2839840.0,129165.5,126339.0,131992.0,0.0,0.0,hard,32,3,10000,10000000,sync_on,hard_p32_w3_i10000_t10000000
15.56,355.7692307692308,355.7692307692308,355.7692307692308,2877616.0,2877616.0,2877616.0,125347.0,125347.0,125347.0,0.0,0.0,hard,32,3,10000,10000000,sync_on,hard_p32_w3_i10000_t10000000
15.57,500.0,500.0,500.0,2763596.0,2763596.0,2763596.0,134173.0,134173.0,134173.0,0.0,0.0,hard,32,3,10000,10000000,sync_on,hard_p32_w3_i10000_t10000000
15.62,1441.1764705882354,1441.1764705882354,1441.1764705882354,2867996.0,2867996.0,2867996.0,134763.0,134763.0,134763.0,0.0,0.0,hard,32,3,10000,10000000,sync_on,hard_p32_w3_i10000_t10000000
15.64,1195.5549209975252,1106.7961165048544,1284.3137254901962,2809212.0,2777756.0,2840668.0,124538.0,122632.0,126444.0,0.0,0.0,hard,32,3,10000,10000000,sync_on,hard_p32_w3_i10000_t10000000
15.66,854.368932038835,854.368932038835,854.368932038835,2878072.0,2878072.0,2878072.0,125389.0,125389.0,125389.0,0.0,0.0,hard,32,3,10000,10000000,sync_on,hard_p32_w3_i10000_t10000000
15.68,495.1456310679612,495.1456310679612,495.1456310679612,2763748.0,2763748.0,2763748.0,134200.0,134200.0,134200.0,0.0,0.0,hard,32,3,10000,10000000,sync_on,hard_p32_w3_i10000_t10000000
15.72,1097.0873786407767,1097.0873786407767,1097.0873786407767,2868296.0,2868296.0,2868296.0,134826.0,134826.0,134826.0,0.0,0.0,hard,32,3,10000,10000000,sync_on,hard_p32_w3_i10000_t10000000
15.74,1235.294117647059,1166.6666666666667,1303.921568627451,2809628.0,2778328.0,2840928.0,124606.0,122701.0,126511.0,0.0,0.0,hard,32,3,10000,10000000,sync_on,hard_p32_w3_i10000_t10000000
15.77,640.7766990291262,640.7766990291262,640.7766990291262,2878268.0,2878268.0,2878268.0,125424.0,125424.0,125424.0,0.0,0.0,hard,32,3,10000,10000000,sync_on,hard_p32_w3_i10000_t10000000
15.78,548.0769230769231,548.0769230769231,548.0769230769231,2763940.0,2763940.0,2763940.0,134224.0,134224.0,134224.0,0.0,0.0,hard,32,3,10000,10000000,sync_on,hard_p32_w3_i10000_t10000000
15.83,1215.686274509804,1215.686274509804,1215.686274509804,2868636.0,2868636.0,2868636.0,134889.0,134889.0,134889.0,0.0,0.0,hard,32,3,10000,10000000,sync_on,hard_p32_w3_i10000_t10000000
15.84,1333.3333333333335,1333.3333333333335,1333.3333333333335,2841648.0,2841648.0,2841648.0,122758.0,122758.0,122758.0,0.0,0.0,hard,32,3,10000,10000000,sync_on,hard_p32_w3_i10000_t10000000
15.85,1233.0097087378642,1233.0097087378642,1233.0097087378642,2779100.0,2779100.0,2779100.0,126577.0,126577.0,126577.0,0.0,0.0,hard,32,3,10000,10000000,sync_on,hard_p32_w3_i10000_t10000000
15.87,355.7692307692308,355.7692307692308,355.7692307692308,2878408.0,2878408.0,2878408.0,125440.0,125440.0,125440.0,0.0,0.0,hard,32,3,10000,10000000,sync_on,hard_p32_w3_i10000_t10000000
15.89,413.46153846153845,413.46153846153845,413.46153846153845,2764060.0,2764060.0,2764060.0,134245.0,134245.0,134245.0,0.0,0.0,hard,32,3,10000,10000000,sync_on,hard_p32_w3_i10000_t10000000
15.93,1137.2549019607843,1137.2549019607843,1137.2549019607843,2868984.0,2868984.0,2868984.0,134952.0,134952.0,134952.0,0.0,0.0,hard,32,3,10000,10000000,sync_on,hard_p32_w3_i10000_t10000000
15.94,1235.294117647059,1235.294117647059,1235.294117647059,2842056.0,2842056.0,2842056.0,122826.0,122826.0,122826.0,0.0,0.0,hard,32,3,10000,10000000,sync_on,hard_p32_w3_i10000_t10000000
15.95,1368.9320388349515,1368.9320388349515,1368.9320388349515,2779728.0,2779728.0,2779728.0,126636.0,126636.0,126636.0,0.0,0.0,hard,32,3,10000,10000000,sync_on,hard_p32_w3_i10000_t10000000
15.97,786.4077669902913,786.4077669902913,786.4077669902913,2878680.0,2878680.0,2878680.0,125484.0,125484.0,125484.0,0.0,0.0,hard,32,3,10000,10000000,sync_on,hard_p32_w3_i10000_t10000000
15.99,586.5384615384615,586.5384615384615,586.5384615384615,2764244.0,2764244.0,2764244.0,134279.0,134279.0,134279.0,0.0,0.0,hard,32,3,10000,10000000,sync_on,hard_p32_w3_i10000_t10000000
16.03,1196.0784313725492,1196.0784313725492,1196.0784313725492,2869280.0,2869280.0,2869280.0,135018.0,135018.0,135018.0,0.0,0.0,hard,32,3,10000,10000000,sync_on,hard_p32_w3_i10000_t10000000
16.05,1068.627450980392,1049.0196078431372,1088.235294117647,2811192.0,2779948.0,2842436.0,125176.5,123663.0,126690.0,0.0,0.0,hard,32,3,10000,10000000,sync_on,hard_p32_w3_i10000_t10000000
16.08,514.5631067961166,514.5631067961166,514.5631067961166,2879016.0,2879016.0,2879016.0,125513.0,125513.0,125513.0,0.0,0.0,hard,32,3,10000,10000000,sync_on,hard_p32_w3_i10000_t10000000
16.09,500.0,500.0,500.0,2764344.0,2764344.0,2764344.0,134302.0,134302.0,134302.0,0.0,0.0,hard,32,3,10000,10000000,sync_on,hard_p32_w3_i10000_t10000000
16.13,1215.686274509804,1215.686274509804,1215.686274509804,2869592.0,2869592.0,2869592.0,135084.0,135084.0,135084.0,0.0,0.0,hard,32,3,10000,10000000,sync_on,hard_p32_w3_i10000_t10000000
16.15,891.089108910891,891.089108910891,891.089108910891,2842936.0,2842936.0,2842936.0,124762.0,124762.0,124762.0,0.0,0.0,hard,32,3,10000,10000000,sync_on,hard_p32_w3_i10000_t10000000
16.16,1326.923076923077,1326.923076923077,1326.923076923077,2780552.0,2780552.0,2780552.0,126754.0,126754.0,126754.0,0.0,0.0,hard,32,3,10000,10000000,sync_on,hard_p32_w3_i10000_t10000000
16.18,528.8461538461539,528.8461538461539,528.8461538461539,2879156.0,2879156.0,2879156.0,125546.0,125546.0,125546.0,0.0,0.0,hard,32,3,10000,10000000,sync_on,hard_p32_w3_i10000_t10000000
16.2,368.93203883495147,368.93203883495147,368.93203883495147,2764424.0,2764424.0,2764424.0,134323.0,134323.0,134323.0,0.0,0.0,hard,32,3,10000,10000000,sync_on,hard_p32_w3_i10000_t10000000
16.23,1300.9708737864078,1300.9708737864078,1300.9708737864078,2869976.0,2869976.0,2869976.0,131379.0,131379.0,131379.0,0.0,0.0,hard,32,3,10000,10000000,sync_on,hard_p32_w3_i10000_t10000000
16.25,1254.9019607843138,1254.9019607843138,1254.9019607843138,2841460.0,2841460.0,2841460.0,122990.0,122990.0,122990.0,0.0,0.0,hard,32,3,10000,10000000,sync_on,hard_p32_w3_i10000_t10000000
16.26,1168.3168316831682,1168.3168316831682,1168.3168316831682,2780992.0,2780992.0,2780992.0,126812.0,126812.0,126812.0,0.0,0.0,hard,32,3,10000,10000000,sync_on,hard_p32_w3_i10000_t10000000
16.28,320.3883495145631,320.3883495145631,320.3883495145631,2879256.0,2879256.0,2879256.0,125569.0,125569.0,125569.0,0.0,0.0,hard,32,3,10000,10000000,sync_on,hard_p32_w3_i10000_t10000000
16.3,528.8461538461539,528.8461538461539,528.8461538461539,2764552.0,2764552.0,2764552.0,134357.0,134357.0,134357.0,0.0,0.0,hard,32,3,10000,10000000,sync_on,hard_p32_w3_i10000_t10000000
16.34,1262.1359223300972,1262.1359223300972,1262.1359223300972,2870256.0,2870256.0,2870256.0,131928.0,131928.0,131928.0,0.0,0.0,hard,32,3,10000,10000000,sync_on,hard_p32_w3_i10000_t10000000
16.35,1264.7058823529412,1264.7058823529412,1264.7058823529412,2842112.0,2842112.0,2842112.0,123052.0,123052.0,123052.0,0.0,0.0,hard,32,3,10000,10000000,sync_on,hard_p32_w3_i10000_t10000000
16.36,1352.9411764705883,1352.9411764705883,1352.9411764705883,2781552.0,2781552.0,2781552.0,123102.0,123102.0,123102.0,0.0,0.0,hard,32,3,10000,10000000,sync_on,hard_p32_w3_i10000_t10000000
16.39,611.6504854368933,611.6504854368933,611.6504854368933,2879464.0,2879464.0,2879464.0,125591.0,125591.0,125591.0,0.0,0.0,hard,32,3,10000,10000000,sync_on,hard_p32_w3_i10000_t10000000
16.4,539.2156862745098,539.2156862745098,539.2156862745098,2764736.0,2764736.0,2764736.0,134384.0,134384.0,134384.0,0.0,0.0,hard,32,3,10000,10000000,sync_on,hard_p32_w3_i10000_t10000000
16.44,666.6666666666667,666.6666666666667,666.6666666666667,2868888.0,2868888.0,2868888.0,131475.0,131475.0,131475.0,0.0,0.0,hard,32,3,10000,10000000,sync_on,hard_p32_w3_i10000_t10000000
16.45,1254.9019607843138,1254.9019607843138,1254.9019607843138,2842524.0,2842524.0,2842524.0,123114.0,123114.0,123114.0,0.0,0.0,hard,32,3,10000,10000000,sync_on,hard_p32_w3_i10000_t10000000
16.46,1078.4313725490197,1078.4313725490197,1078.4313725490197,2781868.0,2781868.0,2781868.0,123150.0,123150.0,123150.0,0.0,0.0,hard,32,3,10000,10000000,sync_on,hard_p32_w3_i10000_t10000000
16.49,750.0,750.0,750.0,2879788.0,2879788.0,2879788.0,125633.0,125633.0,125633.0,0.0,0.0,hard,32,3,10000,10000000,sync_on,hard_p32_w3_i10000_t10000000
16.51,480.7692307692308,480.7692307692308,480.7692307692308,2764828.0,2764828.0,2764828.0,134414.0,134414.0,134414.0,0.0,0.0,hard,32,3,10000,10000000,sync_on,hard_p32_w3_i10000_t10000000
16.54,1274.5098039215686,1274.5098039215686,1274.5098039215686,2869368.0,2869368.0,2869368.0,131540.0,131540.0,131540.0,0.0,0.0,hard,32,3,10000,10000000,sync_on,hard_p32_w3_i10000_t10000000
16.55,1303.921568627451,1303.921568627451,1303.921568627451,2842904.0,2842904.0,2842904.0,123177.0,123177.0,123177.0,0.0,0.0,hard,32,3,10000,10000000,sync_on,hard_p32_w3_i10000_t10000000
16.56,1303.921568627451,1303.921568627451,1303.921568627451,2782492.0,2782492.0,2782492.0,123217.0,123217.0,123217.0,0.0,0.0,hard,32,3,10000,10000000,sync_on,hard_p32_w3_i10000_t10000000
16.59,553.3980582524272,553.3980582524272,553.3980582524272,2880252.0,2880252.0,2880252.0,125649.0,125649.0,125649.0,0.0,0.0,hard,32,3,10000,10000000,sync_on,hard_p32_w3_i10000_t10000000
16.61,365.3846153846154,365.3846153846154,365.3846153846154,2764928.0,2764928.0,2764928.0,134431.0,134431.0,134431.0,0.0,0.0,hard,32,3,10000,10000000,sync_on,hard_p32_w3_i10000_t10000000
16.64,1303.921568627451,1303.921568627451,1303.921568627451,2869824.0,2869824.0,2869824.0,131607.0,131607.0,131607.0,0.0,0.0,hard,32,3,10000,10000000,sync_on,hard_p32_w3_i10000_t10000000
16.66,1250.0,1215.686274509804,1284.3137254901962,2813152.0,2782848.0,2843456.0,123257.0,123229.0,123285.0,0.0,0.0,hard,32,3,10000,10000000,sync_on,hard_p32_w3_i10000_t10000000
16.7,718.4466019417476,718.4466019417476,718.4466019417476,2880576.0,2880576.0,2880576.0,125689.0,125689.0,125689.0,0.0,0.0,hard,32,3,10000,10000000,sync_on,hard_p32_w3_i10000_t10000000
16.71,413.46153846153845,413.46153846153845,413.46153846153845,2765052.0,2765052.0,2765052.0,134450.0,134450.0,134450.0,0.0,0.0,hard,32,3,10000,10000000,sync_on,hard_p32_w3_i10000_t10000000
16.75,1235.294117647059,1235.294117647059,1235.294117647059,2870112.0,2870112.0,2870112.0,131671.0,131671.0,131671.0,0.0,0.0,hard,32,3,10000,10000000,sync_on,hard_p32_w3_i10000_t10000000
16.76,1235.294117647059,1235.294117647059,1235.294117647059,2843912.0,2843912.0,2843912.0,123563.0,123563.0,123563.0,0.0,0.0,hard,32,3,10000,10000000,sync_on,hard_p32_w3_i10000_t10000000
16.77,1147.058823529412,1147.058823529412,1147.058823529412,2783244.0,2783244.0,2783244.0,123343.0,123343.0,123343.0,0.0,0.0,hard,32,3,10000,10000000,sync_on,hard_p32_w3_i10000_t10000000
16.8,436.8932038834952,436.8932038834952,436.8932038834952,2880736.0,2880736.0,2880736.0,125713.0,125713.0,125713.0,0.0,0.0,hard,32,3,10000,10000000,sync_on,hard_p32_w3_i10000_t10000000
16.82,640.7766990291262,640.7766990291262,640.7766990291262,2765244.0,2765244.0,2765244.0,134485.0,134485.0,134485.0,0.0,0.0,hard,32,3,10000,10000000,sync_on,hard_p32_w3_i10000_t10000000
16.85,1186.2745098039215,1186.2745098039215,1186.2745098039215,2870472.0,2870472.0,2870472.0,131734.0,131734.0,131734.0,0.0,0.0,hard,32,3,10000,10000000,sync_on,hard_p32_w3_i10000_t10000000
16.86,1098.0392156862745,1098.0392156862745,1098.0392156862745,2844240.0,2844240.0,2844240.0,119587.0,119587.0,119587.0,0.0,0.0,hard,32,3,10000,10000000,sync_on,hard_p32_w3_i10000_t10000000
16.87,1287.128712871287,1287.128712871287,1287.128712871287,2783540.0,2783540.0,2783540.0,123418.0,123418.0,123418.0,0.0,0.0,hard,32,3,10000,10000000,sync_on,hard_p32_w3_i10000_t10000000
16.9,715.686274509804,715.686274509804,715.686274509804,2880992.0,2880992.0,2880992.0,125753.0,125753.0,125753.0,0.0,0.0,hard,32,3,10000,10000000,sync_on,hard_p32_w3_i10000_t10000000
16.92,519.2307692307693,519.2307692307693,519.2307692307693,2765348.0,2765348.0,2765348.0,134516.0,134516.0,134516.0,0.0,0.0,hard,32,3,10000,10000000,sync_on,hard_p32_w3_i10000_t10000000
16.95,1245.0980392156864,1245.0980392156864,1245.0980392156864,2870776.0,2870776.0,2870776.0,131800.0,131800.0,131800.0,0.0,0.0,hard,32,3,10000,10000000,sync_on,hard_p32_w3_i10000_t10000000
16.96,1088.235294117647,1088.235294117647,1088.235294117647,2844700.0,2844700.0,2844700.0,119647.0,119647.0,119647.0,0.0,0.0,hard,32,3,10000,10000000,sync_on,hard_p32_w3_i10000_t10000000
16.97,1250.0,1250.0,1250.0,2783860.0,2783860.0,2783860.0,123487.0,123487.0,123487.0,0.0,0.0,hard,32,3,10000,10000000,sync_on,hard_p32_w3_i10000_t10000000
17.01,538.4615384615385,538.4615384615385,538.4615384615385,2881300.0,2881300.0,2881300.0,125779.0,125779.0,125779.0,0.0,0.0,hard,32,3,10000,10000000,sync_on,hard_p32_w3_i10000_t10000000
17.03,653.8461538461539,653.8461538461539,653.8461538461539,2765496.0,2765496.0,2765496.0,134546.0,134546.0,134546.0,0.0,0.0,hard,32,3,10000,10000000,sync_on,hard_p32_w3_i10000_t10000000
17.05,1117.6470588235295,1117.6470588235295,1117.6470588235295,2871348.0,2871348.0,2871348.0,133690.0,133690.0,133690.0,0.0,0.0,hard,32,3,10000,10000000,sync_on,hard_p32_w3_i10000_t10000000
17.06,1346.5346534653465,1346.5346534653465,1346.5346534653465,2845148.0,2845148.0,2845148.0,119711.0,119711.0,119711.0,0.0,0.0,hard,32,3,10000,10000000,sync_on,hard_p32_w3_i10000_t10000000
17.07,1198.019801980198,1198.019801980198,1198.019801980198,2784224.0,2784224.0,2784224.0,119776.0,119776.0,119776.0,0.0,0.0,hard,32,3,10000,10000000,sync_on,hard_p32_w3_i10000_t10000000
17.11,514.5631067961166,514.5631067961166,514.5631067961166,2881760.0,2881760.0,2881760.0,125802.0,125802.0,125802.0,0.0,0.0,hard,32,3,10000,10000000,sync_on,hard_p32_w3_i10000_t10000000
17.13,653.8461538461539,653.8461538461539,653.8461538461539,2765620.0,2765620.0,2765620.0,134573.0,134573.0,134573.0,0.0,0.0,hard,32,3,10000,10000000,sync_on,hard_p32_w3_i10000_t10000000
17.15,823.529411764706,823.529411764706,823.529411764706,2870040.0,2870040.0,2870040.0,131899.0,131899.0,131899.0,0.0,0.0,hard,32,3,10000,10000000,sync_on,hard_p32_w3_i10000_t10000000
17.17,1215.686274509804,1127.450980392157,1303.921568627451,2815096.0,2784664.0,2845528.0,120737.0,119838.0,121636.0,0.0,0.0,hard,32,3,10000,10000000,sync_on,hard_p32_w3_i10000_t10000000
17.21,721.1538461538462,721.1538461538462,721.1538461538462,2882212.0,2882212.0,2882212.0,125843.0,125843.0,125843.0,0.0,0.0,hard,32,3,10000,10000000,sync_on,hard_p32_w3_i10000_t10000000
17.23,330.0970873786408,330.0970873786408,330.0970873786408,2765704.0,2765704.0,2765704.0,134911.0,134911.0,134911.0,0.0,0.0,hard,32,3,10000,10000000,sync_on,hard_p32_w3_i10000_t10000000
17.26,1184.4660194174758,1184.4660194174758,1184.4660194174758,2870696.0,2870696.0,2870696.0,131960.0,131960.0,131960.0,0.0,0.0,hard,32,3,10000,10000000,sync_on,hard_p32_w3_i10000_t10000000
17.27,1000.0000000000001,1000.0000000000001,1000.0000000000001,2845856.0,2845856.0,2845856.0,122736.0,122736.0,122736.0,0.0,0.0,hard,32,3,10000,10000000,sync_on,hard_p32_w3_i10000_t10000000
17.28,1466.0194174757282,1466.0194174757282,1466.0194174757282,2785084.0,2785084.0,2785084.0,119902.0,119902.0,119902.0,0.0,0.0,hard,32,3,10000,10000000,sync_on,hard_p32_w3_i10000_t10000000
17.32,553.3980582524272,553.3980582524272,553.3980582524272,2882460.0,2882460.0,2882460.0,125879.0,125879.0,125879.0,0.0,0.0,hard,32,3,10000,10000000,sync_on,hard_p32_w3_i10000_t10000000
17.34,330.0970873786408,330.0970873786408,330.0970873786408,2765868.0,2765868.0,2765868.0,136450.0,136450.0,136450.0,0.0,0.0,hard,32,3,10000,10000000,sync_on,hard_p32_w3_i10000_t10000000
17.36,1240.3846153846155,1240.3846153846155,1240.3846153846155,2871204.0,2871204.0,2871204.0,132500.0,132500.0,132500.0,0.0,0.0,hard,32,3,10000,10000000,sync_on,hard_p32_w3_i10000_t10000000
17.37,1088.235294117647,1088.235294117647,1088.235294117647,2843996.0,2843996.0,2843996.0,119874.0,119874.0,119874.0,0.0,0.0,hard,32,3,10000,10000000,sync_on,hard_p32_w3_i10000_t10000000
17.38,1247.5247524752474,1247.5247524752474,1247.5247524752474,2785592.0,2785592.0,2785592.0,119961.0,119961.0,119961.0,0.0,0.0,hard,32,3,10000,10000000,sync_on,hard_p32_w3_i10000_t10000000
17.42,563.1067961165049,563.1067961165049,563.1067961165049,2882572.0,2882572.0,2882572.0,125913.0,125913.0,125913.0,0.0,0.0,hard,32,3,10000,10000000,sync_on,hard_p32_w3_i10000_t10000000
17.44,0.0,0.0,0.0,2765868.0,2765868.0,2765868.0,136450.0,136450.0,136450.0,0.0,0.0,hard,32,3,10000,10000000,sync_on,hard_p32_w3_i10000_t10000000
17.46,676.4705882352941,676.4705882352941,676.4705882352941,2871676.0,2871676.0,2871676.0,133903.0,133903.0,133903.0,0.0,0.0,hard,32,3,10000,10000000,sync_on,hard_p32_w3_i10000_t10000000
17.47,1184.4660194174758,1184.4660194174758,1184.4660194174758,2845388.0,2845388.0,2845388.0,119939.0,119939.0,119939.0,0.0,0.0,hard,32,3,10000,10000000,sync_on,hard_p32_w3_i10000_t10000000
17.48,1264.7058823529412,1264.7058823529412,1264.7058823529412,2785780.0,2785780.0,2785780.0,120027.0,120027.0,120027.0,0.0,0.0,hard,32,3,10000,10000000,sync_on,hard_p32_w3_i10000_t10000000
17.52,826.9230769230769,826.9230769230769,826.9230769230769,2882916.0,2882916.0,2882916.0,125953.0,125953.0,125953.0,0.0,0.0,hard,32,3,10000,10000000,sync_on,hard_p32_w3_i10000_t10000000
17.54,0.0,0.0,0.0,2765868.0,2765868.0,2765868.0,136450.0,136450.0,136450.0,0.0,0.0,hard,32,3,10000,10000000,sync_on,hard_p32_w3_i10000_t10000000
17.57,1199.6478202931658,1127.450980392157,1271.8446601941748,2858392.0,2846224.0,2870560.0,126728.0,120001.0,133455.0,0.0,0.0,hard,32,3,10000,10000000,sync_on,hard_p32_w3_i10000_t10000000
17.58,1194.1747572815534,1194.1747572815534,1194.1747572815534,2786056.0,2786056.0,2786056.0,120356.0,120356.0,120356.0,0.0,0.0,hard,32,3,10000,10000000,sync_on,hard_p32_w3_i10000_t10000000
17.62,794.1176470588235,794.1176470588235,794.1176470588235,2883236.0,2883236.0,2883236.0,125988.0,125988.0,125988.0,0.0,0.0,hard,32,3,10000,10000000,sync_on,hard_p32_w3_i10000_t10000000
17.65,0.0,0.0,0.0,2765868.0,2765868.0,2765868.0,136450.0,136450.0,136450.0,0.0,0.0,hard,32,3,10000,10000000,sync_on,hard_p32_w3_i10000_t10000000
17.67,862.7450980392157,862.7450980392157,862.7450980392157,2869472.0,2869472.0,2869472.0,132419.0,132419.0,132419.0,0.0,0.0,hard,32,3,10000,10000000,sync_on,hard_p32_w3_i10000_t10000000
17.68,1326.7326732673266,1326.7326732673266,1326.7326732673266,2847232.0,2847232.0,2847232.0,116286.0,116286.0,116286.0,0.0,0.0,hard,32,3,10000,10000000,sync_on,hard_p32_w3_i10000_t10000000
17.69,1349.5145631067962,1349.5145631067962,1349.5145631067962,2786320.0,2786320.0,2786320.0,112610.0,112610.0,112610.0,0.0,0.0,hard,32,3,10000,10000000,sync_on,hard_p32_w3_i10000_t10000000
17.73,611.6504854368933,611.6504854368933,611.6504854368933,2883516.0,2883516.0,2883516.0,126016.0,126016.0,126016.0,0.0,0.0,hard,32,3,10000,10000000,sync_on,hard_p32_w3_i10000_t10000000
17.75,0.0,0.0,0.0,2765868.0,2765868.0,2765868.0,136450.0,136450.0,136450.0,0.0,0.0,hard,32,3,10000,10000000,sync_on,hard_p32_w3_i10000_t10000000
17.77,1269.2307692307693,1269.2307692307693,1269.2307692307693,2869896.0,2869896.0,2869896.0,128446.0,128446.0,128446.0,0.0,0.0,hard,32,3,10000,10000000,sync_on,hard_p32_w3_i10000_t10000000
17.78,1049.0196078431372,1049.0196078431372,1049.0196078431372,2847616.0,2847616.0,2847616.0,118173.0,118173.0,118173.0,0.0,0.0,hard,32,3,10000,10000000,sync_on,hard_p32_w3_i10000_t10000000
17.79,1207.9207920792078,1207.9207920792078,1207.9207920792078,2786728.0,2786728.0,2786728.0,112681.0,112681.0,112681.0,0.0,0.0,hard,32,3,10000,10000000,sync_on,hard_p32_w3_i10000_t10000000
17.83,737.8640776699029,737.8640776699029,737.8640776699029,2883940.0,2883940.0,2883940.0,126386.0,126386.0,126386.0,0.0,0.0,hard,32,3,10000,10000000,sync_on,hard_p32_w3_i10000_t10000000
17.86,0.0,0.0,0.0,2765868.0,2765868.0,2765868.0,136450.0,136450.0,136450.0,0.0,0.0,hard,32,3,10000,10000000,sync_on,hard_p32_w3_i10000_t10000000
17.88,1129.8076923076924,1000.0000000000001,1259.6153846153848,2858444.0,2846688.0,2870200.0,122450.5,116385.0,128516.0,0.0,0.0,hard,32,3,10000,10000000,sync_on,hard_p32_w3_i10000_t10000000
17.89,1127.450980392157,1127.450980392157,1127.450980392157,2787132.0,2787132.0,2787132.0,108963.0,108963.0,108963.0,0.0,0.0,hard,32,3,10000,10000000,sync_on,hard_p32_w3_i10000_t10000000
17.93,514.5631067961166,514.5631067961166,514.5631067961166,2884376.0,2884376.0,2884376.0,127893.0,127893.0,127893.0,0.0,0.0,hard,32,3,10000,10000000,sync_on,hard_p32_w3_i10000_t10000000
17.96,0.0,0.0,0.0,2765868.0,2765868.0,2765868.0,136450.0,136450.0,136450.0,0.0,0.0,hard,32,3,10000,10000000,sync_on,hard_p32_w3_i10000_t10000000
17.98,1189.6420411271897,1148.5148514851485,1230.7692307692307,2858960.0,2846992.0,2870928.0,122507.5,116443.0,128572.0,0.0,0.0,hard,32,3,10000,10000000,sync_on,hard_p32_w3_i10000_t10000000
17.99,1284.3137254901962,1284.3137254901962,1284.3137254901962,2787664.0,2787664.0,2787664.0,109021.0,109021.0,109021.0,0.0,0.0,hard,32,3,10000,10000000,sync_on,hard_p32_w3_i10000_t10000000
18.04,0.0,0.0,0.0,2884376.0,2884376.0,2884376.0,127893.0,127893.0,127893.0,0.0,0.0,hard,32,3,10000,10000000,sync_on,hard_p32_w3_i10000_t10000000
18.06,0.0,0.0,0.0,2765868.0,2765868.0,2765868.0,136450.0,136450.0,136450.0,0.0,0.0,hard,32,3,10000,10000000,sync_on,hard_p32_w3_i10000_t10000000
18.08,1210.7843137254904,1196.0784313725492,1225.4901960784314,2859360.0,2847332.0,2871388.0,122572.5,116516.0,128629.0,0.0,0.0,hard,32,3,10000,10000000,sync_on,hard_p32_w3_i10000_t10000000
18.09,1165.0485436893205,1165.0485436893205,1165.0485436893205,2787952.0,2787952.0,2787952.0,109083.0,109083.0,109083.0,0.0,0.0,hard,32,3,10000,10000000,sync_on,hard_p32_w3_i10000_t10000000
18.14,0.0,0.0,0.0,2884376.0,2884376.0,2884376.0,127893.0,127893.0,127893.0,0.0,0.0,hard,32,3,10000,10000000,sync_on,hard_p32_w3_i10000_t10000000
18.17,0.0,0.0,0.0,2765868.0,2765868.0,2765868.0,136450.0,136450.0,136450.0,0.0,0.0,hard,32,3,10000,10000000,sync_on,hard_p32_w3_i10000_t10000000
18.18,1279.4117647058824,1245.0980392156864,1313.7254901960785,2859884.0,2847812.0,2871956.0,120745.0,112803.0,128687.0,0.0,0.0,hard,32,3,10000,10000000,sync_on,hard_p32_w3_i10000_t10000000
18.2,1365.3846153846155,1365.3846153846155,1365.3846153846155,2788236.0,2788236.0,2788236.0,109153.0,109153.0,109153.0,0.0,0.0,hard,32,3,10000,10000000,sync_on,hard_p32_w3_i10000_t10000000
18.24,0.0,0.0,0.0,2884376.0,2884376.0,2884376.0,127893.0,127893.0,127893.0,0.0,0.0,hard,32,3,10000,10000000,sync_on,hard_p32_w3_i10000_t10000000
18.27,281.55339805825247,281.55339805825247,281.55339805825247,2766120.0,2766120.0,2766120.0,136466.0,136466.0,136466.0,0.0,0.0,hard,32,3,10000,10000000,sync_on,hard_p32_w3_i10000_t10000000
18.29,1313.7254901960787,1284.3137254901962,1343.137254901961,2860530.0,2848632.0,2872428.0,120806.0,112869.0,128743.0,0.0,0.5,hard,32,3,10000,10000000,sync_on,hard_p32_w3_i10000_t10000000
18.3,1098.0392156862745,1098.0392156862745,1098.0392156862745,2788472.0,2788472.0,2788472.0,109224.0,109224.0,109224.0,0.0,0.0,hard,32,3,10000,10000000,sync_on,hard_p32_w3_i10000_t10000000
18.35,0.0,0.0,0.0,2884376.0,2884376.0,2884376.0,127893.0,127893.0,127893.0,0.0,0.0,hard,32,3,10000,10000000,sync_on,hard_p32_w3_i10000_t10000000
18.37,288.46153846153845,288.46153846153845,288.46153846153845,2764408.0,2764408.0,2764408.0,134637.0,134637.0,134637.0,0.0,0.0,hard,32,3,10000,10000000,sync_on,hard_p32_w3_i10000_t10000000
18.39,1161.7647058823532,1058.8235294117649,1264.7058823529412,2861040.0,2849108.0,2872972.0,118979.5,109156.0,128803.0,0.0,0.5,hard,32,3,10000,10000000,sync_on,hard_p32_w3_i10000_t10000000
18.4,1366.3366336633662,1366.3366336633662,1366.3366336633662,2788792.0,2788792.0,2788792.0,109295.0,109295.0,109295.0,0.0,0.0,hard,32,3,10000,10000000,sync_on,hard_p32_w3_i10000_t10000000
18.45,0.0,0.0,0.0,2884376.0,2884376.0,2884376.0,127893.0,127893.0,127893.0,0.0,0.0,hard,32,3,10000,10000000,sync_on,hard_p32_w3_i10000_t10000000
18.48,567.3076923076924,567.3076923076924,567.3076923076924,2764576.0,2764576.0,2764576.0,134670.0,134670.0,134670.0,0.0,0.0,hard,32,3,10000,10000000,sync_on,hard_p32_w3_i10000_t10000000
18.49,1229.8210546354464,1116.504854368932,1343.137254901961,2861378.0,2849308.0,2873448.0,119047.5,109224.0,128871.0,0.0,0.5,hard,32,3,10000,10000000,sync_on,hard_p32_w3_i10000_t10000000
18.5,1298.076923076923,1298.076923076923,1298.076923076923,2789144.0,2789144.0,2789144.0,109359.0,109359.0,109359.0,0.0,0.0,hard,32,3,10000,10000000,sync_on,hard_p32_w3_i10000_t10000000
18.55,0.0,0.0,0.0,2884376.0,2884376.0,2884376.0,127893.0,127893.0,127893.0,0.0,0.0,hard,32,3,10000,10000000,sync_on,hard_p32_w3_i10000_t10000000
18.58,326.92307692307696,326.92307692307696,326.92307692307696,2764716.0,2764716.0,2764716.0,134689.0,134689.0,134689.0,0.0,0.0,hard,32,3,10000,10000000,sync_on,hard_p32_w3_i10000_t10000000
18.59,1206.853038245001,1198.019801980198,1215.686274509804,2861974.0,2849920.0,2874028.0,119119.5,109303.0,128936.0,0.0,0.5,hard,32,3,10000,10000000,sync_on,hard_p32_w3_i10000_t10000000
18.61,1213.5922330097087,1213.5922330097087,1213.5922330097087,2789552.0,2789552.0,2789552.0,111259.0,111259.0,111259.0,0.0,0.0,hard,32,3,10000,10000000,sync_on,hard_p32_w3_i10000_t10000000
18.66,0.0,0.0,0.0,2884376.0,2884376.0,2884376.0,127893.0,127893.0,127893.0,0.0,0.0,hard,32,3,10000,10000000,sync_on,hard_p32_w3_i10000_t10000000
18.68,378.6407766990292,378.6407766990292,378.6407766990292,2764796.0,2764796.0,2764796.0,134716.0,134716.0,134716.0,0.0,0.0,hard,32,3,10000,10000000,sync_on,hard_p32_w3_i10000_t10000000
18.69,1215.686274509804,1215.686274509804,1215.686274509804,2874548.0,2874548.0,2874548.0,129004.0,129004.0,129004.0,0.0,0.0,hard,32,3,10000,10000000,sync_on,hard_p32_w3_i10000_t10000000
18.7,990.1960784313726,990.1960784313726,990.1960784313726,2850360.0,2850360.0,2850360.0,109360.0,109360.0,109360.0,0.0,1.0,hard,32,3,10000,10000000,sync_on,hard_p32_w3_i10000_t10000000
18.71,903.8461538461539,903.8461538461539,903.8461538461539,2788460.0,2788460.0,2788460.0,109466.0,109466.0,109466.0,0.0,0.0,hard,32,3,10000,10000000,sync_on,hard_p32_w3_i10000_t10000000
18.76,631.0679611650486,631.0679611650486,631.0679611650486,2882800.0,2882800.0,2882800.0,126089.0,126089.0,126089.0,0.0,0.0,hard,32,3,10000,10000000,sync_on,hard_p32_w3_i10000_t10000000
18.79,673.0769230769231,673.0769230769231,673.0769230769231,2765024.0,2765024.0,2765024.0,135520.0,135520.0,135520.0,0.0,0.0,hard,32,3,10000,10000000,sync_on,hard_p32_w3_i10000_t10000000
18.8,1224.4907671806586,1203.883495145631,1245.0980392156864,2862850.0,2850648.0,2875052.0,119248.5,109436.0,129061.0,0.0,0.5,hard,32,3,10000,10000000,sync_on,hard_p32_w3_i10000_t10000000
18.82,1262.1359223300972,1262.1359223300972,1262.1359223300972,2788800.0,2788800.0,2788800.0,109527.0,109527.0,109527.0,0.0,0.0,hard,32,3,10000,10000000,sync_on,hard_p32_w3_i10000_t10000000
18.86,423.0769230769231,423.0769230769231,423.0769230769231,2882888.0,2882888.0,2882888.0,126114.0,126114.0,126114.0,0.0,0.0,hard,32,3,10000,10000000,sync_on,hard_p32_w3_i10000_t10000000
18.89,394.2307692307692,394.2307692307692,394.2307692307692,2765476.0,2765476.0,2765476.0,136615.0,136615.0,136615.0,0.0,0.0,hard,32,3,10000,10000000,sync_on,hard_p32_w3_i10000_t10000000
18.9,1214.6868456120312,1203.883495145631,1225.4901960784314,2863138.0,2850848.0,2875428.0,119320.0,109506.0,129134.0,0.0,0.5,hard,32,3,10000,10000000,sync_on,hard_p32_w3_i10000_t10000000
18.92,1392.1568627450981,1392.1568627450981,1392.1568627450981,2789108.0,2789108.0,2789108.0,109588.0,109588.0,109588.0,0.0,0.0,hard,32,3,10000,10000000,sync_on,hard_p32_w3_i10000_t10000000
18.97,417.4757281553398,417.4757281553398,417.4757281553398,2883024.0,2883024.0,2883024.0,126140.0,126140.0,126140.0,0.0,0.0,hard,32,3,10000,10000000,sync_on,hard_p32_w3_i10000_t10000000
19.0,949.6478202931659,407.7669902912622,1225.4901960784314,2830321.3333333335,2763816.0,2875888.0,124547.0,109570.0,134872.0,0.0,0.3333333333333333,hard,32,3,10000,10000000,sync_on,hard_p32_w3_i10000_t10000000
19.02,1247.5247524752474,1247.5247524752474,1247.5247524752474,2789432.0,2789432.0,2789432.0,109657.0,109657.0,109657.0,0.0,0.0,hard,32,3,10000,10000000,sync_on,hard_p32_w3_i10000_t10000000
19.07,475.7281553398058,475.7281553398058,475.7281553398058,2883200.0,2883200.0,2883200.0,126164.0,126164.0,126164.0,0.0,0.0,hard,32,3,10000,10000000,sync_on,hard_p32_w3_i10000_t10000000
19.1,756.975867269985,288.46153846153845,1225.4901960784314,2820160.0,2764028.0,2876292.0,132955.5,129260.0,136651.0,0.0,0.0,hard,32,3,10000,10000000,sync_on,hard_p32_w3_i10000_t10000000
19.11,1137.2549019607843,1137.2549019607843,1137.2549019607843,2851596.0,2851596.0,2851596.0,109637.0,109637.0,109637.0,0.0,0.0,hard,32,3,10000,10000000,sync_on,hard_p32_w3_i10000_t10000000
19.12,1221.1538461538462,1221.1538461538462,1221.1538461538462,2789708.0,2789708.0,2789708.0,109732.0,109732.0,109732.0,0.0,0.0,hard,32,3,10000,10000000,sync_on,hard_p32_w3_i10000_t10000000
19.17,582.5242718446602,582.5242718446602,582.5242718446602,2883512.0,2883512.0,2883512.0,126199.0,126199.0,126199.0,0.0,0.0,hard,32,3,10000,10000000,sync_on,hard_p32_w3_i10000_t10000000
19.2,789.0271493212671,519.2307692307693,1058.8235294117649,2819670.0,2762772.0,2876568.0,132083.5,129332.0,134835.0,0.0,0.0,hard,32,3,10000,10000000,sync_on,hard_p32_w3_i10000_t10000000
19.21,1264.7058823529412,1264.7058823529412,1264.7058823529412,2851856.0,2851856.0,2851856.0,109704.0,109704.0,109704.0,0.0,0.0,hard,32,3,10000,10000000,sync_on,hard_p32_w3_i10000_t10000000
19.22,1158.4158415841584,1158.4158415841584,1158.4158415841584,2789904.0,2789904.0,2789904.0,109801.0,109801.0,109801.0,0.0,0.0,hard,32,3,10000,10000000,sync_on,hard_p32_w3_i10000_t10000000
19.28,509.61538461538464,509.61538461538464,509.61538461538464,2883696.0,2883696.0,2883696.0,126225.0,126225.0,126225.0,0.0,0.0,hard,32,3,10000,10000000,sync_on,hard_p32_w3_i10000_t10000000
19.31,1067.6303781149102,592.2330097087379,1323.5294117647059,2830705.3333333335,2763240.0,2876836.0,124915.33333333333,109772.0,135569.0,0.0,0.0,hard,32,3,10000,10000000,sync_on,hard_p32_w3_i10000_t10000000
19.32,1382.3529411764707,1382.3529411764707,1382.3529411764707,2790292.0,2790292.0,2790292.0,109871.0,109871.0,109871.0,0.0,1.0,hard,32,3,10000,10000000,sync_on,hard_p32_w3_i10000_t10000000
19.38,796.1165048543689,796.1165048543689,796.1165048543689,2883948.0,2883948.0,2883948.0,126275.0,126275.0,126275.0,0.0,0.0,hard,32,3,10000,10000000,sync_on,hard_p32_w3_i10000_t10000000
19.41,925.2136752136753,442.3076923076923,1176.4705882352941,2830954.6666666665,2763520.0,2877088.0,125431.66666666667,110092.0,136726.0,0.0,0.0,hard,32,3,10000,10000000,sync_on,hard_p32_w3_i10000_t10000000
19.43,1039.2156862745098,1039.2156862745098,1039.2156862745098,2790640.0,2790640.0,2790640.0,110204.0,110204.0,110204.0,0.0,1.0,hard,32,3,10000,10000000,sync_on,hard_p32_w3_i10000_t10000000
19.48,509.61538461538464,509.61538461538464,509.61538461538464,2884160.0,2884160.0,2884160.0,126555.0,126555.0,126555.0,0.0,0.0,hard,32,3,10000,10000000,sync_on,hard_p32_w3_i10000_t10000000
19.51,790.8496732026146,0.0,1225.4901960784314,2831234.6666666665,2763520.0,2877444.0,124127.0,106119.0,136726.0,0.0,0.0,hard,32,3,10000,10000000,sync_on,hard_p32_w3_i10000_t10000000
19.53,1099.009900990099,1099.009900990099,1099.009900990099,2790964.0,2790964.0,2790964.0,106234.0,106234.0,106234.0,0.0,1.0,hard,32,3,10000,10000000,sync_on,hard_p32_w3_i10000_t10000000
19.59,165.0485436893204,165.0485436893204,165.0485436893204,2884228.0,2884228.0,2884228.0,126569.0,126569.0,126569.0,0.0,0.0,hard,32,3,10000,10000000,sync_on,hard_p32_w3_i10000_t10000000
19.61,1259.8039215686276,1235.294117647059,1284.3137254901962,2865582.0,2853220.0,2877944.0,116060.0,102407.0,129713.0,0.0,0.0,hard,32,3,10000,10000000,sync_on,hard_p32_w3_i10000_t10000000
19.62,0.0,0.0,0.0,2763520.0,2763520.0,2763520.0,136726.0,136726.0,136726.0,0.0,0.0,hard,32,3,10000,10000000,sync_on,hard_p32_w3_i10000_t10000000
19.63,1137.2549019607843,1137.2549019607843,1137.2549019607843,2791396.0,2791396.0,2791396.0,106301.0,106301.0,106301.0,0.0,1.0,hard,32,3,10000,10000000,sync_on,hard_p32_w3_i10000_t10000000
19.69,417.4757281553398,417.4757281553398,417.4757281553398,2884376.0,2884376.0,2884376.0,122556.0,122556.0,122556.0,0.0,0.0,hard,32,3,10000,10000000,sync_on,hard_p32_w3_i10000_t10000000
19.71,1123.5197049116678,1049.0196078431372,1198.019801980198,2865934.0,2853608.0,2878260.0,114514.5,103155.0,125874.0,0.0,0.0,hard,32,3,10000,10000000,sync_on,hard_p32_w3_i10000_t10000000
19.72,0.0,0.0,0.0,2763520.0,2763520.0,2763520.0,136726.0,136726.0,136726.0,0.0,0.0,hard,32,3,10000,10000000,sync_on,hard_p32_w3_i10000_t10000000
19.73,1048.5436893203885,1048.5436893203885,1048.5436893203885,2791680.0,2791680.0,2791680.0,106365.0,106365.0,106365.0,0.0,1.0,hard,32,3,10000,10000000,sync_on,hard_p32_w3_i10000_t10000000
19.79,553.3980582524272,553.3980582524272,553.3980582524272,2884736.0,2884736.0,2884736.0,122584.0,122584.0,122584.0,0.0,0.0,hard,32,3,10000,10000000,sync_on,hard_p32_w3_i10000_t10000000
19.82,745.0980392156863,0.0,1215.686274509804,2831665.3333333335,2763520.0,2878600.0,121728.66666666667,102521.0,136726.0,0.0,0.0,hard,32,3,10000,10000000,sync_on,hard_p32_w3_i10000_t10000000
19.83,1138.6138613861385,1138.6138613861385,1138.6138613861385,2791888.0,2791888.0,2791888.0,106437.0,106437.0,106437.0,0.0,1.0,hard,32,3,10000,10000000,sync_on,hard_p32_w3_i10000_t10000000
19.9,500.0,500.0,500.0,2885012.0,2885012.0,2885012.0,122609.0,122609.0,122609.0,0.0,0.0,hard,32,3,10000,10000000,sync_on,hard_p32_w3_i10000_t10000000
19.92,1196.078431372549,1176.4705882352941,1215.686274509804,2866112.0,2853164.0,2879060.0,114292.5,102580.0,126005.0,0.0,0.0,hard,32,3,10000,10000000,sync_on,hard_p32_w3_i10000_t10000000
19.93,0.0,0.0,0.0,2763520.0,2763520.0,2763520.0,136726.0,136726.0,136726.0,0.0,0.0,hard,32,3,10000,10000000,sync_on,hard_p32_w3_i10000_t10000000
19.94,1078.4313725490197,1078.4313725490197,1078.4313725490197,2792156.0,2792156.0,2792156.0,106502.0,106502.0,106502.0,0.0,1.0,hard,32,3,10000,10000000,sync_on,hard_p32_w3_i10000_t10000000
20.0,601.9417475728155,601.9417475728155,601.9417475728155,2885200.0,2885200.0,2885200.0,122648.0,122648.0,122648.0,0.0,0.0,hard,32,3,10000,10000000,sync_on,hard_p32_w3_i10000_t10000000
20.02,1205.8823529411766,1068.6274509803923,1343.137254901961,2866512.0,2853540.0,2879484.0,114353.0,102636.0,126070.0,0.0,0.0,hard,32,3,10000,10000000,sync_on,hard_p32_w3_i10000_t10000000
20.03,0.0,0.0,0.0,2763520.0,2763520.0,2763520.0,136726.0,136726.0,136726.0,0.0,0.0,hard,32,3,10000,10000000,sync_on,hard_p32_w3_i10000_t10000000
20.04,1147.058823529412,1147.058823529412,1147.058823529412,2792440.0,2792440.0,2792440.0,106563.0,106563.0,106563.0,0.0,0.0,hard,32,3,10000,10000000,sync_on,hard_p32_w3_i10000_t10000000
20.1,427.1844660194175,427.1844660194175,427.1844660194175,2885380.0,2885380.0,2885380.0,122674.0,122674.0,122674.0,0.0,0.0,hard,32,3,10000,10000000,sync_on,hard_p32_w3_i10000_t10000000
20.12,1316.8665524462212,1274.5098039215686,1359.2233009708739,2866954.0,2853780.0,2880128.0,114414.0,102694.0,126134.0,0.0,0.0,hard,32,3,10000,10000000,sync_on,hard_p32_w3_i10000_t10000000
20.14,578.4313725490197,0.0,1156.8627450980393,2778184.0,2763520.0,2792848.0,121675.0,106624.0,136726.0,0.0,0.0,hard,32,3,10000,10000000,sync_on,hard_p32_w3_i10000_t10000000
20.21,798.0769230769231,798.0769230769231,798.0769230769231,2885708.0,2885708.0,2885708.0,122710.0,122710.0,122710.0,1.0,0.0,hard,32,3,10000,10000000,sync_on,hard_p32_w3_i10000_t10000000
20.23,1294.1176470588236,1245.0980392156864,1343.137254901961,2867538.0,2854344.0,2880732.0,114483.0,102759.0,126207.0,0.0,0.0,hard,32,3,10000,10000000,sync_on,hard_p32_w3_i10000_t10000000
20.24,539.6039603960396,0.0,1079.2079207920792,2778384.0,2763520.0,2793248.0,119949.5,103173.0,136726.0,0.0,0.0,hard,32,3,10000,10000000,sync_on,hard_p32_w3_i10000_t10000000
20.31,563.1067961165049,563.1067961165049,563.1067961165049,2885888.0,2885888.0,2885888.0,122740.0,122740.0,122740.0,0.0,1.0,hard,32,3,10000,10000000,sync_on,hard_p32_w3_i10000_t10000000
20.33,1167.152009318579,1099.009900990099,1235.294117647059,2867850.0,2854660.0,2881040.0,114552.0,102820.0,126284.0,0.0,0.0,hard,32,3,10000,10000000,sync_on,hard_p32_w3_i10000_t10000000
20.34,810.8031674208145,298.0769230769231,1323.5294117647059,2777980.0,2762220.0,2793740.0,117042.5,99190.0,134895.0,0.0,0.0,hard,32,3,10000,10000000,sync_on,hard_p32_w3_i10000_t10000000
20.41,466.0194174757282,466.0194174757282,466.0194174757282,2886168.0,2886168.0,2886168.0,122773.0,122773.0,122773.0,0.0,1.0,hard,32,3,10000,10000000,sync_on,hard_p32_w3_i10000_t10000000
20.43,1352.9411764705883,1313.7254901960785,1392.1568627450981,2868216.0,2855024.0,2881408.0,114624.5,102896.0,126353.0,0.0,0.0,hard,32,3,10000,10000000,sync_on,hard_p32_w3_i10000_t10000000
20.45,846.0403578907292,407.7669902912622,1284.3137254901962,2778196.0,2762376.0,2794016.0,117086.5,99251.0,134922.0,0.0,0.0,hard,32,3,10000,10000000,sync_on,hard_p32_w3_i10000_t10000000
20.52,221.15384615384616,221.15384615384616,221.15384615384616,2886216.0,2886216.0,2886216.0,122783.0,122783.0,122783.0,0.0,1.0,hard,32,3,10000,10000000,sync_on,hard_p32_w3_i10000_t10000000
20.53,1226.7520869734033,1196.0784313725492,1257.4257425742574,2868484.0,2855304.0,2881664.0,114824.5,103226.0,126423.0,0.0,0.0,hard,32,3,10000,10000000,sync_on,hard_p32_w3_i10000_t10000000
20.55,919.2961165048544,625.0,1213.5922330097087,2778508.0,2762604.0,2794412.0,117134.0,99314.0,134954.0,0.0,0.0,hard,32,3,10000,10000000,sync_on,hard_p32_w3_i10000_t10000000
20.62,718.4466019417476,718.4466019417476,718.4466019417476,2886360.0,2886360.0,2886360.0,122822.0,122822.0,122822.0,0.0,1.0,hard,32,3,10000,10000000,sync_on,hard_p32_w3_i10000_t10000000
20.63,1209.7848848277176,1203.883495145631,1215.686274509804,2868844.0,2855708.0,2881980.0,113005.0,99250.0,126760.0,0.0,0.0,hard,32,3,10000,10000000,sync_on,hard_p32_w3_i10000_t10000000
20.65,1366.3366336633662,1366.3366336633662,1366.3366336633662,2794708.0,2794708.0,2794708.0,99380.0,99380.0,99380.0,0.0,0.0,hard,32,3,10000,10000000,sync_on,hard_p32_w3_i10000_t10000000
20.66,653.8461538461539,653.8461538461539,653.8461538461539,2763164.0,2763164.0,2763164.0,134989.0,134989.0,134989.0,0.0,0.0,hard,32,3,10000,10000000,sync_on,hard_p32_w3_i10000_t10000000
20.73,1035.3821015585722,586.5384615384615,1343.137254901961,2874942.6666666665,2855980.0,2886504.0,114983.66666666667,99317.0,122850.0,0.0,0.3333333333333333,hard,32,3,10000,10000000,sync_on,hard_p32_w3_i10000_t10000000
20.75,1264.7058823529412,1264.7058823529412,1264.7058823529412,2794924.0,2794924.0,2794924.0,100745.0,100745.0,100745.0,0.0,0.0,hard,32,3,10000,10000000,sync_on,hard_p32_w3_i10000_t10000000
20.76,621.3592233009709,621.3592233009709,621.3592233009709,2763528.0,2763528.0,2763528.0,135014.0,135014.0,135014.0,0.0,0.0,hard,32,3,10000,10000000,sync_on,hard_p32_w3_i10000_t10000000
20.83,485.4368932038835,485.4368932038835,485.4368932038835,2886736.0,2886736.0,2886736.0,122877.0,122877.0,122877.0,0.0,1.0,hard,32,3,10000,10000000,sync_on,hard_p32_w3_i10000_t10000000
20.84,1111.236802413273,1068.6274509803923,1153.8461538461538,2869602.0,2856332.0,2882872.0,111958.0,99372.0,124544.0,0.0,0.0,hard,32,3,10000,10000000,sync_on,hard_p32_w3_i10000_t10000000
20.85,931.372549019608,931.372549019608,931.372549019608,2793524.0,2793524.0,2793524.0,99485.0,99485.0,99485.0,0.0,0.0,hard,32,3,10000,10000000,sync_on,hard_p32_w3_i10000_t10000000
20.86,471.1538461538462,471.1538461538462,471.1538461538462,2763716.0,2763716.0,2763716.0,135068.0,135068.0,135068.0,0.0,0.0,hard,32,3,10000,10000000,sync_on,hard_p32_w3_i10000_t10000000
20.93,417.4757281553398,417.4757281553398,417.4757281553398,2886888.0,2886888.0,2886888.0,122904.0,122904.0,122904.0,0.0,1.0,hard,32,3,10000,10000000,sync_on,hard_p32_w3_i10000_t10000000
20.94,993.6420112599496,702.9702970297029,1284.3137254901962,2869074.0,2856724.0,2881424.0,111632.5,99437.0,123828.0,0.0,0.0,hard,32,3,10000,10000000,sync_on,hard_p32_w3_i10000_t10000000
20.95,1118.8118811881188,1118.8118811881188,1118.8118811881188,2793940.0,2793940.0,2793940.0,99542.0,99542.0,99542.0,0.0,0.0,hard,32,3,10000,10000000,sync_on,hard_p32_w3_i10000_t10000000
20.96,495.1456310679612,495.1456310679612,495.1456310679612,2764096.0,2764096.0,2764096.0,136908.0,136908.0,136908.0,0.0,0.0,hard,32,3,10000,10000000,sync_on,hard_p32_w3_i10000_t10000000
21.04,835.9728506787329,596.1538461538462,1098.0392156862745,2874757.3333333335,2857044.0,2887116.0,115388.33333333333,100335.0,122935.0,0.0,0.3333333333333333,hard,32,3,10000,10000000,sync_on,hard_p32_w3_i10000_t10000000
21.06,1213.5922330097087,1213.5922330097087,1213.5922330097087,2794392.0,2794392.0,2794392.0,99595.0,99595.0,99595.0,0.0,0.0,hard,32,3,10000,10000000,sync_on,hard_p32_w3_i10000_t10000000
21.07,67.3076923076923,67.3076923076923,67.3076923076923,2764116.0,2764116.0,2764116.0,136908.0,136908.0,136908.0,0.0,0.0,hard,32,3,10000,10000000,sync_on,hard_p32_w3_i10000_t10000000
21.14,918.5916960759909,737.8640776699029,1086.5384615384617,2874625.3333333335,2855908.0,2887340.0,115156.66666666667,99530.0,122981.0,0.0,0.3333333333333333,hard,32,3,10000,10000000,sync_on,hard_p32_w3_i10000_t10000000
21.16,1254.9019607843138,1254.9019607843138,1254.9019607843138,2794996.0,2794996.0,2794996.0,101044.0,101044.0,101044.0,0.0,0.0,hard,32,3,10000,10000000,sync_on,hard_p32_w3_i10000_t10000000
21.17,0.0,0.0,0.0,2764116.0,2764116.0,2764116.0,136908.0,136908.0,136908.0,0.0,0.0,hard,32,3,10000,10000000,sync_on,hard_p32_w3_i10000_t10000000
21.24,875.997308468711,524.2718446601942,1227.7227722772277,2872020.0,2856528.0,2887512.0,111305.0,99594.0,123016.0,0.0,0.5,hard,32,3,10000,10000000,sync_on,hard_p32_w3_i10000_t10000000
21.25,1257.4257425742574,1257.4257425742574,1257.4257425742574,2880876.0,2880876.0,2880876.0,123028.0,123028.0,123028.0,0.0,0.0,hard,32,3,10000,10000000,sync_on,hard_p32_w3_i10000_t10000000
21.26,752.4752475247524,752.4752475247524,752.4752475247524,2794000.0,2794000.0,2794000.0,99954.0,99954.0,99954.0,0.0,0.0,hard,32,3,10000,10000000,sync_on,hard_p32_w3_i10000_t10000000
21.28,0.0,0.0,0.0,2764116.0,2764116.0,2764116.0,136908.0,136908.0,136908.0,0.0,0.0,hard,32,3,10000,10000000,sync_on,hard_p32_w3_i10000_t10000000
21.34,539.2156862745098,539.2156862745098,539.2156862745098,2887832.0,2887832.0,2887832.0,123047.0,123047.0,123047.0,0.0,1.0,hard,32,3,10000,10000000,sync_on,hard_p32_w3_i10000_t10000000
21.35,1194.6982676565772,1107.843137254902,1281.5533980582525,2869266.0,2857040.0,2881492.0,109484.0,95878.0,123090.0,0.0,0.0,hard,32,3,10000,10000000,sync_on,hard_p32_w3_i10000_t10000000
21.36,1245.0980392156864,1245.0980392156864,1245.0980392156864,2794428.0,2794428.0,2794428.0,95989.0,95989.0,95989.0,0.0,0.0,hard,32,3,10000,10000000,sync_on,hard_p32_w3_i10000_t10000000
21.38,0.0,0.0,0.0,2764116.0,2764116.0,2764116.0,136908.0,136908.0,136908.0,0.0,0.0,hard,32,3,10000,10000000,sync_on,hard_p32_w3_i10000_t10000000
21.45,1035.1935646053294,615.3846153846154,1264.7058823529412,2875866.6666666665,2857596.0,2888004.0,114060.66666666667,95948.0,123157.0,0.0,0.3333333333333333,hard,32,3,10000,10000000,sync_on,hard_p32_w3_i10000_t10000000
21.46,1297.029702970297,1297.029702970297,1297.029702970297,2795052.0,2795052.0,2795052.0,96055.0,96055.0,96055.0,0.0,0.0,hard,32,3,10000,10000000,sync_on,hard_p32_w3_i10000_t10000000
21.48,0.0,0.0,0.0,2764116.0,2764116.0,2764116.0,136908.0,136908.0,136908.0,0.0,0.0,hard,32,3,10000,10000000,sync_on,hard_p32_w3_i10000_t10000000
21.55,1062.7577891998224,621.3592233009709,1392.1568627450981,2876236.0,2857932.0,2888292.0,114119.0,96021.0,123223.0,0.0,0.3333333333333333,hard,32,3,10000,10000000,sync_on,hard_p32_w3_i10000_t10000000
21.57,1144.2307692307693,1144.2307692307693,1144.2307692307693,2795444.0,2795444.0,2795444.0,96110.0,96110.0,96110.0,0.0,0.0,hard,32,3,10000,10000000,sync_on,hard_p32_w3_i10000_t10000000
21.59,0.0,0.0,0.0,2764116.0,2764116.0,2764116.0,136908.0,136908.0,136908.0,0.0,0.0,hard,32,3,10000,10000000,sync_on,hard_p32_w3_i10000_t10000000
21.65,849.990481629545,601.9417475728155,1098.0392156862745,2873380.0,2858176.0,2888584.0,109613.5,96081.0,123146.0,0.0,0.0,hard,32,3,10000,10000000,sync_on,hard_p32_w3_i10000_t10000000
21.66,1116.504854368932,1116.504854368932,1116.504854368932,2882928.0,2882928.0,2882928.0,123277.0,123277.0,123277.0,0.0,0.0,hard,32,3,10000,10000000,sync_on,hard_p32_w3_i10000_t10000000
21.67,1186.2745098039215,1186.2745098039215,1186.2745098039215,2795736.0,2795736.0,2795736.0,96177.0,96177.0,96177.0,0.0,0.0,hard,32,3,10000,10000000,sync_on,hard_p32_w3_i10000_t10000000
21.69,0.0,0.0,0.0,2764116.0,2764116.0,2764116.0,136908.0,136908.0,136908.0,0.0,0.0,hard,32,3,10000,10000000,sync_on,hard_p32_w3_i10000_t10000000
21.75,1237.6237623762374,1237.6237623762374,1237.6237623762374,2858524.0,2858524.0,2858524.0,96148.0,96148.0,96148.0,0.0,0.0,hard,32,3,10000,10000000,sync_on,hard_p32_w3_i10000_t10000000
21.76,1040.9125188536955,826.9230769230769,1254.9019607843138,2886128.0,2883468.0,2888788.0,123262.5,123188.0,123337.0,0.0,0.0,hard,32,3,10000,10000000,sync_on,hard_p32_w3_i10000_t10000000
21.77,1343.137254901961,1343.137254901961,1343.137254901961,2796152.0,2796152.0,2796152.0,96245.0,96245.0,96245.0,0.0,0.0,hard,32,3,10000,10000000,sync_on,hard_p32_w3_i10000_t10000000
21.79,0.0,0.0,0.0,2764116.0,2764116.0,2764116.0,136908.0,136908.0,136908.0,0.0,0.0,hard,32,3,10000,10000000,sync_on,hard_p32_w3_i10000_t10000000
21.86,1041.4482624733062,683.1683168316831,1323.5294117647059,2877173.3333333335,2858840.0,2888976.0,114284.0,96226.0,123401.0,0.0,0.0,hard,32,3,10000,10000000,sync_on,hard_p32_w3_i10000_t10000000
21.87,1284.3137254901962,1284.3137254901962,1284.3137254901962,2796576.0,2796576.0,2796576.0,96313.0,96313.0,96313.0,0.0,0.0,hard,32,3,10000,10000000,sync_on,hard_p32_w3_i10000_t10000000
21.9,105.76923076923077,105.76923076923077,105.76923076923077,2764400.0,2764400.0,2764400.0,136916.0,136916.0,136916.0,0.0,0.0,hard,32,3,10000,10000000,sync_on,hard_p32_w3_i10000_t10000000
21.96,1133.2571863696935,941.747572815534,1281.5533980582525,2877504.0,2859268.0,2889220.0,114819.66666666667,97722.0,123468.0,0.0,0.0,hard,32,3,10000,10000000,sync_on,hard_p32_w3_i10000_t10000000
21.98,1235.294117647059,1235.294117647059,1235.294117647059,2796904.0,2796904.0,2796904.0,96368.0,96368.0,96368.0,0.0,0.0,hard,32,3,10000,10000000,sync_on,hard_p32_w3_i10000_t10000000
22.0,432.69230769230774,432.69230769230774,432.69230769230774,2762708.0,2762708.0,2762708.0,135095.0,135095.0,135095.0,0.0,0.0,hard,32,3,10000,10000000,sync_on,hard_p32_w3_i10000_t10000000
22.06,993.8765150072976,823.529411764706,1284.3137254901962,2877248.0,2857556.0,2889568.0,114385.66666666667,96325.0,123530.0,0.0,0.0,hard,32,3,10000,10000000,sync_on,hard_p32_w3_i10000_t10000000
22.08,1247.5247524752474,1247.5247524752474,1247.5247524752474,2797472.0,2797472.0,2797472.0,96433.0,96433.0,96433.0,0.0,0.0,hard,32,3,10000,10000000,sync_on,hard_p32_w3_i10000_t10000000
22.11,699.0291262135922,699.0291262135922,699.0291262135922,2763212.0,2763212.0,2763212.0,135136.0,135136.0,135136.0,0.0,0.0,hard,32,3,10000,10000000,sync_on,hard_p32_w3_i10000_t10000000
22.16,1284.3137254901962,1284.3137254901962,1284.3137254901962,2857964.0,2857964.0,2857964.0,96393.0,96393.0,96393.0,0.0,0.0,hard,32,3,10000,10000000,sync_on,hard_p32_w3_i10000_t10000000
22.17,1040.453074433657,747.5728155339806,1333.3333333333335,2887492.0,2885188.0,2889796.0,123471.0,123350.0,123592.0,0.0,0.0,hard,32,3,10000,10000000,sync_on,hard_p32_w3_i10000_t10000000
22.18,1211.5384615384617,1211.5384615384617,1211.5384615384617,2798020.0,2798020.0,2798020.0,96496.0,96496.0,96496.0,0.0,0.0,hard,32,3,10000,10000000,sync_on,hard_p32_w3_i10000_t10000000
22.21,836.5384615384615,836.5384615384615,836.5384615384615,2763524.0,2763524.0,2763524.0,135179.0,135179.0,135179.0,0.0,0.0,hard,32,3,10000,10000000,sync_on,hard_p32_w3_i10000_t10000000
22.26,1158.4158415841584,1158.4158415841584,1158.4158415841584,2858376.0,2858376.0,2858376.0,96454.0,96454.0,96454.0,0.0,0.0,hard,32,3,10000,10000000,sync_on,hard_p32_w3_i10000_t10000000
22.27,845.5154338963308,485.1485148514851,1205.8823529411766,2887810.0,2885692.0,2889928.0,123514.0,123375.0,123653.0,0.0,0.0,hard,32,3,10000,10000000,sync_on,hard_p32_w3_i10000_t10000000
22.28,1267.3267326732673,1267.3267326732673,1267.3267326732673,2798284.0,2798284.0,2798284.0,96561.0,96561.0,96561.0,0.0,0.0,hard,32,3,10000,10000000,sync_on,hard_p32_w3_i10000_t10000000
22.31,776.6990291262136,776.6990291262136,776.6990291262136,2763860.0,2763860.0,2763860.0,135220.0,135220.0,135220.0,0.0,0.0,hard,32,3,10000,10000000,sync_on,hard_p32_w3_i10000_t10000000
22.37,943.8788335847161,586.5384615384615,1156.8627450980393,2878433.3333333335,2859020.0,2890176.0,115158.66666666667,96519.0,125550.0,0.0,0.0,hard,32,3,10000,10000000,sync_on,hard_p32_w3_i10000_t10000000
22.38,1274.5098039215686,1274.5098039215686,1274.5098039215686,2798800.0,2798800.0,2798800.0,96631.0,96631.0,96631.0,0.0,0.0,hard,32,3,10000,10000000,sync_on,hard_p32_w3_i10000_t10000000
22.41,631.0679611650486,631.0679611650486,631.0679611650486,2764280.0,2764280.0,2764280.0,135256.0,135256.0,135256.0,0.0,0.0,hard,32,3,10000,10000000,sync_on,hard_p32_w3_i10000_t10000000
22.47,1075.033973985634,843.1372549019609,1306.930693069307,2872186.0,2859528.0,2884844.0,110161.5,96583.0,123740.0,0.0,0.0,hard,32,3,10000,10000000,sync_on,hard_p32_w3_i10000_t10000000
22.48,1001.1897963068724,757.2815533980583,1245.0980392156864,2844908.0,2799244.0,2890572.0,110064.5,96684.0,123445.0,0.0,0.0,hard,32,3,10000,10000000,sync_on,hard_p32_w3_i10000_t10000000
22.52,394.2307692307692,394.2307692307692,394.2307692307692,2764356.0,2764356.0,2764356.0,135271.0,135271.0,135271.0,0.0,0.0,hard,32,3,10000,10000000,sync_on,hard_p32_w3_i10000_t10000000
22.57,1206.9015725101922,1205.8823529411766,1207.9207920792078,2872712.0,2860108.0,2885316.0,110222.0,96642.0,123802.0,0.0,0.0,hard,32,3,10000,10000000,sync_on,hard_p32_w3_i10000_t10000000
22.58,1291.2621359223301,1291.2621359223301,1291.2621359223301,2891008.0,2891008.0,2891008.0,123502.0,123502.0,123502.0,0.0,0.0,hard,32,3,10000,10000000,sync_on,hard_p32_w3_i10000_t10000000
22.59,1158.4158415841584,1158.4158415841584,1158.4158415841584,2799604.0,2799604.0,2799604.0,96750.0,96750.0,96750.0,0.0,0.0,hard,32,3,10000,10000000,sync_on,hard_p32_w3_i10000_t10000000
22.62,388.3495145631068,388.3495145631068,388.3495145631068,2764448.0,2764448.0,2764448.0,135293.0,135293.0,135293.0,0.0,0.0,hard,32,3,10000,10000000,sync_on,hard_p32_w3_i10000_t10000000
22.67,1225.4901960784314,1225.4901960784314,1225.4901960784314,2860556.0,2860556.0,2860556.0,96704.0,96704.0,96704.0,0.0,0.0,hard,32,3,10000,10000000,sync_on,hard_p32_w3_i10000_t10000000
22.68,860.0323624595469,553.3980582524272,1166.6666666666667,2888502.0,2885868.0,2891136.0,123704.0,123536.0,123872.0,0.0,0.0,hard,32,3,10000,10000000,sync_on,hard_p32_w3_i10000_t10000000
22.69,1176.4705882352941,1176.4705882352941,1176.4705882352941,2800012.0,2800012.0,2800012.0,96807.0,96807.0,96807.0,0.0,0.0,hard,32,3,10000,10000000,sync_on,hard_p32_w3_i10000_t10000000
22.73,461.53846153846155,461.53846153846155,461.53846153846155,2764652.0,2764652.0,2764652.0,135328.0,135328.0,135328.0,0.0,0.0,hard,32,3,10000,10000000,sync_on,hard_p32_w3_i10000_t10000000
22.77,1237.6237623762374,1237.6237623762374,1237.6237623762374,2860992.0,2860992.0,2860992.0,96767.0,96767.0,96767.0,0.0,0.0,hard,32,3,10000,10000000,sync_on,hard_p32_w3_i10000_t10000000
22.78,995.9071007043594,834.9514563106796,1156.8627450980393,2888824.0,2886284.0,2891364.0,123753.0,123574.0,123932.0,0.0,0.0,hard,32,3,10000,10000000,sync_on,hard_p32_w3_i10000_t10000000
22.79,1209.5238095238096,1209.5238095238096,1209.5238095238096,2800288.0,2800288.0,2800288.0,96876.0,96876.0,96876.0,0.0,0.0,hard,32,3,10000,10000000,sync_on,hard_p32_w3_i10000_t10000000
22.83,673.0769230769231,673.0769230769231,673.0769230769231,2765036.0,2765036.0,2765036.0,135361.0,135361.0,135361.0,0.0,0.0,hard,32,3,10000,10000000,sync_on,hard_p32_w3_i10000_t10000000
22.87,1235.294117647059,1235.294117647059,1235.294117647059,2861468.0,2861468.0,2861468.0,96843.0,96843.0,96843.0,0.0,0.0,hard,32,3,10000,10000000,sync_on,hard_p32_w3_i10000_t10000000
22.88,1264.7058823529412,1264.7058823529412,1264.7058823529412,2886592.0,2886592.0,2886592.0,123997.0,123997.0,123997.0,0.0,0.0,hard,32,3,10000,10000000,sync_on,hard_p32_w3_i10000_t10000000
22.89,721.1538461538462,721.1538461538462,721.1538461538462,2891776.0,2891776.0,2891776.0,123877.0,123877.0,123877.0,0.0,0.0,hard,32,3,10000,10000000,sync_on,hard_p32_w3_i10000_t10000000
22.9,1182.6923076923078,1182.6923076923078,1182.6923076923078,2800700.0,2800700.0,2800700.0,96945.0,96945.0,96945.0,0.0,0.0,hard,32,3,10000,10000000,sync_on,hard_p32_w3_i10000_t10000000
22.93,398.05825242718447,398.05825242718447,398.05825242718447,2765188.0,2765188.0,2765188.0,135385.0,135385.0,135385.0,0.0,0.0,hard,32,3,10000,10000000,sync_on,hard_p32_w3_i10000_t10000000
22.98,1144.6778711484594,1127.450980392157,1161.904761904762,2874314.0,2861836.0,2886792.0,110484.5,96902.0,124067.0,0.0,0.0,hard,32,3,10000,10000000,sync_on,hard_p32_w3_i10000_t10000000
22.99,563.1067961165049,563.1067961165049,563.1067961165049,2892088.0,2892088.0,2892088.0,119861.0,119861.0,119861.0,0.0,0.0,hard,32,3,10000,10000000,sync_on,hard_p32_w3_i10000_t10000000
23.0,1039.2156862745098,1039.2156862745098,1039.2156862745098,2801152.0,2801152.0,2801152.0,97004.0,97004.0,97004.0,0.0,0.0,hard,32,3,10000,10000000,sync_on,hard_p32_w3_i10000_t10000000
23.04,423.0769230769231,423.0769230769231,423.0769230769231,2765264.0,2765264.0,2765264.0,135413.0,135413.0,135413.0,0.0,0.0,hard,32,3,10000,10000000,sync_on,hard_p32_w3_i10000_t10000000
23.08,1250.485342651912,1099.009900990099,1401.9607843137255,2874806.0,2862156.0,2887456.0,110676.5,96955.0,124398.0,0.0,0.0,hard,32,3,10000,10000000,sync_on,hard_p32_w3_i10000_t10000000
23.09,689.3203883495146,689.3203883495146,689.3203883495146,2892300.0,2892300.0,2892300.0,119901.0,119901.0,119901.0,0.0,0.0,hard,32,3,10000,10000000,sync_on,hard_p32_w3_i10000_t10000000
23.1,1118.8118811881188,1118.8118811881188,1118.8118811881188,2801344.0,2801344.0,2801344.0,97070.0,97070.0,97070.0,0.0,0.0,hard,32,3,10000,10000000,sync_on,hard_p32_w3_i10000_t10000000
23.14,398.05825242718447,398.05825242718447,398.05825242718447,2765636.0,2765636.0,2765636.0,135427.0,135427.0,135427.0,0.0,0.0,hard,32,3,10000,10000000,sync_on,hard_p32_w3_i10000_t10000000
23.18,1282.5052351037502,1196.0784313725492,1368.9320388349515,2875410.0,2862772.0,2888048.0,108713.0,97009.0,120417.0,0.0,0.0,hard,32,3,10000,10000000,sync_on,hard_p32_w3_i10000_t10000000
23.2,874.7858366647631,543.6893203883495,1205.8823529411766,2847056.0,2801708.0,2892404.0,108528.5,97136.0,119921.0,0.0,0.0,hard,32,3,10000,10000000,sync_on,hard_p32_w3_i10000_t10000000
23.24,451.92307692307696,451.92307692307696,451.92307692307696,2765712.0,2765712.0,2765712.0,135452.0,135452.0,135452.0,0.0,0.0,hard,32,3,10000,10000000,sync_on,hard_p32_w3_i10000_t10000000
23.29,1260.9202096680256,1227.7227722772277,1294.1176470588236,2875796.0,2863144.0,2888448.0,106927.5,97067.0,116788.0,0.0,0.0,hard,32,3,10000,10000000,sync_on,hard_p32_w3_i10000_t10000000
23.3,1191.1288787359606,1009.7087378640778,1372.5490196078433,2847428.0,2802172.0,2892684.0,108580.5,97194.0,119967.0,0.0,0.0,hard,32,3,10000,10000000,sync_on,hard_p32_w3_i10000_t10000000
23.35,679.6116504854369,679.6116504854369,679.6116504854369,2766036.0,2766036.0,2766036.0,135492.0,135492.0,135492.0,0.0,0.0,hard,32,3,10000,10000000,sync_on,hard_p32_w3_i10000_t10000000
23.39,1231.7511162880992,1186.2745098039215,1277.227722772277,2876132.0,2863388.0,2888876.0,105067.5,97142.0,112993.0,0.0,0.0,hard,32,3,10000,10000000,sync_on,hard_p32_w3_i10000_t10000000
23.4,533.9805825242719,533.9805825242719,533.9805825242719,2892860.0,2892860.0,2892860.0,116228.0,116228.0,116228.0,0.0,0.0,hard,32,3,10000,10000000,sync_on,hard_p32_w3_i10000_t10000000
23.41,1386.1386138613861,1386.1386138613861,1386.1386138613861,2802712.0,2802712.0,2802712.0,97260.0,97260.0,97260.0,0.0,0.0,hard,32,3,10000,10000000,sync_on,hard_p32_w3_i10000_t10000000
23.45,557.6923076923077,557.6923076923077,557.6923076923077,2766268.0,2766268.0,2766268.0,135758.0,135758.0,135758.0,0.0,0.0,hard,32,3,10000,10000000,sync_on,hard_p32_w3_i10000_t10000000
23.49,1115.5731523378583,1019.6078431372549,1211.5384615384617,2876598.0,2863976.0,2889220.0,104153.0,99025.0,109281.0,0.0,0.0,hard,32,3,10000,10000000,sync_on,hard_p32_w3_i10000_t10000000
23.51,946.6019417475729,621.3592233009709,1271.8446601941748,2848012.0,2802960.0,2893064.0,106792.5,97331.0,116254.0,0.0,0.0,hard,32,3,10000,10000000,sync_on,hard_p32_w3_i10000_t10000000
23.55,786.4077669902913,786.4077669902913,786.4077669902913,2766820.0,2766820.0,2766820.0,137394.0,137394.0,137394.0,0.0,0.0,hard,32,3,10000,10000000,sync_on,hard_p32_w3_i10000_t10000000
23.59,465.686274509804,0.0,931.372549019608,2876774.0,2863976.0,2889572.0,104832.5,99025.0,110640.0,0.0,0.0,hard,32,3,10000,10000000,sync_on,hard_p32_w3_i10000_t10000000
23.61,890.3681630298952,572.8155339805826,1207.9207920792078,2848208.0,2803216.0,2893200.0,107363.5,98448.0,116279.0,0.0,0.0,hard,32,3,10000,10000000,sync_on,hard_p32_w3_i10000_t10000000
23.66,278.84615384615387,278.84615384615387,278.84615384615387,2765248.0,2765248.0,2765248.0,135564.0,135564.0,135564.0,0.0,0.0,hard,32,3,10000,10000000,sync_on,hard_p32_w3_i10000_t10000000
23.69,0.0,0.0,0.0,2863976.0,2863976.0,2863976.0,99025.0,99025.0,99025.0,0.0,0.0,hard,32,3,10000,10000000,sync_on,hard_p32_w3_i10000_t10000000
23.7,1254.9019607843138,1254.9019607843138,1254.9019607843138,2888728.0,2888728.0,2888728.0,109440.0,109440.0,109440.0,0.0,0.0,hard,32,3,10000,10000000,sync_on,hard_p32_w3_i10000_t10000000
23.71,589.6493212669684,355.7692307692308,823.529411764706,2847460.0,2801620.0,2893300.0,106860.0,97421.0,116299.0,0.0,0.0,hard,32,3,10000,10000000,sync_on,hard_p32_w3_i10000_t10000000
23.76,485.4368932038835,485.4368932038835,485.4368932038835,2765428.0,2765428.0,2765428.0,135591.0,135591.0,135591.0,0.0,0.0,hard,32,3,10000,10000000,sync_on,hard_p32_w3_i10000_t10000000
23.8,588.2352941176471,0.0,1176.4705882352941,2876510.0,2863976.0,2889044.0,105273.0,99025.0,111521.0,0.0,0.5,hard,32,3,10000,10000000,sync_on,hard_p32_w3_i10000_t10000000
23.81,1245.0980392156864,1245.0980392156864,1245.0980392156864,2802008.0,2802008.0,2802008.0,97480.0,97480.0,97480.0,0.0,0.0,hard,32,3,10000,10000000,sync_on,hard_p32_w3_i10000_t10000000
23.82,844.6601941747573,844.6601941747573,844.6601941747573,2893560.0,2893560.0,2893560.0,112583.0,112583.0,112583.0,0.0,0.0,hard,32,3,10000,10000000,sync_on,hard_p32_w3_i10000_t10000000
23.86,500.0,500.0,500.0,2765724.0,2765724.0,2765724.0,131844.0,131844.0,131844.0,0.0,0.0,hard,32,3,10000,10000000,sync_on,hard_p32_w3_i10000_t10000000
23.9,426.47058823529414,0.0,852.9411764705883,2876634.0,2863976.0,2889292.0,106053.0,99025.0,113081.0,0.0,0.5,hard,32,3,10000,10000000,sync_on,hard_p32_w3_i10000_t10000000
23.91,1227.7227722772277,1227.7227722772277,1227.7227722772277,2802332.0,2802332.0,2802332.0,97551.0,97551.0,97551.0,0.0,0.0,hard,32,3,10000,10000000,sync_on,hard_p32_w3_i10000_t10000000
23.92,825.242718446602,825.242718446602,825.242718446602,2893816.0,2893816.0,2893816.0,112636.0,112636.0,112636.0,0.0,0.0,hard,32,3,10000,10000000,sync_on,hard_p32_w3_i10000_t10000000
23.97,500.0,500.0,500.0,2766084.0,2766084.0,2766084.0,131874.0,131874.0,131874.0,0.0,0.0,hard,32,3,10000,10000000,sync_on,hard_p32_w3_i10000_t10000000
24.0,306.9306930693069,0.0,613.8613861386139,2876736.0,2863976.0,2889496.0,106564.5,99025.0,114104.0,0.0,0.5,hard,32,3,10000,10000000,sync_on,hard_p32_w3_i10000_t10000000
24.02,944.6644042232278,644.2307692307693,1245.0980392156864,2848400.0,2802708.0,2894092.0,105143.0,97619.0,112667.0,0.0,0.0,hard,32,3,10000,10000000,sync_on,hard_p32_w3_i10000_t10000000
24.07,766.990291262136,766.990291262136,766.990291262136,2766432.0,2766432.0,2766432.0,131912.0,131912.0,131912.0,0.0,0.0,hard,32,3,10000,10000000,sync_on,hard_p32_w3_i10000_t10000000
24.1,941.747572815534,941.747572815534,941.747572815534,2886952.0,2886952.0,2886952.0,105803.0,105803.0,105803.0,0.0,1.0,hard,32,3,10000,10000000,sync_on,hard_p32_w3_i10000_t10000000
24.11,0.0,0.0,0.0,2863976.0,2863976.0,2863976.0,99025.0,99025.0,99025.0,0.0,0.0,hard,32,3,10000,10000000,sync_on,hard_p32_w3_i10000_t10000000
24.12,1343.137254901961,1343.137254901961,1343.137254901961,2803140.0,2803140.0,2803140.0,97685.0,97685.0,97685.0,0.0,0.0,hard,32,3,10000,10000000,sync_on,hard_p32_w3_i10000_t10000000
24.13,582.5242718446602,582.5242718446602,582.5242718446602,2894268.0,2894268.0,2894268.0,112692.0,112692.0,112692.0,0.0,0.0,hard,32,3,10000,10000000,sync_on,hard_p32_w3_i10000_t10000000
24.18,538.4615384615385,538.4615384615385,538.4615384615385,2766572.0,2766572.0,2766572.0,131939.0,131939.0,131939.0,0.0,0.0,hard,32,3,10000,10000000,sync_on,hard_p32_w3_i10000_t10000000
24.21,475.7281553398058,0.0,951.4563106796116,2876450.0,2863976.0,2888924.0,102444.0,99025.0,105863.0,0.0,0.5,hard,32,3,10000,10000000,sync_on,hard_p32_w3_i10000_t10000000
24.22,1323.5294117647059,1323.5294117647059,1323.5294117647059,2803524.0,2803524.0,2803524.0,97759.0,97759.0,97759.0,0.0,0.0,hard,32,3,10000,10000000,sync_on,hard_p32_w3_i10000_t10000000
24.23,750.0,750.0,750.0,2894496.0,2894496.0,2894496.0,109657.0,109657.0,109657.0,0.0,0.0,hard,32,3,10000,10000000,sync_on,hard_p32_w3_i10000_t10000000
24.28,504.8543689320389,504.8543689320389,504.8543689320389,2767064.0,2767064.0,2767064.0,131978.0,131978.0,131978.0,0.0,0.0,hard,32,3,10000,10000000,sync_on,hard_p32_w3_i10000_t10000000
24.31,673.1712006152071,9.708737864077671,1336.6336633663366,2877004.0,2863976.0,2890032.0,102477.0,99025.0,105929.0,0.0,0.0,hard,32,3,10000,10000000,sync_on,hard_p32_w3_i10000_t10000000
24.32,1235.294117647059,1235.294117647059,1235.294117647059,2803824.0,2803824.0,2803824.0,97828.0,97828.0,97828.0,0.0,0.0,hard,32,3,10000,10000000,sync_on,hard_p32_w3_i10000_t10000000
24.33,466.0194174757282,466.0194174757282,466.0194174757282,2894772.0,2894772.0,2894772.0,110819.0,110819.0,110819.0,0.0,0.0,hard,32,3,10000,10000000,sync_on,hard_p32_w3_i10000_t10000000
24.38,538.4615384615385,538.4615384615385,538.4615384615385,2767340.0,2767340.0,2767340.0,132002.0,132002.0,132002.0,0.0,0.0,hard,32,3,10000,10000000,sync_on,hard_p32_w3_i10000_t10000000
24.41,1303.921568627451,1303.921568627451,1303.921568627451,2890640.0,2890640.0,2890640.0,106009.0,106009.0,106009.0,0.0,0.0,hard,32,3,10000,10000000,sync_on,hard_p32_w3_i10000_t10000000
24.42,384.61538461538464,384.61538461538464,384.61538461538464,2862332.0,2862332.0,2862332.0,97201.0,97201.0,97201.0,0.0,0.0,hard,32,3,10000,10000000,sync_on,hard_p32_w3_i10000_t10000000
24.43,1201.923076923077,1201.923076923077,1201.923076923077,2804056.0,2804056.0,2804056.0,97891.0,97891.0,97891.0,0.0,0.0,hard,32,3,10000,10000000,sync_on,hard_p32_w3_i10000_t10000000
24.44,446.6019417475728,446.6019417475728,446.6019417475728,2893284.0,2893284.0,2893284.0,108990.0,108990.0,108990.0,0.0,0.0,hard,32,3,10000,10000000,sync_on,hard_p32_w3_i10000_t10000000
24.49,572.8155339805826,572.8155339805826,572.8155339805826,2767704.0,2767704.0,2767704.0,133383.0,133383.0,133383.0,0.0,0.0,hard,32,3,10000,10000000,sync_on,hard_p32_w3_i10000_t10000000
24.51,1264.7058823529412,1264.7058823529412,1264.7058823529412,2890972.0,2890972.0,2890972.0,107911.0,107911.0,107911.0,0.0,0.0,hard,32,3,10000,10000000,sync_on,hard_p32_w3_i10000_t10000000
24.52,456.3106796116505,456.3106796116505,456.3106796116505,2862408.0,2862408.0,2862408.0,97228.0,97228.0,97228.0,0.0,0.0,hard,32,3,10000,10000000,sync_on,hard_p32_w3_i10000_t10000000
24.53,1264.7058823529412,1264.7058823529412,1264.7058823529412,2804520.0,2804520.0,2804520.0,97951.0,97951.0,97951.0,0.0,0.0,hard,32,3,10000,10000000,sync_on,hard_p32_w3_i10000_t10000000
24.54,817.3076923076924,817.3076923076924,817.3076923076924,2893452.0,2893452.0,2893452.0,110610.0,110610.0,110610.0,0.0,0.0,hard,32,3,10000,10000000,sync_on,hard_p32_w3_i10000_t10000000
24.59,519.2307692307693,519.2307692307693,519.2307692307693,2766380.0,2766380.0,2766380.0,132043.0,132043.0,132043.0,0.0,0.0,hard,32,3,10000,10000000,sync_on,hard_p32_w3_i10000_t10000000
24.61,872.5490196078432,872.5490196078432,872.5490196078432,2889688.0,2889688.0,2889688.0,106116.0,106116.0,106116.0,0.0,0.0,hard,32,3,10000,10000000,sync_on,hard_p32_w3_i10000_t10000000
24.62,368.93203883495147,368.93203883495147,368.93203883495147,2862556.0,2862556.0,2862556.0,97254.0,97254.0,97254.0,0.0,0.0,hard,32,3,10000,10000000,sync_on,hard_p32_w3_i10000_t10000000
24.63,1107.843137254902,1107.843137254902,1107.843137254902,2804812.0,2804812.0,2804812.0,98007.0,98007.0,98007.0,0.0,0.0,hard,32,3,10000,10000000,sync_on,hard_p32_w3_i10000_t10000000
24.64,378.6407766990292,378.6407766990292,378.6407766990292,2893584.0,2893584.0,2893584.0,111459.0,111459.0,111459.0,0.0,0.0,hard,32,3,10000,10000000,sync_on,hard_p32_w3_i10000_t10000000
24.69,533.9805825242719,533.9805825242719,533.9805825242719,2766628.0,2766628.0,2766628.0,132071.0,132071.0,132071.0,0.0,0.0,hard,32,3,10000,10000000,sync_on,hard_p32_w3_i10000_t10000000
24.72,1323.5294117647059,1323.5294117647059,1323.5294117647059,2890488.0,2890488.0,2890488.0,106176.0,106176.0,106176.0,0.0,0.0,hard,32,3,10000,10000000,sync_on,hard_p32_w3_i10000_t10000000
24.73,915.3469079939669,634.6153846153846,1196.0784313725492,2834106.0,2805296.0,2862916.0,97675.0,97281.0,98069.0,0.0,0.0,hard,32,3,10000,10000000,sync_on,hard_p32_w3_i10000_t10000000
24.75,650.4854368932039,650.4854368932039,650.4854368932039,2891388.0,2891388.0,2891388.0,105325.0,105325.0,105325.0,0.0,0.0,hard,32,3,10000,10000000,sync_on,hard_p32_w3_i10000_t10000000
24.8,625.0,625.0,625.0,2767240.0,2767240.0,2767240.0,133952.0,133952.0,133952.0,0.0,0.0,hard,32,3,10000,10000000,sync_on,hard_p32_w3_i10000_t10000000
24.82,1277.227722772277,1277.227722772277,1277.227722772277,2890760.0,2890760.0,2890760.0,106242.0,106242.0,106242.0,0.0,0.0,hard,32,3,10000,10000000,sync_on,hard_p32_w3_i10000_t10000000
24.83,675.9107949629914,233.0097087378641,1118.8118811881188,2834400.0,2805832.0,2862968.0,98498.0,97381.0,99615.0,0.0,0.0,hard,32,3,10000,10000000,sync_on,hard_p32_w3_i10000_t10000000
24.85,461.53846153846155,461.53846153846155,461.53846153846155,2892552.0,2892552.0,2892552.0,105350.0,105350.0,105350.0,0.0,0.0,hard,32,3,10000,10000000,sync_on,hard_p32_w3_i10000_t10000000
24.9,601.9417475728155,601.9417475728155,601.9417475728155,2766024.0,2766024.0,2766024.0,132138.0,132138.0,132138.0,0.0,0.0,hard,32,3,10000,10000000,sync_on,hard_p32_w3_i10000_t10000000
24.92,1294.1176470588236,1294.1176470588236,1294.1176470588236,2891244.0,2891244.0,2891244.0,106312.0,106312.0,106312.0,0.0,0.0,hard,32,3,10000,10000000,sync_on,hard_p32_w3_i10000_t10000000
24.93,407.7669902912622,407.7669902912622,407.7669902912622,2862844.0,2862844.0,2862844.0,99146.0,99146.0,99146.0,0.0,0.0,hard,32,3,10000,10000000,sync_on,hard_p32_w3_i10000_t10000000
24.94,721.1538461538462,721.1538461538462,721.1538461538462,2804436.0,2804436.0,2804436.0,98144.0,98144.0,98144.0,0.0,0.0,hard,32,3,10000,10000000,sync_on,hard_p32_w3_i10000_t10000000
24.95,524.2718446601942,524.2718446601942,524.2718446601942,2893268.0,2893268.0,2893268.0,105380.0,105380.0,105380.0,0.0,0.0,hard,32,3,10000,10000000,sync_on,hard_p32_w3_i10000_t10000000
25.0,413.46153846153845,413.46153846153845,413.46153846153845,2766368.0,2766368.0,2766368.0,132157.0,132157.0,132157.0,0.0,0.0,hard,32,3,10000,10000000,sync_on,hard_p32_w3_i10000_t10000000
25.02,1382.3529411764707,1382.3529411764707,1382.3529411764707,2891532.0,2891532.0,2891532.0,106376.0,106376.0,106376.0,0.0,0.0,hard,32,3,10000,10000000,sync_on,hard_p32_w3_i10000_t10000000
25.04,583.3333333333334,0.0,1166.6666666666667,2833794.0,2804744.0,2862844.0,98675.0,98204.0,99146.0,0.0,0.0,hard,32,3,10000,10000000,sync_on,hard_p32_w3_i10000_t10000000
25.06,757.2815533980583,757.2815533980583,757.2815533980583,2894020.0,2894020.0,2894020.0,105422.0,105422.0,105422.0,0.0,0.0,hard,32,3,10000,10000000,sync_on,hard_p32_w3_i10000_t10000000
25.11,466.0194174757282,466.0194174757282,466.0194174757282,2766528.0,2766528.0,2766528.0,132188.0,132188.0,132188.0,0.0,0.0,hard,32,3,10000,10000000,sync_on,hard_p32_w3_i10000_t10000000
25.12,1264.7058823529412,1264.7058823529412,1264.7058823529412,2891832.0,2891832.0,2891832.0,106445.0,106445.0,106445.0,0.0,0.0,hard,32,3,10000,10000000,sync_on,hard_p32_w3_i10000_t10000000
25.14,623.7623762376237,0.0,1247.5247524752474,2834080.0,2805316.0,2862844.0,98708.0,98270.0,99146.0,0.0,0.0,hard,32,3,10000,10000000,sync_on,hard_p32_w3_i10000_t10000000
25.16,605.7692307692308,605.7692307692308,605.7692307692308,2894388.0,2894388.0,2894388.0,105453.0,105453.0,105453.0,0.0,0.0,hard,32,3,10000,10000000,sync_on,hard_p32_w3_i10000_t10000000
25.21,480.7692307692308,480.7692307692308,480.7692307692308,2766760.0,2766760.0,2766760.0,132214.0,132214.0,132214.0,0.0,0.0,hard,32,3,10000,10000000,sync_on,hard_p32_w3_i10000_t10000000
25.23,1186.2745098039215,1186.2745098039215,1186.2745098039215,2892216.0,2892216.0,2892216.0,106507.0,106507.0,106507.0,0.0,0.0,hard,32,3,10000,10000000,sync_on,hard_p32_w3_i10000_t10000000
25.24,617.6470588235295,0.0,1235.294117647059,2834316.0,2805788.0,2862844.0,98739.5,98333.0,99146.0,0.0,0.0,hard,32,3,10000,10000000,sync_on,hard_p32_w3_i10000_t10000000
25.26,1135.9223300970875,1135.9223300970875,1135.9223300970875,2895140.0,2895140.0,2895140.0,105506.0,105506.0,105506.0,0.0,0.0,hard,32,3,10000,10000000,sync_on,hard_p32_w3_i10000_t10000000
25.31,728.1553398058253,728.1553398058253,728.1553398058253,2767212.0,2767212.0,2767212.0,132248.0,132248.0,132248.0,0.0,0.0,hard,32,3,10000,10000000,sync_on,hard_p32_w3_i10000_t10000000
25.33,1323.5294117647059,1323.5294117647059,1323.5294117647059,2892848.0,2892848.0,2892848.0,106837.0,106837.0,106837.0,0.0,0.0,hard,32,3,10000,10000000,sync_on,hard_p32_w3_i10000_t10000000
25.34,618.8118811881187,0.0,1237.6237623762374,2834530.0,2806216.0,2862844.0,99548.0,99146.0,99950.0,0.0,0.0,hard,32,3,10000,10000000,sync_on,hard_p32_w3_i10000_t10000000
25.36,725.4901960784314,725.4901960784314,725.4901960784314,2895368.0,2895368.0,2895368.0,105552.0,105552.0,105552.0,0.0,0.0,hard,32,3,10000,10000000,sync_on,hard_p32_w3_i10000_t10000000
25.42,500.0,500.0,500.0,2767732.0,2767732.0,2767732.0,132278.0,132278.0,132278.0,0.0,0.0,hard,32,3,10000,10000000,sync_on,hard_p32_w3_i10000_t10000000
25.43,1235.294117647059,1235.294117647059,1235.294117647059,2893164.0,2893164.0,2893164.0,102862.0,102862.0,102862.0,0.0,0.0,hard,32,3,10000,10000000,sync_on,hard_p32_w3_i10000_t10000000
25.45,475.4901960784314,0.0,950.9803921568628,2833882.0,2804920.0,2862844.0,98890.5,98635.0,99146.0,0.0,0.0,hard,32,3,10000,10000000,sync_on,hard_p32_w3_i10000_t10000000
25.47,971.1538461538462,971.1538461538462,971.1538461538462,2895768.0,2895768.0,2895768.0,106140.0,106140.0,106140.0,0.0,0.0,hard,32,3,10000,10000000,sync_on,hard_p32_w3_i10000_t10000000
25.52,281.55339805825247,281.55339805825247,281.55339805825247,2767812.0,2767812.0,2767812.0,132289.0,132289.0,132289.0,0.0,0.0,hard,32,3,10000,10000000,sync_on,hard_p32_w3_i10000_t10000000
25.53,1264.7058823529412,1264.7058823529412,1264.7058823529412,2893540.0,2893540.0,2893540.0,99149.0,99149.0,99149.0,0.0,0.0,hard,32,3,10000,10000000,sync_on,hard_p32_w3_i10000_t10000000
25.55,397.05882352941177,0.0,794.1176470588235,2834198.0,2805552.0,2862844.0,99731.5,99146.0,100317.0,0.0,0.0,hard,32,3,10000,10000000,sync_on,hard_p32_w3_i10000_t10000000
25.57,495.1456310679612,495.1456310679612,495.1456310679612,2896116.0,2896116.0,2896116.0,107450.0,107450.0,107450.0,0.0,0.0,hard,32,3,10000,10000000,sync_on,hard_p32_w3_i10000_t10000000
25.62,923.0769230769231,923.0769230769231,923.0769230769231,2768204.0,2768204.0,2768204.0,132339.0,132339.0,132339.0,0.0,0.0,hard,32,3,10000,10000000,sync_on,hard_p32_w3_i10000_t10000000
25.63,1362.7450980392157,1362.7450980392157,1362.7450980392157,2893924.0,2893924.0,2893924.0,99221.0,99221.0,99221.0,0.0,0.0,hard,32,3,10000,10000000,sync_on,hard_p32_w3_i10000_t10000000
25.65,1186.2745098039215,1186.2745098039215,1186.2745098039215,2804448.0,2804448.0,2804448.0,98523.0,98523.0,98523.0,0.0,0.0,hard,32,3,10000,10000000,sync_on,hard_p32_w3_i10000_t10000000
25.66,0.0,0.0,0.0,2862844.0,2862844.0,2862844.0,99146.0,99146.0,99146.0,0.0,0.0,hard,32,3,10000,10000000,sync_on,hard_p32_w3_i10000_t10000000
25.68,912.621359223301,912.621359223301,912.621359223301,2894552.0,2894552.0,2894552.0,105653.0,105653.0,105653.0,0.0,0.0,hard,32,3,10000,10000000,sync_on,hard_p32_w3_i10000_t10000000
25.73,958.7138325483033,669.9029126213593,1247.5247524752474,2831562.0,2768624.0,2894500.0,115826.5,99281.0,132372.0,0.0,0.0,hard,32,3,10000,10000000,sync_on,hard_p32_w3_i10000_t10000000
25.75,1128.7128712871286,1128.7128712871286,1128.7128712871286,2804680.0,2804680.0,2804680.0,98573.0,98573.0,98573.0,0.0,0.0,hard,32,3,10000,10000000,sync_on,hard_p32_w3_i10000_t10000000
25.76,0.0,0.0,0.0,2862844.0,2862844.0,2862844.0,99148.0,99148.0,99148.0,0.0,0.0,hard,32,3,10000,10000000,sync_on,hard_p32_w3_i10000_t10000000
25.78,718.4466019417476,718.4466019417476,718.4466019417476,2894812.0,2894812.0,2894812.0,105687.0,105687.0,105687.0,0.0,0.0,hard,32,3,10000,10000000,sync_on,hard_p32_w3_i10000_t10000000
25.83,427.1844660194175,427.1844660194175,427.1844660194175,2768896.0,2768896.0,2768896.0,132397.0,132397.0,132397.0,0.0,0.0,hard,32,3,10000,10000000,sync_on,hard_p32_w3_i10000_t10000000
25.84,1294.1176470588236,1294.1176470588236,1294.1176470588236,2894916.0,2894916.0,2894916.0,99350.0,99350.0,99350.0,0.0,0.0,hard,32,3,10000,10000000,sync_on,hard_p32_w3_i10000_t10000000
25.85,1264.7058823529412,1264.7058823529412,1264.7058823529412,2805272.0,2805272.0,2805272.0,98642.0,98642.0,98642.0,0.0,0.0,hard,32,3,10000,10000000,sync_on,hard_p32_w3_i10000_t10000000
25.86,115.38461538461539,115.38461538461539,115.38461538461539,2863088.0,2863088.0,2863088.0,99151.0,99151.0,99151.0,0.0,0.0,hard,32,3,10000,10000000,sync_on,hard_p32_w3_i10000_t10000000
25.88,1086.5384615384617,1086.5384615384617,1086.5384615384617,2895340.0,2895340.0,2895340.0,105736.0,105736.0,105736.0,0.0,0.0,hard,32,3,10000,10000000,sync_on,hard_p32_w3_i10000_t10000000
25.93,611.6504854368933,611.6504854368933,611.6504854368933,2769480.0,2769480.0,2769480.0,132420.0,132420.0,132420.0,0.0,0.0,hard,32,3,10000,10000000,sync_on,hard_p32_w3_i10000_t10000000
25.94,1271.8446601941748,1271.8446601941748,1271.8446601941748,2895296.0,2895296.0,2895296.0,99420.0,99420.0,99420.0,0.0,0.0,hard,32,3,10000,10000000,sync_on,hard_p32_w3_i10000_t10000000
25.95,1396.0396039603959,1396.0396039603959,1396.0396039603959,2805816.0,2805816.0,2805816.0,98722.0,98722.0,98722.0,0.0,0.0,hard,32,3,10000,10000000,sync_on,hard_p32_w3_i10000_t10000000
25.96,58.25242718446602,58.25242718446602,58.25242718446602,2863120.0,2863120.0,2863120.0,99152.0,99152.0,99152.0,0.0,0.0,hard,32,3,10000,10000000,sync_on,hard_p32_w3_i10000_t10000000
25.98,1176.4705882352941,1176.4705882352941,1176.4705882352941,2895840.0,2895840.0,2895840.0,105793.0,105793.0,105793.0,0.0,0.0,hard,32,3,10000,10000000,sync_on,hard_p32_w3_i10000_t10000000
26.04,873.9926739926741,538.4615384615385,1209.5238095238096,2832654.0,2769700.0,2895608.0,115967.5,99483.0,132452.0,0.0,0.0,hard,32,3,10000,10000000,sync_on,hard_p32_w3_i10000_t10000000
26.05,1156.8627450980393,1156.8627450980393,1156.8627450980393,2806312.0,2806312.0,2806312.0,98786.0,98786.0,98786.0,0.0,0.0,hard,32,3,10000,10000000,sync_on,hard_p32_w3_i10000_t10000000
26.07,145.63106796116506,145.63106796116506,145.63106796116506,2861288.0,2861288.0,2861288.0,97312.0,97312.0,97312.0,0.0,0.0,hard,32,3,10000,10000000,sync_on,hard_p32_w3_i10000_t10000000
26.09,1294.1176470588236,1294.1176470588236,1294.1176470588236,2896216.0,2896216.0,2896216.0,105854.0,105854.0,105854.0,0.0,0.0,hard,32,3,10000,10000000,sync_on,hard_p32_w3_i10000_t10000000
26.14,607.843137254902,607.843137254902,607.843137254902,2770000.0,2770000.0,2770000.0,132745.0,132745.0,132745.0,0.0,0.0,hard,32,3,10000,10000000,sync_on,hard_p32_w3_i10000_t10000000
26.15,1284.3137254901962,1284.3137254901962,1284.3137254901962,2896148.0,2896148.0,2896148.0,99544.0,99544.0,99544.0,0.0,0.0,hard,32,3,10000,10000000,sync_on,hard_p32_w3_i10000_t10000000
26.16,1089.108910891089,1089.108910891089,1089.108910891089,2806944.0,2806944.0,2806944.0,95073.0,95073.0,95073.0,0.0,0.0,hard,32,3,10000,10000000,sync_on,hard_p32_w3_i10000_t10000000
26.17,384.61538461538464,384.61538461538464,384.61538461538464,2861596.0,2861596.0,2861596.0,97341.0,97341.0,97341.0,0.0,0.0,hard,32,3,10000,10000000,sync_on,hard_p32_w3_i10000_t10000000
26.19,1117.6470588235295,1117.6470588235295,1117.6470588235295,2896436.0,2896436.0,2896436.0,102143.0,102143.0,102143.0,0.0,0.0,hard,32,3,10000,10000000,sync_on,hard_p32_w3_i10000_t10000000
26.24,0.0,0.0,0.0,2770000.0,2770000.0,2770000.0,132745.0,132745.0,132745.0,0.0,0.0,hard,32,3,10000,10000000,sync_on,hard_p32_w3_i10000_t10000000
26.25,1343.137254901961,1343.137254901961,1343.137254901961,2896532.0,2896532.0,2896532.0,95848.0,95848.0,95848.0,0.0,0.0,hard,32,3,10000,10000000,sync_on,hard_p32_w3_i10000_t10000000
26.26,1303.921568627451,1303.921568627451,1303.921568627451,2807248.0,2807248.0,2807248.0,95144.0,95144.0,95144.0,0.0,0.0,hard,32,3,10000,10000000,sync_on,hard_p32_w3_i10000_t10000000
26.27,660.1941747572816,660.1941747572816,660.1941747572816,2861872.0,2861872.0,2861872.0,97370.0,97370.0,97370.0,0.0,0.0,hard,32,3,10000,10000000,sync_on,hard_p32_w3_i10000_t10000000
26.29,1009.7087378640778,1009.7087378640778,1009.7087378640778,2896908.0,2896908.0,2896908.0,104260.0,104260.0,104260.0,0.0,0.0,hard,32,3,10000,10000000,sync_on,hard_p32_w3_i10000_t10000000
26.35,735.8934922618475,174.75728155339806,1297.029702970297,2833516.0,2770156.0,2896876.0,112314.0,95913.0,128715.0,0.0,0.0,hard,32,3,10000,10000000,sync_on,hard_p32_w3_i10000_t10000000
26.36,1078.4313725490197,1078.4313725490197,1078.4313725490197,2807748.0,2807748.0,2807748.0,96879.0,96879.0,96879.0,0.0,0.0,hard,32,3,10000,10000000,sync_on,hard_p32_w3_i10000_t10000000
26.38,669.9029126213593,669.9029126213593,669.9029126213593,2862052.0,2862052.0,2862052.0,97407.0,97407.0,97407.0,0.0,0.0,hard,32,3,10000,10000000,sync_on,hard_p32_w3_i10000_t10000000
26.39,696.0784313725491,696.0784313725491,696.0784313725491,2897088.0,2897088.0,2897088.0,105216.0,105216.0,105216.0,0.0,0.0,hard,32,3,10000,10000000,sync_on,hard_p32_w3_i10000_t10000000
26.45,929.9585218702866,644.2307692307693,1215.686274509804,2833774.0,2770420.0,2897128.0,112363.0,95977.0,128749.0,0.0,0.0,hard,32,3,10000,10000000,sync_on,hard_p32_w3_i10000_t10000000
26.46,1088.235294117647,1088.235294117647,1088.235294117647,2806916.0,2806916.0,2806916.0,95246.0,95246.0,95246.0,0.0,0.0,hard,32,3,10000,10000000,sync_on,hard_p32_w3_i10000_t10000000
26.48,596.1538461538462,596.1538461538462,596.1538461538462,2862244.0,2862244.0,2862244.0,97437.0,97437.0,97437.0,0.0,0.0,hard,32,3,10000,10000000,sync_on,hard_p32_w3_i10000_t10000000
26.5,1421.5686274509806,1421.5686274509806,1421.5686274509806,2896236.0,2896236.0,2896236.0,102315.0,102315.0,102315.0,0.0,0.0,hard,32,3,10000,10000000,sync_on,hard_p32_w3_i10000_t10000000
26.55,826.2421473443746,446.6019417475728,1205.8823529411766,2834110.0,2770776.0,2897444.0,112408.0,96043.0,128773.0,0.0,0.0,hard,32,3,10000,10000000,sync_on,hard_p32_w3_i10000_t10000000
26.56,1108.9108910891089,1108.9108910891089,1108.9108910891089,2807316.0,2807316.0,2807316.0,95295.0,95295.0,95295.0,0.0,0.0,hard,32,3,10000,10000000,sync_on,hard_p32_w3_i10000_t10000000
26.59,825.242718446602,825.242718446602,825.242718446602,2862624.0,2862624.0,2862624.0,97475.0,97475.0,97475.0,0.0,0.0,hard,32,3,10000,10000000,sync_on,hard_p32_w3_i10000_t10000000
26.6,1294.1176470588236,1294.1176470588236,1294.1176470588236,2897056.0,2897056.0,2897056.0,102381.0,102381.0,102381.0,0.0,0.0,hard,32,3,10000,10000000,sync_on,hard_p32_w3_i10000_t10000000
26.66,652.2750125691302,264.7058823529412,990.1960784313726,2825386.6666666665,2771104.0,2897716.0,107353.33333333333,95312.0,128806.0,0.0,0.0,hard,32,3,10000,10000000,sync_on,hard_p32_w3_i10000_t10000000
26.69,466.0194174757282,466.0194174757282,466.0194174757282,2862768.0,2862768.0,2862768.0,97498.0,97498.0,97498.0,0.0,0.0,hard,32,3,10000,10000000,sync_on,hard_p32_w3_i10000_t10000000
26.7,1147.058823529412,1147.058823529412,1147.058823529412,2897576.0,2897576.0,2897576.0,102443.0,102443.0,102443.0,0.0,0.0,hard,32,3,10000,10000000,sync_on,hard_p32_w3_i10000_t10000000
26.76,883.6818521284541,805.8252427184467,961.5384615384615,2833918.0,2771564.0,2896272.0,112495.0,96142.0,128848.0,0.0,0.0,hard,32,3,10000,10000000,sync_on,hard_p32_w3_i10000_t10000000
26.77,553.3980582524272,553.3980582524272,553.3980582524272,2807356.0,2807356.0,2807356.0,97158.0,97158.0,97158.0,0.0,0.0,hard,32,3,10000,10000000,sync_on,hard_p32_w3_i10000_t10000000
26.79,456.3106796116505,456.3106796116505,456.3106796116505,2862864.0,2862864.0,2862864.0,97526.0,97526.0,97526.0,0.0,0.0,hard,32,3,10000,10000000,sync_on,hard_p32_w3_i10000_t10000000
26.8,1207.9207920792078,1207.9207920792078,1207.9207920792078,2898028.0,2898028.0,2898028.0,102504.0,102504.0,102504.0,0.0,0.0,hard,32,3,10000,10000000,sync_on,hard_p32_w3_i10000_t10000000
26.86,817.3076923076924,336.53846153846155,1298.076923076923,2834278.0,2771808.0,2896748.0,112537.0,96210.0,128864.0,0.0,0.0,hard,32,3,10000,10000000,sync_on,hard_p32_w3_i10000_t10000000
26.87,0.0,0.0,0.0,2807356.0,2807356.0,2807356.0,97158.0,97158.0,97158.0,0.0,0.0,hard,32,3,10000,10000000,sync_on,hard_p32_w3_i10000_t10000000
26.89,368.93203883495147,368.93203883495147,368.93203883495147,2862928.0,2862928.0,2862928.0,97555.0,97555.0,97555.0,0.0,0.0,hard,32,3,10000,10000000,sync_on,hard_p32_w3_i10000_t10000000
26.9,1068.6274509803923,1068.6274509803923,1068.6274509803923,2898240.0,2898240.0,2898240.0,102563.0,102563.0,102563.0,0.0,0.0,hard,32,3,10000,10000000,sync_on,hard_p32_w3_i10000_t10000000
26.96,1294.1176470588236,1294.1176470588236,1294.1176470588236,2897168.0,2897168.0,2897168.0,96277.0,96277.0,96277.0,0.0,0.0,hard,32,3,10000,10000000,sync_on,hard_p32_w3_i10000_t10000000
26.97,466.0194174757282,466.0194174757282,466.0194174757282,2771960.0,2771960.0,2771960.0,129328.0,129328.0,129328.0,0.0,0.0,hard,32,3,10000,10000000,sync_on,hard_p32_w3_i10000_t10000000
26.98,0.0,0.0,0.0,2807356.0,2807356.0,2807356.0,97158.0,97158.0,97158.0,0.0,0.0,hard,32,3,10000,10000000,sync_on,hard_p32_w3_i10000_t10000000
27.0,1026.7517136329018,865.3846153846155,1188.118811881188,2881066.0,2863428.0,2898704.0,100110.0,97591.0,102629.0,0.0,0.0,hard,32,3,10000,10000000,sync_on,hard_p32_w3_i10000_t10000000
27.07,960.5015082956261,528.8461538461539,1392.1568627450981,2834776.0,2772020.0,2897532.0,113552.5,96356.0,130749.0,0.0,0.0,hard,32,3,10000,10000000,sync_on,hard_p32_w3_i10000_t10000000
27.08,0.0,0.0,0.0,2807356.0,2807356.0,2807356.0,97158.0,97158.0,97158.0,0.0,0.0,hard,32,3,10000,10000000,sync_on,hard_p32_w3_i10000_t10000000
27.1,407.7669902912622,407.7669902912622,407.7669902912622,2863552.0,2863552.0,2863552.0,97621.0,97621.0,97621.0,0.0,0.0,hard,32,3,10000,10000000,sync_on,hard_p32_w3_i10000_t10000000
27.11,1009.8039215686275,1009.8039215686275,1009.8039215686275,2899128.0,2899128.0,2899128.0,102679.0,102679.0,102679.0,0.0,0.0,hard,32,3,10000,10000000,sync_on,hard_p32_w3_i10000_t10000000
27.17,480.39215686274514,0.0,960.7843137254903,2835078.0,2772020.0,2898136.0,113578.0,96407.0,130749.0,0.0,0.0,hard,32,3,10000,10000000,sync_on,hard_p32_w3_i10000_t10000000
27.18,0.0,0.0,0.0,2807356.0,2807356.0,2807356.0,97158.0,97158.0,97158.0,0.0,0.0,hard,32,3,10000,10000000,sync_on,hard_p32_w3_i10000_t10000000
27.2,572.8155339805826,572.8155339805826,572.8155339805826,2863856.0,2863856.0,2863856.0,97650.0,97650.0,97650.0,0.0,0.0,hard,32,3,10000,10000000,sync_on,hard_p32_w3_i10000_t10000000
27.21,1182.6923076923078,1182.6923076923078,1182.6923076923078,2899524.0,2899524.0,2899524.0,102750.0,102750.0,102750.0,0.0,0.0,hard,32,3,10000,10000000,sync_on,hard_p32_w3_i10000_t10000000
27.27,1117.6470588235295,1117.6470588235295,1117.6470588235295,2898444.0,2898444.0,2898444.0,96462.0,96462.0,96462.0,0.0,0.0,hard,32,3,10000,10000000,sync_on,hard_p32_w3_i10000_t10000000
27.28,0.0,0.0,0.0,2789688.0,2772020.0,2807356.0,113953.5,97158.0,130749.0,0.0,0.0,hard,32,3,10000,10000000,sync_on,hard_p32_w3_i10000_t10000000
27.31,796.4048832067673,563.1067961165049,1029.7029702970297,2881972.0,2864072.0,2899872.0,98356.0,97685.0,99027.0,0.0,0.0,hard,32,3,10000,10000000,sync_on,hard_p32_w3_i10000_t10000000
27.37,1097.0873786407767,1097.0873786407767,1097.0873786407767,2898676.0,2898676.0,2898676.0,96523.0,96523.0,96523.0,0.0,0.0,hard,32,3,10000,10000000,sync_on,hard_p32_w3_i10000_t10000000
27.38,0.0,0.0,0.0,2772020.0,2772020.0,2772020.0,130749.0,130749.0,130749.0,0.0,0.0,hard,32,3,10000,10000000,sync_on,hard_p32_w3_i10000_t10000000
27.39,0.0,0.0,0.0,2807356.0,2807356.0,2807356.0,97158.0,97158.0,97158.0,0.0,0.0,hard,32,3,10000,10000000,sync_on,hard_p32_w3_i10000_t10000000
27.41,927.8846153846155,692.3076923076924,1163.4615384615386,2882278.0,2864240.0,2900316.0,98407.0,97718.0,99096.0,0.0,0.0,hard,32,3,10000,10000000,sync_on,hard_p32_w3_i10000_t10000000
27.48,669.9029126213593,0.0,1339.8058252427186,2835630.0,2772020.0,2899240.0,113664.5,96580.0,130749.0,0.0,0.0,hard,32,3,10000,10000000,sync_on,hard_p32_w3_i10000_t10000000
27.49,0.0,0.0,0.0,2807356.0,2807356.0,2807356.0,97158.0,97158.0,97158.0,0.0,0.0,hard,32,3,10000,10000000,sync_on,hard_p32_w3_i10000_t10000000
27.51,553.3980582524272,553.3980582524272,553.3980582524272,2864444.0,2864444.0,2864444.0,97739.0,97739.0,97739.0,0.0,0.0,hard,32,3,10000,10000000,sync_on,hard_p32_w3_i10000_t10000000
27.52,1514.8514851485147,1514.8514851485147,1514.8514851485147,2900740.0,2900740.0,2900740.0,99168.0,99168.0,99168.0,0.0,0.0,hard,32,3,10000,10000000,sync_on,hard_p32_w3_i10000_t10000000
27.58,1235.294117647059,1235.294117647059,1235.294117647059,2899624.0,2899624.0,2899624.0,96653.0,96653.0,96653.0,0.0,0.0,hard,32,3,10000,10000000,sync_on,hard_p32_w3_i10000_t10000000
27.59,0.0,0.0,0.0,2789688.0,2772020.0,2807356.0,113953.5,97158.0,130749.0,0.0,0.0,hard,32,3,10000,10000000,sync_on,hard_p32_w3_i10000_t10000000
27.62,859.2233009708739,446.6019417475728,1271.8446601941748,2882864.0,2864680.0,2901048.0,98494.0,97764.0,99224.0,0.0,0.0,hard,32,3,10000,10000000,sync_on,hard_p32_w3_i10000_t10000000
27.68,1303.921568627451,1303.921568627451,1303.921568627451,2899980.0,2899980.0,2899980.0,96717.0,96717.0,96717.0,0.0,0.0,hard,32,3,10000,10000000,sync_on,hard_p32_w3_i10000_t10000000
27.69,0.0,0.0,0.0,2772020.0,2772020.0,2772020.0,130749.0,130749.0,130749.0,0.0,0.0,hard,32,3,10000,10000000,sync_on,hard_p32_w3_i10000_t10000000
27.7,77.66990291262137,77.66990291262137,77.66990291262137,2807548.0,2807548.0,2807548.0,97162.0,97162.0,97162.0,0.0,0.0,hard,32,3,10000,10000000,sync_on,hard_p32_w3_i10000_t10000000
27.72,1022.4358974358975,711.5384615384615,1333.3333333333335,2883176.0,2864924.0,2901428.0,98548.5,97802.0,99295.0,0.0,0.0,hard,32,3,10000,10000000,sync_on,hard_p32_w3_i10000_t10000000
27.78,1186.2745098039215,1186.2745098039215,1186.2745098039215,2900408.0,2900408.0,2900408.0,96774.0,96774.0,96774.0,0.0,0.0,hard,32,3,10000,10000000,sync_on,hard_p32_w3_i10000_t10000000
27.8,339.80582524271847,0.0,679.6116504854369,2789190.0,2772020.0,2806360.0,113051.5,95354.0,130749.0,0.0,0.0,hard,32,3,10000,10000000,sync_on,hard_p32_w3_i10000_t10000000
27.82,937.6070816676186,728.1553398058253,1147.058823529412,2883448.0,2865144.0,2901752.0,98596.5,97843.0,99350.0,0.0,0.0,hard,32,3,10000,10000000,sync_on,hard_p32_w3_i10000_t10000000
27.89,1213.5922330097087,1213.5922330097087,1213.5922330097087,2900656.0,2900656.0,2900656.0,96843.0,96843.0,96843.0,0.0,0.0,hard,32,3,10000,10000000,sync_on,hard_p32_w3_i10000_t10000000
27.9,189.3203883495146,0.0,378.6407766990292,2789242.0,2772020.0,2806464.0,113062.5,95376.0,130749.0,0.0,0.0,hard,32,3,10000,10000000,sync_on,hard_p32_w3_i10000_t10000000
27.92,1088.235294117647,1088.235294117647,1088.235294117647,2901980.0,2901980.0,2901980.0,99825.0,99825.0,99825.0,0.0,0.0,hard,32,3,10000,10000000,sync_on,hard_p32_w3_i10000_t10000000
27.93,708.73786407767,708.73786407767,708.73786407767,2865472.0,2865472.0,2865472.0,97877.0,97877.0,97877.0,0.0,0.0,hard,32,3,10000,10000000,sync_on,hard_p32_w3_i10000_t10000000
27.99,1166.6666666666667,1166.6666666666667,1166.6666666666667,2900976.0,2900976.0,2900976.0,96903.0,96903.0,96903.0,0.0,0.0,hard,32,3,10000,10000000,sync_on,hard_p32_w3_i10000_t10000000
28.0,9.708737864077671,9.708737864077671,9.708737864077671,2772200.0,2772200.0,2772200.0,130749.0,130749.0,130749.0,0.0,0.0,hard,32,3,10000,10000000,sync_on,hard_p32_w3_i10000_t10000000
28.01,500.0,500.0,500.0,2806764.0,2806764.0,2806764.0,95401.0,95401.0,95401.0,0.0,0.0,hard,32,3,10000,10000000,sync_on,hard_p32_w3_i10000_t10000000
28.02,1049.5049504950493,1049.5049504950493,1049.5049504950493,2902376.0,2902376.0,2902376.0,101290.0,101290.0,101290.0,0.0,0.0,hard,32,3,10000,10000000,sync_on,hard_p32_w3_i10000_t10000000
28.03,708.73786407767,708.73786407767,708.73786407767,2865580.0,2865580.0,2865580.0,97918.0,97918.0,97918.0,0.0,0.0,hard,32,3,10000,10000000,sync_on,hard_p32_w3_i10000_t10000000
28.09,1078.4313725490197,1078.4313725490197,1078.4313725490197,2901304.0,2901304.0,2901304.0,96972.0,96972.0,96972.0,0.0,0.0,hard,32,3,10000,10000000,sync_on,hard_p32_w3_i10000_t10000000
28.11,529.1262135922331,495.1456310679612,563.1067961165049,2788844.0,2770584.0,2807104.0,112181.5,95431.0,128932.0,0.0,0.0,hard,32,3,10000,10000000,sync_on,hard_p32_w3_i10000_t10000000
28.13,836.093660765277,436.8932038834952,1235.294117647059,2883364.0,2865688.0,2901040.0,96833.0,95730.0,97936.0,0.0,0.0,hard,32,3,10000,10000000,sync_on,hard_p32_w3_i10000_t10000000
28.19,1106.7961165048544,1106.7961165048544,1106.7961165048544,2901604.0,2901604.0,2901604.0,97036.0,97036.0,97036.0,0.0,0.0,hard,32,3,10000,10000000,sync_on,hard_p32_w3_i10000_t10000000
28.21,424.61725168035855,320.3883495145631,528.8461538461539,2788926.0,2770692.0,2807160.0,112204.0,95444.0,128964.0,0.0,0.0,hard,32,3,10000,10000000,sync_on,hard_p32_w3_i10000_t10000000
28.23,1198.019801980198,1198.019801980198,1198.019801980198,2901516.0,2901516.0,2901516.0,95800.0,95800.0,95800.0,0.0,0.0,hard,32,3,10000,10000000,sync_on,hard_p32_w3_i10000_t10000000
28.24,582.5242718446602,582.5242718446602,582.5242718446602,2865912.0,2865912.0,2865912.0,97967.0,97967.0,97967.0,0.0,0.0,hard,32,3,10000,10000000,sync_on,hard_p32_w3_i10000_t10000000
28.3,1088.235294117647,1088.235294117647,1088.235294117647,2901952.0,2901952.0,2901952.0,97097.0,97097.0,97097.0,0.0,0.0,hard,32,3,10000,10000000,sync_on,hard_p32_w3_i10000_t10000000
28.31,48.07692307692308,48.07692307692308,48.07692307692308,2770708.0,2770708.0,2770708.0,128965.0,128965.0,128965.0,0.0,0.0,hard,32,3,10000,10000000,sync_on,hard_p32_w3_i10000_t10000000
28.32,689.3203883495146,689.3203883495146,689.3203883495146,2807504.0,2807504.0,2807504.0,95479.0,95479.0,95479.0,0.0,0.0,hard,32,3,10000,10000000,sync_on,hard_p32_w3_i10000_t10000000
28.33,1116.504854368932,1116.504854368932,1116.504854368932,2901876.0,2901876.0,2901876.0,95857.0,95857.0,95857.0,0.0,0.0,hard,32,3,10000,10000000,sync_on,hard_p32_w3_i10000_t10000000
28.34,660.1941747572816,660.1941747572816,660.1941747572816,2866144.0,2866144.0,2866144.0,98000.0,98000.0,98000.0,0.0,0.0,hard,32,3,10000,10000000,sync_on,hard_p32_w3_i10000_t10000000
28.4,1339.8058252427186,1339.8058252427186,1339.8058252427186,2902436.0,2902436.0,2902436.0,93393.0,93393.0,93393.0,0.0,0.0,hard,32,3,10000,10000000,sync_on,hard_p32_w3_i10000_t10000000
28.42,189.3203883495146,0.0,378.6407766990292,2789216.0,2770708.0,2807724.0,112229.5,95494.0,128965.0,0.0,0.0,hard,32,3,10000,10000000,sync_on,hard_p32_w3_i10000_t10000000
28.43,1148.5148514851485,1148.5148514851485,1148.5148514851485,2902252.0,2902252.0,2902252.0,95927.0,95927.0,95927.0,0.0,0.0,hard,32,3,10000,10000000,sync_on,hard_p32_w3_i10000_t10000000
28.44,330.0970873786408,330.0970873786408,330.0970873786408,2866240.0,2866240.0,2866240.0,98018.0,98018.0,98018.0,0.0,0.0,hard,32,3,10000,10000000,sync_on,hard_p32_w3_i10000_t10000000
28.5,1269.2307692307693,1269.2307692307693,1269.2307692307693,2902716.0,2902716.0,2902716.0,94292.0,94292.0,94292.0,0.0,0.0,hard,32,3,10000,10000000,sync_on,hard_p32_w3_i10000_t10000000
28.52,543.6893203883495,495.1456310679612,592.2330097087379,2789374.0,2770872.0,2807876.0,112261.5,95525.0,128998.0,0.0,0.0,hard,32,3,10000,10000000,sync_on,hard_p32_w3_i10000_t10000000
28.53,1254.9019607843138,1254.9019607843138,1254.9019607843138,2902744.0,2902744.0,2902744.0,95992.0,95992.0,95992.0,0.0,0.0,hard,32,3,10000,10000000,sync_on,hard_p32_w3_i10000_t10000000
28.55,557.6923076923077,557.6923076923077,557.6923076923077,2866528.0,2866528.0,2866528.0,98045.0,98045.0,98045.0,0.0,0.0,hard,32,3,10000,10000000,sync_on,hard_p32_w3_i10000_t10000000
28.6,1019.6078431372549,1019.6078431372549,1019.6078431372549,2901432.0,2901432.0,2901432.0,93487.0,93487.0,93487.0,0.0,0.0,hard,32,3,10000,10000000,sync_on,hard_p32_w3_i10000_t10000000
28.62,901.3256161314414,475.7281553398058,1326.923076923077,2789842.0,2771568.0,2808116.0,112314.0,95555.0,129073.0,0.0,0.0,hard,32,3,10000,10000000,sync_on,hard_p32_w3_i10000_t10000000
28.64,1147.058823529412,1147.058823529412,1147.058823529412,2903000.0,2903000.0,2903000.0,96058.0,96058.0,96058.0,0.0,0.0,hard,32,3,10000,10000000,sync_on,hard_p32_w3_i10000_t10000000
28.65,524.2718446601942,524.2718446601942,524.2718446601942,2866828.0,2866828.0,2866828.0,98070.0,98070.0,98070.0,0.0,0.0,hard,32,3,10000,10000000,sync_on,hard_p32_w3_i10000_t10000000
28.71,1323.5294117647059,1323.5294117647059,1323.5294117647059,2902112.0,2902112.0,2902112.0,93557.0,93557.0,93557.0,0.0,0.0,hard,32,3,10000,10000000,sync_on,hard_p32_w3_i10000_t10000000
28.73,843.9600448095593,543.6893203883495,1144.2307692307693,2790258.0,2772136.0,2808380.0,112355.0,95574.0,129136.0,0.0,0.0,hard,32,3,10000,10000000,sync_on,hard_p32_w3_i10000_t10000000
28.74,1247.5247524752474,1247.5247524752474,1247.5247524752474,2903216.0,2903216.0,2903216.0,96126.0,96126.0,96126.0,0.0,0.0,hard,32,3,10000,10000000,sync_on,hard_p32_w3_i10000_t10000000
28.75,349.5145631067961,349.5145631067961,349.5145631067961,2866924.0,2866924.0,2866924.0,98092.0,98092.0,98092.0,0.0,0.0,hard,32,3,10000,10000000,sync_on,hard_p32_w3_i10000_t10000000
28.81,1264.7058823529412,1264.7058823529412,1264.7058823529412,2902464.0,2902464.0,2902464.0,93615.0,93615.0,93615.0,0.0,0.0,hard,32,3,10000,10000000,sync_on,hard_p32_w3_i10000_t10000000
28.83,815.2565880721221,601.9417475728155,1028.5714285714287,2790622.0,2772616.0,2808628.0,112399.0,95606.0,129192.0,0.0,0.0,hard,32,3,10000,10000000,sync_on,hard_p32_w3_i10000_t10000000
28.84,1242.7184466019419,1242.7184466019419,1242.7184466019419,2903472.0,2903472.0,2903472.0,96185.0,96185.0,96185.0,0.0,0.0,hard,32,3,10000,10000000,sync_on,hard_p32_w3_i10000_t10000000
28.86,485.4368932038835,485.4368932038835,485.4368932038835,2867168.0,2867168.0,2867168.0,98117.0,98117.0,98117.0,0.0,0.0,hard,32,3,10000,10000000,sync_on,hard_p32_w3_i10000_t10000000
28.91,1330.097087378641,1330.097087378641,1330.097087378641,2902756.0,2902756.0,2902756.0,93688.0,93688.0,93688.0,0.0,0.0,hard,32,3,10000,10000000,sync_on,hard_p32_w3_i10000_t10000000
28.93,977.8429299240604,737.8640776699029,1217.8217821782177,2791036.0,2773052.0,2809020.0,112450.0,95640.0,129260.0,0.0,0.0,hard,32,3,10000,10000000,sync_on,hard_p32_w3_i10000_t10000000
28.94,1079.2079207920792,1079.2079207920792,1079.2079207920792,2903764.0,2903764.0,2903764.0,96241.0,96241.0,96241.0,0.0,0.0,hard,32,3,10000,10000000,sync_on,hard_p32_w3_i10000_t10000000
28.96,692.3076923076924,692.3076923076924,692.3076923076924,2867416.0,2867416.0,2867416.0,98598.0,98598.0,98598.0,0.0,0.0,hard,32,3,10000,10000000,sync_on,hard_p32_w3_i10000_t10000000
29.01,1264.7058823529412,1264.7058823529412,1264.7058823529412,2903180.0,2903180.0,2903180.0,93751.0,93751.0,93751.0,0.0,0.0,hard,32,3,10000,10000000,sync_on,hard_p32_w3_i10000_t10000000
29.04,1044.8095593726662,514.5631067961166,1466.0194174757282,2828922.6666666665,2773452.0,2904096.0,107102.33333333333,95667.0,129330.0,0.0,0.0,hard,32,3,10000,10000000,sync_on,hard_p32_w3_i10000_t10000000
29.06,233.0097087378641,233.0097087378641,233.0097087378641,2867652.0,2867652.0,2867652.0,99998.0,99998.0,99998.0,0.0,0.0,hard,32,3,10000,10000000,sync_on,hard_p32_w3_i10000_t10000000
29.11,1166.6666666666667,1166.6666666666667,1166.6666666666667,2903552.0,2903552.0,2903552.0,94496.0,94496.0,94496.0,0.0,0.0,hard,32,3,10000,10000000,sync_on,hard_p32_w3_i10000_t10000000
29.14,842.2089781793713,436.8932038834952,1247.5247524752474,2791716.0,2774056.0,2809376.0,112537.0,95688.0,129386.0,0.0,0.0,hard,32,3,10000,10000000,sync_on,hard_p32_w3_i10000_t10000000
29.15,1166.6666666666667,1166.6666666666667,1166.6666666666667,2904592.0,2904592.0,2904592.0,97463.0,97463.0,97463.0,0.0,0.0,hard,32,3,10000,10000000,sync_on,hard_p32_w3_i10000_t10000000
29.16,495.1456310679612,495.1456310679612,495.1456310679612,2866124.0,2866124.0,2866124.0,98176.0,98176.0,98176.0,0.0,0.0,hard,32,3,10000,10000000,sync_on,hard_p32_w3_i10000_t10000000
29.22,980.1980198019801,980.1980198019801,980.1980198019801,2904164.0,2904164.0,2904164.0,93855.0,93855.0,93855.0,0.0,0.0,hard,32,3,10000,10000000,sync_on,hard_p32_w3_i10000_t10000000
29.24,839.1990291262136,553.3980582524272,1125.0,2792032.0,2774544.0,2809520.0,112585.5,95720.0,129451.0,0.0,0.0,hard,32,3,10000,10000000,sync_on,hard_p32_w3_i10000_t10000000
29.25,841.5841584158416,841.5841584158416,841.5841584158416,2903260.0,2903260.0,2903260.0,96410.0,96410.0,96410.0,0.0,0.0,hard,32,3,10000,10000000,sync_on,hard_p32_w3_i10000_t10000000
29.27,427.1844660194175,427.1844660194175,427.1844660194175,2866268.0,2866268.0,2866268.0,98205.0,98205.0,98205.0,0.0,0.0,hard,32,3,10000,10000000,sync_on,hard_p32_w3_i10000_t10000000
29.32,1271.8446601941748,1271.8446601941748,1271.8446601941748,2902684.0,2902684.0,2902684.0,93923.0,93923.0,93923.0,0.0,0.0,hard,32,3,10000,10000000,sync_on,hard_p32_w3_i10000_t10000000
29.34,533.9805825242719,533.9805825242719,533.9805825242719,2809756.0,2809756.0,2809756.0,95739.0,95739.0,95739.0,0.0,0.0,hard,32,3,10000,10000000,sync_on,hard_p32_w3_i10000_t10000000
29.35,1213.0321135175504,1115.3846153846155,1310.6796116504854,2839674.0,2774748.0,2904600.0,112993.5,96472.0,129515.0,0.0,0.0,hard,32,3,10000,10000000,sync_on,hard_p32_w3_i10000_t10000000
29.37,490.3846153846154,490.3846153846154,490.3846153846154,2866536.0,2866536.0,2866536.0,98228.0,98228.0,98228.0,0.0,0.0,hard,32,3,10000,10000000,sync_on,hard_p32_w3_i10000_t10000000
29.42,1356.4356435643563,1356.4356435643563,1356.4356435643563,2903408.0,2903408.0,2903408.0,93989.0,93989.0,93989.0,0.0,0.0,hard,32,3,10000,10000000,sync_on,hard_p32_w3_i10000_t10000000
29.45,816.1526746620979,504.8543689320389,1127.450980392157,2792632.0,2775260.0,2810004.0,112675.0,95762.0,129588.0,0.0,0.0,hard,32,3,10000,10000000,sync_on,hard_p32_w3_i10000_t10000000
29.46,1160.3773584905662,1160.3773584905662,1160.3773584905662,2905460.0,2905460.0,2905460.0,96538.0,96538.0,96538.0,0.0,0.0,hard,32,3,10000,10000000,sync_on,hard_p32_w3_i10000_t10000000
29.48,514.5631067961166,514.5631067961166,514.5631067961166,2866688.0,2866688.0,2866688.0,98252.0,98252.0,98252.0,0.0,0.0,hard,32,3,10000,10000000,sync_on,hard_p32_w3_i10000_t10000000
29.52,1215.686274509804,1215.686274509804,1215.686274509804,2903872.0,2903872.0,2903872.0,94050.0,94050.0,94050.0,0.0,0.0,hard,32,3,10000,10000000,sync_on,hard_p32_w3_i10000_t10000000
29.55,919.4269940986103,436.8932038834952,1401.9607843137255,2792928.0,2775716.0,2810140.0,112726.0,95793.0,129659.0,0.0,0.0,hard,32,3,10000,10000000,sync_on,hard_p32_w3_i10000_t10000000
29.56,1267.3267326732673,1267.3267326732673,1267.3267326732673,2905956.0,2905956.0,2905956.0,97888.0,97888.0,97888.0,0.0,0.0,hard,32,3,10000,10000000,sync_on,hard_p32_w3_i10000_t10000000
29.58,563.1067961165049,563.1067961165049,563.1067961165049,2866848.0,2866848.0,2866848.0,98281.0,98281.0,98281.0,0.0,0.0,hard,32,3,10000,10000000,sync_on,hard_p32_w3_i10000_t10000000
29.62,1098.0392156862745,1098.0392156862745,1098.0392156862745,2904144.0,2904144.0,2904144.0,94121.0,94121.0,94121.0,0.0,0.0,hard,32,3,10000,10000000,sync_on,hard_p32_w3_i10000_t10000000
29.65,888.3495145631068,466.0194174757282,1310.6796116504854,2793102.0,2775996.0,2810208.0,112770.0,95822.0,129718.0,0.0,0.0,hard,32,3,10000,10000000,sync_on,hard_p32_w3_i10000_t10000000
29.66,843.1372549019609,843.1372549019609,843.1372549019609,2904820.0,2904820.0,2904820.0,96619.0,96619.0,96619.0,0.0,0.0,hard,32,3,10000,10000000,sync_on,hard_p32_w3_i10000_t10000000
29.68,310.67961165048547,310.67961165048547,310.67961165048547,2867064.0,2867064.0,2867064.0,98307.0,98307.0,98307.0,0.0,0.0,hard,32,3,10000,10000000,sync_on,hard_p32_w3_i10000_t10000000
29.73,1158.4158415841584,1158.4158415841584,1158.4158415841584,2904852.0,2904852.0,2904852.0,94179.0,94179.0,94179.0,0.0,0.0,hard,32,3,10000,10000000,sync_on,hard_p32_w3_i10000_t10000000
29.75,1147.058823529412,1147.058823529412,1147.058823529412,2776440.0,2776440.0,2776440.0,129779.0,129779.0,129779.0,0.0,0.0,hard,32,3,10000,10000000,sync_on,hard_p32_w3_i10000_t10000000
29.76,905.5080265308084,543.6893203883495,1267.3267326732673,2857932.0,2810556.0,2905308.0,96269.5,95848.0,96691.0,0.0,0.0,hard,32,3,10000,10000000,sync_on,hard_p32_w3_i10000_t10000000
29.78,699.0291262135922,699.0291262135922,699.0291262135922,2867608.0,2867608.0,2867608.0,98332.0,98332.0,98332.0,0.0,0.0,hard,32,3,10000,10000000,sync_on,hard_p32_w3_i10000_t10000000
29.83,1259.6153846153848,1259.6153846153848,1259.6153846153848,2905312.0,2905312.0,2905312.0,94239.0,94239.0,94239.0,0.0,0.0,hard,32,3,10000,10000000,sync_on,hard_p32_w3_i10000_t10000000
29.86,1052.7000444190624,592.2330097087379,1284.3137254901962,2831245.3333333335,2777112.0,2905828.0,107870.66666666667,95879.0,130984.0,0.0,0.0,hard,32,3,10000,10000000,sync_on,hard_p32_w3_i10000_t10000000
29.89,548.0769230769231,548.0769230769231,548.0769230769231,2867848.0,2867848.0,2867848.0,98358.0,98358.0,98358.0,0.0,0.0,hard,32,3,10000,10000000,sync_on,hard_p32_w3_i10000_t10000000
29.93,1274.5098039215686,1274.5098039215686,1274.5098039215686,2905768.0,2905768.0,2905768.0,94301.0,94301.0,94301.0,0.0,0.0,hard,32,3,10000,10000000,sync_on,hard_p32_w3_i10000_t10000000
29.96,806.3011612411956,514.5631067961166,1098.0392156862745,2793574.0,2776156.0,2810992.0,112891.0,95909.0,129873.0,0.5,0.0,hard,32,3,10000,10000000,sync_on,hard_p32_w3_i10000_t10000000
29.97,902.9126213592233,902.9126213592233,902.9126213592233,2906116.0,2906116.0,2906116.0,96806.0,96806.0,96806.0,0.0,0.0,hard,32,3,10000,10000000,sync_on,hard_p32_w3_i10000_t10000000
29.99,601.9417475728155,601.9417475728155,601.9417475728155,2868036.0,2868036.0,2868036.0,98388.0,98388.0,98388.0,0.0,0.0,hard,32,3,10000,10000000,sync_on,hard_p32_w3_i10000_t10000000
30.03,1168.3168316831682,1168.3168316831682,1168.3168316831682,2905992.0,2905992.0,2905992.0,94363.0,94363.0,94363.0,0.0,0.0,hard,32,3,10000,10000000,sync_on,hard_p32_w3_i10000_t10000000
30.07,814.6476412347117,441.1764705882353,1188.118811881188,2858934.0,2811660.0,2906208.0,96394.0,95931.0,96857.0,0.0,0.5,hard,32,3,10000,10000000,sync_on,hard_p32_w3_i10000_t10000000
30.09,291.2621359223301,291.2621359223301,291.2621359223301,2868104.0,2868104.0,2868104.0,98410.0,98410.0,98410.0,0.0,0.0,hard,32,3,10000,10000000,sync_on,hard_p32_w3_i10000_t10000000
0.1,1046.9446030839522,980.3921568627452,1088.235294117647,2742674.4,2730140.0,2787992.0,177546.0,171418.0,182916.0,0.0,0.0,lock_stripping,32,1,0,10000000,sync_on,lock_stripping_p32_w1_i0_t10000000
0.2,1066.3811155530173,1019.6078431372549,1127.450980392157,2745502.4,2733296.0,2790596.0,168628.4,167871.0,171647.0,0.0,0.0,lock_stripping,32,1,0,10000000,sync_on,lock_stripping_p32_w1_i0_t10000000
0.31,1182.66733012536,1097.0873786407767,1257.4257425742574,2748208.8,2735776.0,2793384.0,163898.8,163891.0,163902.0,0.0,0.0,lock_stripping,32,1,0,10000000,sync_on,lock_stripping_p32_w1_i0_t10000000
0.41,1108.0761017278198,1068.6274509803923,1147.058823529412,2750480.8,2738392.0,2795548.0,163960.4,163953.0,163963.0,0.0,0.0,lock_stripping,32,1,0,10000000,sync_on,lock_stripping_p32_w1_i0_t10000000
0.51,1173.3785822021116,1088.235294117647,1288.4615384615386,2752756.0,2740624.0,2797728.0,164021.4,164015.0,164027.0,0.0,0.0,lock_stripping,32,1,0,10000000,sync_on,lock_stripping_p32_w1_i0_t10000000
0.61,1286.8778280542988,1245.0980392156864,1346.1538461538462,2755089.6,2742948.0,2800348.0,164097.0,164090.0,164106.0,0.0,0.0,lock_stripping,32,1,0,10000000,sync_on,lock_stripping_p32_w1_i0_t10000000
0.71,1233.5792402769687,1178.2178217821781,1297.029702970297,2745801.3333333335,2745052.0,2746404.0,164156.33333333334,164155.0,164159.0,0.0,0.0,lock_stripping,32,1,0,10000000,sync_on,lock_stripping_p32_w1_i0_t10000000
0.72,1173.2673267326732,1168.3168316831682,1178.2178217821781,2774242.0,2745696.0,2802788.0,164161.5,164159.0,164164.0,0.0,0.0,lock_stripping,32,1,0,10000000,sync_on,lock_stripping_p32_w1_i0_t10000000
0.81,1210.7843137254904,1196.0784313725492,1225.4901960784314,2748052.0,2747692.0,2748412.0,164215.5,164215.0,164216.0,0.0,0.0,lock_stripping,32,1,0,10000000,sync_on,lock_stripping_p32_w1_i0_t10000000
0.82,1201.4831573655104,1173.076923076923,1235.294117647059,2766486.6666666665,2747208.0,2804648.0,164220.33333333334,164215.0,164224.0,0.0,0.0,lock_stripping,32,1,0,10000000,sync_on,lock_stripping_p32_w1_i0_t10000000
0.92,1235.8765288293537,1176.4705882352941,1297.029702970297,2761236.8,2749028.0,2806712.0,164276.0,164270.0,164284.0,0.0,0.0,lock_stripping,32,1,0,10000000,sync_on,lock_stripping_p32_w1_i0_t10000000
1.02,1180.4758431297155,1068.6274509803923,1264.7058823529412,2762944.0,2750956.0,2808300.0,164337.4,164332.0,164345.0,0.0,0.0,lock_stripping,32,1,0,10000000,sync_on,lock_stripping_p32_w1_i0_t10000000
1.12,1277.0335857115124,1215.686274509804,1372.5490196078433,2764492.0,2752416.0,2809896.0,164394.2,164391.0,164400.0,0.0,0.0,lock_stripping,32,1,0,10000000,sync_on,lock_stripping_p32_w1_i0_t10000000
1.22,1230.366240507546,1227.7227722772277,1233.0097087378642,2754824.0,2754396.0,2755252.0,164453.5,164452.0,164455.0,0.0,0.0,lock_stripping,32,1,0,10000000,sync_on,lock_stripping_p32_w1_i0_t10000000
1.23,1270.258265118345,1186.2745098039215,1323.5294117647059,2773756.0,2754536.0,2811612.0,164457.33333333334,164456.0,164459.0,0.0,0.0,lock_stripping,32,1,0,10000000,sync_on,lock_stripping_p32_w1_i0_t10000000
1.32,1053.921568627451,1029.4117647058824,1078.4313725490197,2756198.0,2755768.0,2756628.0,164517.0,164517.0,164517.0,0.0,0.0,lock_stripping,32,1,0,10000000,sync_on,lock_stripping_p32_w1_i0_t10000000
1.33,986.737737166064,921.5686274509804,1058.2524271844661,2774642.6666666665,2755148.0,2812616.0,164515.0,164511.0,164522.0,0.0,0.0,lock_stripping,32,1,0,10000000,sync_on,lock_stripping_p32_w1_i0_t10000000
1.43,1117.4806287025046,1067.9611650485438,1147.058823529412,2768588.0,2756660.0,2813612.0,163818.4,160791.0,164584.0,0.0,0.0,lock_stripping,32,1,0,10000000,sync_on,lock_stripping_p32_w1_i0_t10000000
1.53,1133.6827800427102,1058.8235294117649,1196.0784313725492,2769773.6,2757640.0,2814892.0,163127.8,160857.0,164644.0,0.0,0.0,lock_stripping,32,1,0,10000000,sync_on,lock_stripping_p32_w1_i0_t10000000
1.63,1200.7377208309065,1176.4705882352941,1227.7227722772277,2778822.6666666665,2759708.0,2816240.0,163618.33333333334,160922.0,164969.0,0.0,0.0,lock_stripping,32,1,0,10000000,sync_on,lock_stripping_p32_w1_i0_t10000000
1.64,1196.289531865808,1174.7572815533981,1217.8217821782177,2759658.0,2758792.0,2760524.0,160927.5,160923.0,160932.0,0.0,0.0,lock_stripping,32,1,0,10000000,sync_on,lock_stripping_p32_w1_i0_t10000000
1.73,1038.6500754147814,1019.6078431372549,1057.6923076923078,2761396.0,2761164.0,2761628.0,160988.5,160988.0,160989.0,0.0,0.0,lock_stripping,32,1,0,10000000,sync_on,lock_stripping_p32_w1_i0_t10000000
1.74,1136.6264454499749,1096.1538461538462,1166.6666666666667,2779733.3333333335,2760056.0,2817444.0,160991.0,160986.0,160999.0,0.0,0.0,lock_stripping,32,1,0,10000000,sync_on,lock_stripping_p32_w1_i0_t10000000
1.83,1166.6666666666667,1137.2549019607843,1196.0784313725492,2762234.0,2762108.0,2762360.0,161058.0,161056.0,161060.0,0.0,0.0,lock_stripping,32,1,0,10000000,sync_on,lock_stripping_p32_w1_i0_t10000000
1.84,987.1869539895166,764.7058823529412,1117.6470588235295,2780522.6666666665,2760760.0,2818620.0,161052.0,161048.0,161056.0,0.0,0.0,lock_stripping,32,1,0,10000000,sync_on,lock_stripping_p32_w1_i0_t10000000
1.93,1138.6138613861385,1138.6138613861385,1138.6138613861385,2763660.0,2763660.0,2763660.0,157340.0,157340.0,157340.0,0.0,0.0,lock_stripping,32,1,0,10000000,sync_on,lock_stripping_p32_w1_i0_t10000000
1.94,953.949306980955,378.6407766990292,1287.128712871287,2782226.6666666665,2762716.0,2819944.0,161101.0,161068.0,161120.0,0.0,0.0,lock_stripping,32,1,0,10000000,sync_on,lock_stripping_p32_w1_i0_t10000000
1.95,1219.047619047619,1219.047619047619,1219.047619047619,2762436.0,2762436.0,2762436.0,161122.0,161122.0,161122.0,0.0,0.0,lock_stripping,32,1,0,10000000,sync_on,lock_stripping_p32_w1_i0_t10000000
2.04,1199.3383161845595,1125.0,1247.5247524752474,2783816.0,2764896.0,2821280.0,159923.66666666666,157430.0,161172.0,0.0,0.0,lock_stripping,32,1,0,10000000,sync_on,lock_stripping_p32_w1_i0_t10000000
2.05,782.5528269560252,359.2233009708738,1205.8823529411766,2763360.0,2762836.0,2763884.0,159241.5,157396.0,161087.0,0.0,0.0,lock_stripping,32,1,0,10000000,sync_on,lock_stripping_p32_w1_i0_t10000000
2.14,1222.9340581116937,1205.8823529411766,1245.0980392156864,2784841.3333333335,2766016.0,2822376.0,154941.66666666666,153682.0,157457.0,0.0,0.0,lock_stripping,32,1,0,10000000,sync_on,lock_stripping_p32_w1_i0_t10000000
2.15,841.328764515515,368.93203883495147,1313.7254901960785,2764250.0,2763224.0,2765276.0,159283.5,157463.0,161104.0,0.0,0.0,lock_stripping,32,1,0,10000000,sync_on,lock_stripping_p32_w1_i0_t10000000
2.24,1324.861983628403,1242.7184466019419,1382.3529411764707,2786500.0,2767476.0,2824240.0,153751.0,153747.0,153753.0,0.0,0.0,lock_stripping,32,1,0,10000000,sync_on,lock_stripping_p32_w1_i0_t10000000
2.25,641.5381686655245,126.21359223300972,1156.8627450980393,2765068.0,2763508.0,2766628.0,157562.5,153747.0,161378.0,0.0,0.0,lock_stripping,32,1,0,10000000,sync_on,lock_stripping_p32_w1_i0_t10000000
2.34,1137.2549019607843,1137.2549019607843,1137.2549019607843,2768812.0,2768812.0,2768812.0,150043.0,150043.0,150043.0,0.0,0.0,lock_stripping,32,1,0,10000000,sync_on,lock_stripping_p32_w1_i0_t10000000
2.35,1224.6969985405167,1147.058823529412,1284.3137254901962,2787340.0,2767872.0,2825248.0,151354.0,150040.0,153978.0,0.0,0.0,lock_stripping,32,1,0,10000000,sync_on,lock_stripping_p32_w1_i0_t10000000
2.36,76.92307692307692,76.92307692307692,76.92307692307692,2763520.0,2763520.0,2763520.0,161383.0,161383.0,161383.0,0.0,0.0,lock_stripping,32,1,0,10000000,sync_on,lock_stripping_p32_w1_i0_t10000000
2.44,1323.5294117647059,1323.5294117647059,1323.5294117647059,2770060.0,2770060.0,2770060.0,150110.0,150110.0,150110.0,0.0,0.0,lock_stripping,32,1,0,10000000,sync_on,lock_stripping_p32_w1_i0_t10000000
2.45,1251.1648223645893,1237.6237623762374,1264.7058823529412,2798220.0,2770032.0,2826408.0,148214.5,146328.0,150101.0,0.0,0.0,lock_stripping,32,1,0,10000000,sync_on,lock_stripping_p32_w1_i0_t10000000
2.46,848.0246082860713,349.5145631067961,1346.5346534653465,2766434.0,2763876.0,2768992.0,155754.5,150112.0,161397.0,0.0,0.0,lock_stripping,32,1,0,10000000,sync_on,lock_stripping_p32_w1_i0_t10000000
2.55,1104.575163398693,1088.235294117647,1117.6470588235295,2789714.6666666665,2770776.0,2827408.0,148911.66666666666,146393.0,150176.0,0.0,0.0,lock_stripping,32,1,0,10000000,sync_on,lock_stripping_p32_w1_i0_t10000000
2.56,683.6349924585219,269.2307692307692,1098.0392156862745,2766958.0,2764264.0,2769652.0,153903.5,150175.0,157632.0,0.0,0.0,lock_stripping,32,1,0,10000000,sync_on,lock_stripping_p32_w1_i0_t10000000
2.65,1085.5173752669384,1000.0000000000001,1168.3168316831682,2790580.0,2771536.0,2828340.0,146533.0,142673.0,150471.0,0.0,0.0,lock_stripping,32,1,0,10000000,sync_on,lock_stripping_p32_w1_i0_t10000000
2.66,980.3921568627452,980.3921568627452,980.3921568627452,2770556.0,2770556.0,2770556.0,150233.0,150233.0,150233.0,0.0,0.0,lock_stripping,32,1,0,10000000,sync_on,lock_stripping_p32_w1_i0_t10000000
2.67,0.0,0.0,0.0,2764264.0,2764264.0,2764264.0,157632.0,157632.0,157632.0,0.0,0.0,lock_stripping,32,1,0,10000000,sync_on,lock_stripping_p32_w1_i0_t10000000
2.75,1192.81045751634,1107.843137254902,1274.5098039215686,2791613.3333333335,2772636.0,2829248.0,145254.0,142732.0,146517.0,0.0,0.0,lock_stripping,32,1,0,10000000,sync_on,lock_stripping_p32_w1_i0_t10000000
2.76,1166.6666666666667,1166.6666666666667,1166.6666666666667,2771340.0,2771340.0,2771340.0,150291.0,150291.0,150291.0,0.0,0.0,lock_stripping,32,1,0,10000000,sync_on,lock_stripping_p32_w1_i0_t10000000
2.77,365.3846153846154,365.3846153846154,365.3846153846154,2764792.0,2764792.0,2764792.0,153610.0,153610.0,153610.0,0.0,0.0,lock_stripping,32,1,0,10000000,sync_on,lock_stripping_p32_w1_i0_t10000000
2.85,1039.0253188654103,1038.8349514563108,1039.2156862745098,2801736.0,2773616.0,2829856.0,146576.0,146574.0,146578.0,0.0,0.0,lock_stripping,32,1,0,10000000,sync_on,lock_stripping_p32_w1_i0_t10000000
2.86,1034.556396816152,1019.6078431372549,1049.5049504950493,2772698.0,2772016.0,2773380.0,144937.5,143056.0,146819.0,0.0,0.0,lock_stripping,32,1,0,10000000,sync_on,lock_stripping_p32_w1_i0_t10000000
2.87,233.0097087378641,233.0097087378641,233.0097087378641,2765124.0,2765124.0,2765124.0,153887.0,153887.0,153887.0,0.0,0.0,lock_stripping,32,1,0,10000000,sync_on,lock_stripping_p32_w1_i0_t10000000
2.96,1153.3748114630469,1029.4117647058824,1215.686274509804,2788316.0,2773272.0,2830756.0,143859.25,139071.0,146631.0,0.0,0.0,lock_stripping,32,1,0,10000000,sync_on,lock_stripping_p32_w1_i0_t10000000
2.98,19.417475728155342,19.417475728155342,19.417475728155342,2765124.0,2765124.0,2765124.0,153888.0,153888.0,153888.0,0.0,0.0,lock_stripping,32,1,0,10000000,sync_on,lock_stripping_p32_w1_i0_t10000000
3.06,1082.1523328803469,930.6930693069306,1207.9207920792078,2794118.6666666665,2775028.0,2831456.0,142911.33333333334,139129.0,146699.0,0.0,0.0,lock_stripping,32,1,0,10000000,sync_on,lock_stripping_p32_w1_i0_t10000000
3.07,1205.8823529411766,1205.8823529411766,1205.8823529411766,2774408.0,2774408.0,2774408.0,139135.0,139135.0,139135.0,0.0,0.0,lock_stripping,32,1,0,10000000,sync_on,lock_stripping_p32_w1_i0_t10000000
3.08,298.0769230769231,298.0769230769231,298.0769230769231,2765260.0,2765260.0,2765260.0,153904.0,153904.0,153904.0,0.0,0.0,lock_stripping,32,1,0,10000000,sync_on,lock_stripping_p32_w1_i0_t10000000
3.16,1180.6812468577175,1086.5384615384617,1269.2307692307693,2794998.6666666665,2775780.0,2832476.0,143063.66666666666,139194.0,146759.0,0.0,0.0,lock_stripping,32,1,0,10000000,sync_on,lock_stripping_p32_w1_i0_t10000000
3.17,1205.8823529411766,1205.8823529411766,1205.8823529411766,2775216.0,2775216.0,2775216.0,139196.0,139196.0,139196.0,0.0,0.0,lock_stripping,32,1,0,10000000,sync_on,lock_stripping_p32_w1_i0_t10000000
3.18,310.67961165048547,310.67961165048547,310.67961165048547,2765636.0,2765636.0,2765636.0,149879.0,149879.0,149879.0,0.0,0.0,lock_stripping,32,1,0,10000000,sync_on,lock_stripping_p32_w1_i0_t10000000
3.26,1321.393904096292,1264.7058823529412,1352.9411764705883,2795893.3333333335,2776640.0,2833428.0,141780.33333333334,139258.0,146822.0,0.0,0.0,lock_stripping,32,1,0,10000000,sync_on,lock_stripping_p32_w1_i0_t10000000
3.27,1277.227722772277,1277.227722772277,1277.227722772277,2775888.0,2775888.0,2775888.0,139256.0,139256.0,139256.0,0.0,0.0,lock_stripping,32,1,0,10000000,sync_on,lock_stripping_p32_w1_i0_t10000000
3.29,413.46153846153845,413.46153846153845,413.46153846153845,2765892.0,2765892.0,2765892.0,149899.0,149899.0,149899.0,0.0,0.0,lock_stripping,32,1,0,10000000,sync_on,lock_stripping_p32_w1_i0_t10000000
3.37,1391.3240053302875,1313.7254901960785,1460.7843137254904,2791752.0,2776864.0,2834276.0,140333.75,139316.0,143370.0,0.0,0.0,lock_stripping,32,1,0,10000000,sync_on,lock_stripping_p32_w1_i0_t10000000
3.39,330.0970873786408,330.0970873786408,330.0970873786408,2766228.0,2766228.0,2766228.0,149915.0,149915.0,149915.0,0.0,0.0,lock_stripping,32,1,0,10000000,sync_on,lock_stripping_p32_w1_i0_t10000000
3.47,1238.230440691128,1198.019801980198,1254.9019607843138,2792457.0,2777588.0,2834912.0,138443.75,135616.0,139392.0,0.0,0.0,lock_stripping,32,1,0,10000000,sync_on,lock_stripping_p32_w1_i0_t10000000
3.49,403.84615384615387,403.84615384615387,403.84615384615387,2766576.0,2766576.0,2766576.0,149933.0,149933.0,149933.0,0.0,0.0,lock_stripping,32,1,0,10000000,sync_on,lock_stripping_p32_w1_i0_t10000000
3.57,1150.173812355536,1089.108910891089,1225.4901960784314,2798078.6666666665,2778780.0,2835704.0,136934.66666666666,135665.0,139457.0,0.0,0.0,lock_stripping,32,1,0,10000000,sync_on,lock_stripping_p32_w1_i0_t10000000
3.58,1245.0980392156864,1245.0980392156864,1245.0980392156864,2778092.0,2778092.0,2778092.0,139456.0,139456.0,139456.0,0.0,0.0,lock_stripping,32,1,0,10000000,sync_on,lock_stripping_p32_w1_i0_t10000000
3.6,320.3883495145631,320.3883495145631,320.3883495145631,2766948.0,2766948.0,2766948.0,149954.0,149954.0,149954.0,0.0,0.0,lock_stripping,32,1,0,10000000,sync_on,lock_stripping_p32_w1_i0_t10000000
3.67,1154.346502611426,1108.9108910891089,1237.6237623762374,2798566.6666666665,2779316.0,2836144.0,136999.33333333334,135733.0,139520.0,0.0,0.0,lock_stripping,32,1,0,10000000,sync_on,lock_stripping_p32_w1_i0_t10000000
3.68,1127.450980392157,1127.450980392157,1127.450980392157,2778488.0,2778488.0,2778488.0,139519.0,139519.0,139519.0,0.0,0.0,lock_stripping,32,1,0,10000000,sync_on,lock_stripping_p32_w1_i0_t10000000
3.7,365.3846153846154,365.3846153846154,365.3846153846154,2767580.0,2767580.0,2767580.0,149974.0,149974.0,149974.0,0.0,0.0,lock_stripping,32,1,0,10000000,sync_on,lock_stripping_p32_w1_i0_t10000000
3.77,1133.2242381642725,980.7692307692308,1271.8446601941748,2799274.6666666665,2780340.0,2836652.0,137061.33333333334,135799.0,139582.0,0.0,0.0,lock_stripping,32,1,0,10000000,sync_on,lock_stripping_p32_w1_i0_t10000000
3.78,1156.8627450980393,1156.8627450980393,1156.8627450980393,2779388.0,2779388.0,2779388.0,135810.0,135810.0,135810.0,0.0,0.0,lock_stripping,32,1,0,10000000,sync_on,lock_stripping_p32_w1_i0_t10000000
3.8,368.93203883495147,368.93203883495147,368.93203883495147,2767768.0,2767768.0,2767768.0,149995.0,149995.0,149995.0,0.0,0.0,lock_stripping,32,1,0,10000000,sync_on,lock_stripping_p32_w1_i0_t10000000
3.88,1223.2665728023403,1184.4660194174758,1277.227722772277,2795105.0,2780096.0,2837544.0,134919.5,132083.0,135867.0,0.0,0.0,lock_stripping,32,1,0,10000000,sync_on,lock_stripping_p32_w1_i0_t10000000
3.91,298.0769230769231,298.0769230769231,298.0769230769231,2767968.0,2767968.0,2767968.0,150007.0,150007.0,150007.0,0.0,0.0,lock_stripping,32,1,0,10000000,sync_on,lock_stripping_p32_w1_i0_t10000000
3.98,1231.0218336774592,1147.058823529412,1281.5533980582525,2795852.0,2780880.0,2838272.0,134036.25,132140.0,135932.0,0.0,0.0,lock_stripping,32,1,0,10000000,sync_on,lock_stripping_p32_w1_i0_t10000000
4.01,398.05825242718447,398.05825242718447,398.05825242718447,2768312.0,2768312.0,2768312.0,150028.0,150028.0,150028.0,0.0,0.0,lock_stripping,32,1,0,10000000,sync_on,lock_stripping_p32_w1_i0_t10000000
4.08,1111.0706658901183,1029.7029702970297,1217.8217821782177,2796406.0,2781332.0,2838944.0,134095.5,132203.0,135987.0,0.0,0.0,lock_stripping,32,1,0,10000000,sync_on,lock_stripping_p32_w1_i0_t10000000
4.12,240.3846153846154,240.3846153846154,240.3846153846154,2768376.0,2768376.0,2768376.0,150048.0,150048.0,150048.0,0.0,0.0,lock_stripping,32,1,0,10000000,sync_on,lock_stripping_p32_w1_i0_t10000000
4.18,1035.9477124183006,980.3921568627452,1088.235294117647,2801830.6666666665,2782760.0,2839140.0,133527.66666666666,132263.0,136053.0,0.0,0.0,lock_stripping,32,1,0,10000000,sync_on,lock_stripping_p32_w1_i0_t10000000
4.19,1166.6666666666667,1166.6666666666667,1166.6666666666667,2782100.0,2782100.0,2782100.0,136318.0,136318.0,136318.0,0.0,0.0,lock_stripping,32,1,0,10000000,sync_on,lock_stripping_p32_w1_i0_t10000000
4.22,320.3883495145631,320.3883495145631,320.3883495145631,2768640.0,2768640.0,2768640.0,150068.0,150068.0,150068.0,0.0,0.0,lock_stripping,32,1,0,10000000,sync_on,lock_stripping_p32_w1_i0_t10000000
4.28,1156.8627450980393,1156.8627450980393,1156.8627450980393,2839720.0,2839720.0,2839720.0,136374.0,136374.0,136374.0,0.0,0.0,lock_stripping,32,1,0,10000000,sync_on,lock_stripping_p32_w1_i0_t10000000
4.29,1103.572004515401,1009.433962264151,1166.6666666666667,2783425.3333333335,2782556.0,2784340.0,132327.66666666666,132325.0,132332.0,0.0,0.0,lock_stripping,32,1,0,10000000,sync_on,lock_stripping_p32_w1_i0_t10000000
4.32,582.5242718446602,582.5242718446602,582.5242718446602,2769212.0,2769212.0,2769212.0,150090.0,150090.0,150090.0,0.0,0.0,lock_stripping,32,1,0,10000000,sync_on,lock_stripping_p32_w1_i0_t10000000
4.39,874.9995333243733,326.73267326732673,1105.7692307692307,2797965.0,2783176.0,2840176.0,132377.25,132350.0,132392.0,0.0,0.0,lock_stripping,32,1,0,10000000,sync_on,lock_stripping_p32_w1_i0_t10000000
4.42,326.92307692307696,326.92307692307696,326.92307692307696,2769544.0,2769544.0,2769544.0,150107.0,150107.0,150107.0,0.0,0.0,lock_stripping,32,1,0,10000000,sync_on,lock_stripping_p32_w1_i0_t10000000
4.49,780.9822958309538,313.72549019607845,1019.4174757281554,2803308.0,2783780.0,2840724.0,132414.0,132364.0,132448.0,0.0,0.0,lock_stripping,32,1,0,10000000,sync_on,lock_stripping_p32_w1_i0_t10000000
4.5,1207.9207920792078,1207.9207920792078,1207.9207920792078,2783928.0,2783928.0,2783928.0,132450.0,132450.0,132450.0,0.0,0.0,lock_stripping,32,1,0,10000000,sync_on,lock_stripping_p32_w1_i0_t10000000
4.53,343.13725490196083,343.13725490196083,343.13725490196083,2769956.0,2769956.0,2769956.0,150126.0,150126.0,150126.0,0.0,0.0,lock_stripping,32,1,0,10000000,sync_on,lock_stripping_p32_w1_i0_t10000000
4.59,819.8260431411501,271.84466019417476,1138.6138613861385,2803746.6666666665,2783928.0,2841424.0,132458.66666666666,132379.0,132504.0,0.0,0.0,lock_stripping,32,1,0,10000000,sync_on,lock_stripping_p32_w1_i0_t10000000
4.6,1009.8039215686275,1009.8039215686275,1009.8039215686275,2784188.0,2784188.0,2784188.0,132505.0,132505.0,132505.0,0.0,0.0,lock_stripping,32,1,0,10000000,sync_on,lock_stripping_p32_w1_i0_t10000000
4.63,388.3495145631068,388.3495145631068,388.3495145631068,2770268.0,2770268.0,2770268.0,150145.0,150145.0,150145.0,0.0,0.0,lock_stripping,32,1,0,10000000,sync_on,lock_stripping_p32_w1_i0_t10000000
4.7,1061.1331070889894,528.8461538461539,1362.7450980392157,2799345.0,2784108.0,2842296.0,132518.75,132397.0,132567.0,0.0,0.0,lock_stripping,32,1,0,10000000,sync_on,lock_stripping_p32_w1_i0_t10000000
4.73,298.0769230769231,298.0769230769231,298.0769230769231,2770392.0,2770392.0,2770392.0,150163.0,150163.0,150163.0,0.0,0.0,lock_stripping,32,1,0,10000000,sync_on,lock_stripping_p32_w1_i0_t10000000
4.8,879.6020378736903,320.3883495145631,1198.019801980198,2799635.0,2784312.0,2842604.0,132567.75,132414.0,132623.0,0.0,0.0,lock_stripping,32,1,0,10000000,sync_on,lock_stripping_p32_w1_i0_t10000000
4.84,368.93203883495147,368.93203883495147,368.93203883495147,2770588.0,2770588.0,2770588.0,150182.0,150182.0,150182.0,0.0,0.0,lock_stripping,32,1,0,10000000,sync_on,lock_stripping_p32_w1_i0_t10000000
4.9,969.5680823738483,326.92307692307696,1237.6237623762374,2800065.0,2784392.0,2843108.0,132619.25,132431.0,132685.0,0.0,0.0,lock_stripping,32,1,0,10000000,sync_on,lock_stripping_p32_w1_i0_t10000000
4.94,359.2233009708738,359.2233009708738,359.2233009708738,2770916.0,2770916.0,2770916.0,150200.0,150200.0,150200.0,0.0,0.0,lock_stripping,32,1,0,10000000,sync_on,lock_stripping_p32_w1_i0_t10000000
5.0,893.703597944032,291.2621359223301,1107.843137254902,2800518.0,2784588.0,2843712.0,132670.5,132449.0,132750.0,0.0,0.0,lock_stripping,32,1,0,10000000,sync_on,lock_stripping_p32_w1_i0_t10000000
5.04,336.53846153846155,336.53846153846155,336.53846153846155,2771016.0,2771016.0,2771016.0,150218.0,150218.0,150218.0,0.0,0.0,lock_stripping,32,1,0,10000000,sync_on,lock_stripping_p32_w1_i0_t10000000
5.1,1096.1538461538462,1096.1538461538462,1096.1538461538462,2788420.0,2788420.0,2788420.0,132796.0,132796.0,132796.0,0.0,0.0,lock_stripping,32,1,0,10000000,sync_on,lock_stripping_p32_w1_i0_t10000000
5.11,958.6585443238786,388.3495145631068,1262.1359223300972,2805321.3333333335,2784892.0,2844368.0,132694.33333333334,132464.0,132812.0,0.0,0.0,lock_stripping,32,1,0,10000000,sync_on,lock_stripping_p32_w1_i0_t10000000
5.15,262.1359223300971,262.1359223300971,262.1359223300971,2771268.0,2771268.0,2771268.0,150237.0,150237.0,150237.0,0.0,0.0,lock_stripping,32,1,0,10000000,sync_on,lock_stripping_p32_w1_i0_t10000000
5.21,994.7204986335737,240.3846153846154,1411.764705882353,2801557.0,2784992.0,2844892.0,132768.0,132476.0,132871.0,0.0,0.0,lock_stripping,32,1,0,10000000,sync_on,lock_stripping_p32_w1_i0_t10000000
5.25,384.61538461538464,384.61538461538464,384.61538461538464,2771612.0,2771612.0,2771612.0,150254.0,150254.0,150254.0,0.0,0.0,lock_stripping,32,1,0,10000000,sync_on,lock_stripping_p32_w1_i0_t10000000
5.31,1172.6177142601139,1128.7128712871286,1235.294117647059,2807622.6666666665,2787692.0,2845464.0,132930.33333333334,132928.0,132933.0,0.0,0.0,lock_stripping,32,1,0,10000000,sync_on,lock_stripping_p32_w1_i0_t10000000
5.32,330.0970873786408,330.0970873786408,330.0970873786408,2785160.0,2785160.0,2785160.0,132496.0,132496.0,132496.0,0.0,0.0,lock_stripping,32,1,0,10000000,sync_on,lock_stripping_p32_w1_i0_t10000000
5.35,359.2233009708738,359.2233009708738,359.2233009708738,2771888.0,2771888.0,2771888.0,150274.0,150274.0,150274.0,0.0,0.0,lock_stripping,32,1,0,10000000,sync_on,lock_stripping_p32_w1_i0_t10000000
5.41,1140.6293684765394,1098.0392156862745,1178.2178217821781,2808042.6666666665,2788028.0,2845908.0,132991.0,132987.0,132996.0,0.0,0.0,lock_stripping,32,1,0,10000000,sync_on,lock_stripping_p32_w1_i0_t10000000
5.42,317.3076923076923,317.3076923076923,317.3076923076923,2785288.0,2785288.0,2785288.0,132509.0,132509.0,132509.0,0.0,0.0,lock_stripping,32,1,0,10000000,sync_on,lock_stripping_p32_w1_i0_t10000000
5.46,442.3076923076923,442.3076923076923,442.3076923076923,2772256.0,2772256.0,2772256.0,150297.0,150297.0,150297.0,0.0,0.0,lock_stripping,32,1,0,10000000,sync_on,lock_stripping_p32_w1_i0_t10000000
5.51,1157.2579302476222,1106.7961165048544,1227.7227722772277,2808440.0,2788324.0,2846392.0,133048.33333333334,133046.0,133050.0,0.0,0.0,lock_stripping,32,1,0,10000000,sync_on,lock_stripping_p32_w1_i0_t10000000
5.52,291.2621359223301,291.2621359223301,291.2621359223301,2785528.0,2785528.0,2785528.0,132526.0,132526.0,132526.0,0.0,0.0,lock_stripping,32,1,0,10000000,sync_on,lock_stripping_p32_w1_i0_t10000000
5.56,300.97087378640776,300.97087378640776,300.97087378640776,2772712.0,2772712.0,2772712.0,150315.0,150315.0,150315.0,0.0,0.0,lock_stripping,32,1,0,10000000,sync_on,lock_stripping_p32_w1_i0_t10000000
5.61,1079.2079207920792,1079.2079207920792,1079.2079207920792,2790840.0,2790840.0,2790840.0,133111.0,133111.0,133111.0,0.0,0.0,lock_stripping,32,1,0,10000000,sync_on,lock_stripping_p32_w1_i0_t10000000
5.62,1146.0218702865761,1105.7692307692307,1186.2745098039215,2817688.0,2788692.0,2846684.0,133116.5,133115.0,133118.0,0.0,0.0,lock_stripping,32,1,0,10000000,sync_on,lock_stripping_p32_w1_i0_t10000000
5.63,259.61538461538464,259.61538461538464,259.61538461538464,2785640.0,2785640.0,2785640.0,132541.0,132541.0,132541.0,0.0,0.0,lock_stripping,32,1,0,10000000,sync_on,lock_stripping_p32_w1_i0_t10000000
5.67,451.92307692307696,451.92307692307696,451.92307692307696,2773280.0,2773280.0,2773280.0,150333.0,150333.0,150333.0,0.0,0.0,lock_stripping,32,1,0,10000000,sync_on,lock_stripping_p32_w1_i0_t10000000
5.72,1140.8140814081407,1089.108910891089,1205.8823529411766,2809042.6666666665,2788948.0,2847008.0,133173.33333333334,133172.0,133174.0,0.0,0.0,lock_stripping,32,1,0,10000000,sync_on,lock_stripping_p32_w1_i0_t10000000
5.73,320.3883495145631,320.3883495145631,320.3883495145631,2785700.0,2785700.0,2785700.0,132563.0,132563.0,132563.0,0.0,0.0,lock_stripping,32,1,0,10000000,sync_on,lock_stripping_p32_w1_i0_t10000000
5.77,223.3009708737864,223.3009708737864,223.3009708737864,2773632.0,2773632.0,2773632.0,150349.0,150349.0,150349.0,0.0,0.0,lock_stripping,32,1,0,10000000,sync_on,lock_stripping_p32_w1_i0_t10000000
5.82,1124.3447874199185,1049.5049504950493,1196.0784313725492,2809392.0,2789296.0,2847364.0,133234.0,133230.0,133239.0,0.0,0.0,lock_stripping,32,1,0,10000000,sync_on,lock_stripping_p32_w1_i0_t10000000
5.83,346.1538461538462,346.1538461538462,346.1538461538462,2785776.0,2785776.0,2785776.0,132580.0,132580.0,132580.0,0.0,0.0,lock_stripping,32,1,0,10000000,sync_on,lock_stripping_p32_w1_i0_t10000000
5.87,461.53846153846155,461.53846153846155,461.53846153846155,2773988.0,2773988.0,2773988.0,150367.0,150367.0,150367.0,0.0,0.0,lock_stripping,32,1,0,10000000,sync_on,lock_stripping_p32_w1_i0_t10000000
5.92,1029.1852714683234,930.6930693069306,1107.843137254902,2809721.3333333335,2789604.0,2847748.0,133290.66666666666,133286.0,133297.0,0.0,0.0,lock_stripping,32,1,0,10000000,sync_on,lock_stripping_p32_w1_i0_t10000000
5.94,252.42718446601944,252.42718446601944,252.42718446601944,2785880.0,2785880.0,2785880.0,132595.0,132595.0,132595.0,0.0,0.0,lock_stripping,32,1,0,10000000,sync_on,lock_stripping_p32_w1_i0_t10000000
5.97,300.97087378640776,300.97087378640776,300.97087378640776,2774084.0,2774084.0,2774084.0,150388.0,150388.0,150388.0,0.0,0.0,lock_stripping,32,1,0,10000000,sync_on,lock_stripping_p32_w1_i0_t10000000
6.02,1049.0196078431372,1049.0196078431372,1049.0196078431372,2792224.0,2792224.0,2792224.0,133346.0,133346.0,133346.0,0.0,0.0,lock_stripping,32,1,0,10000000,sync_on,lock_stripping_p32_w1_i0_t10000000
6.03,1081.456043956044,1057.142857142857,1105.7692307692307,2819104.0,2790160.0,2848048.0,133346.0,133345.0,133347.0,0.0,0.0,lock_stripping,32,1,0,10000000,sync_on,lock_stripping_p32_w1_i0_t10000000
6.04,375.0,375.0,375.0,2786060.0,2786060.0,2786060.0,132616.0,132616.0,132616.0,0.0,0.0,lock_stripping,32,1,0,10000000,sync_on,lock_stripping_p32_w1_i0_t10000000
6.08,278.84615384615387,278.84615384615387,278.84615384615387,2774240.0,2774240.0,2774240.0,150404.0,150404.0,150404.0,0.0,0.0,lock_stripping,32,1,0,10000000,sync_on,lock_stripping_p32_w1_i0_t10000000
6.12,1252.4271844660195,1252.4271844660195,1252.4271844660195,2792632.0,2792632.0,2792632.0,133420.0,133420.0,133420.0,0.0,0.0,lock_stripping,32,1,0,10000000,sync_on,lock_stripping_p32_w1_i0_t10000000
6.13,1201.7569403999223,1158.4158415841584,1245.0980392156864,2819430.0,2790512.0,2848348.0,133415.5,133409.0,133422.0,0.0,0.0,lock_stripping,32,1,0,10000000,sync_on,lock_stripping_p32_w1_i0_t10000000
6.14,262.1359223300971,262.1359223300971,262.1359223300971,2786116.0,2786116.0,2786116.0,132632.0,132632.0,132632.0,0.0,0.0,lock_stripping,32,1,0,10000000,sync_on,lock_stripping_p32_w1_i0_t10000000
6.18,485.4368932038835,485.4368932038835,485.4368932038835,2774644.0,2774644.0,2774644.0,150423.0,150423.0,150423.0,0.0,0.0,lock_stripping,32,1,0,10000000,sync_on,lock_stripping_p32_w1_i0_t10000000
6.23,1204.7718763880957,1127.450980392157,1339.8058252427186,2810930.6666666665,2791024.0,2848732.0,133482.66666666666,133476.0,133488.0,0.0,0.0,lock_stripping,32,1,0,10000000,sync_on,lock_stripping_p32_w1_i0_t10000000
6.25,388.3495145631068,388.3495145631068,388.3495145631068,2786360.0,2786360.0,2786360.0,132655.0,132655.0,132655.0,0.0,0.0,lock_stripping,32,1,0,10000000,sync_on,lock_stripping_p32_w1_i0_t10000000
6.29,233.0097087378641,233.0097087378641,233.0097087378641,2774772.0,2774772.0,2774772.0,150442.0,150442.0,150442.0,0.0,0.0,lock_stripping,32,1,0,10000000,sync_on,lock_stripping_p32_w1_i0_t10000000
6.33,1203.3262149744387,1166.6666666666667,1225.4901960784314,2811293.3333333335,2791280.0,2849140.0,133548.33333333334,133540.0,133556.0,0.0,0.0,lock_stripping,32,1,0,10000000,sync_on,lock_stripping_p32_w1_i0_t10000000
6.35,211.53846153846155,211.53846153846155,211.53846153846155,2786420.0,2786420.0,2786420.0,132667.0,132667.0,132667.0,0.0,0.0,lock_stripping,32,1,0,10000000,sync_on,lock_stripping_p32_w1_i0_t10000000
6.39,242.71844660194176,242.71844660194176,242.71844660194176,2774984.0,2774984.0,2774984.0,150721.0,150721.0,150721.0,0.0,0.0,lock_stripping,32,1,0,10000000,sync_on,lock_stripping_p32_w1_i0_t10000000
6.43,1114.3790849673203,1088.235294117647,1156.8627450980393,2811677.3333333335,2791788.0,2849420.0,133608.66666666666,133597.0,133624.0,0.0,0.0,lock_stripping,32,1,0,10000000,sync_on,lock_stripping_p32_w1_i0_t10000000
6.45,533.9805825242719,533.9805825242719,533.9805825242719,2786656.0,2786656.0,2786656.0,132692.0,132692.0,132692.0,0.0,0.0,lock_stripping,32,1,0,10000000,sync_on,lock_stripping_p32_w1_i0_t10000000
6.49,0.0,0.0,0.0,2774984.0,2774984.0,2774984.0,150721.0,150721.0,150721.0,0.0,0.0,lock_stripping,32,1,0,10000000,sync_on,lock_stripping_p32_w1_i0_t10000000
6.53,1123.2284993205203,1107.843137254902,1138.6138613861385,2822092.0,2794284.0,2849900.0,133670.5,133663.0,133678.0,0.0,0.0,lock_stripping,32,1,0,10000000,sync_on,lock_stripping_p32_w1_i0_t10000000
6.54,1198.019801980198,1198.019801980198,1198.019801980198,2792120.0,2792120.0,2792120.0,133659.0,133659.0,133659.0,0.0,0.0,lock_stripping,32,1,0,10000000,sync_on,lock_stripping_p32_w1_i0_t10000000
6.56,298.0769230769231,298.0769230769231,298.0769230769231,2786804.0,2786804.0,2786804.0,132705.0,132705.0,132705.0,0.0,0.0,lock_stripping,32,1,0,10000000,sync_on,lock_stripping_p32_w1_i0_t10000000
6.59,291.2621359223301,291.2621359223301,291.2621359223301,2775264.0,2775264.0,2775264.0,150740.0,150740.0,150740.0,0.0,0.0,lock_stripping,32,1,0,10000000,sync_on,lock_stripping_p32_w1_i0_t10000000
6.63,1192.0986216268686,1188.118811881188,1196.0784313725492,2822398.0,2794588.0,2850208.0,133731.5,133724.0,133739.0,0.0,0.0,lock_stripping,32,1,0,10000000,sync_on,lock_stripping_p32_w1_i0_t10000000
6.64,1147.058823529412,1147.058823529412,1147.058823529412,2792480.0,2792480.0,2792480.0,133717.0,133717.0,133717.0,0.0,0.0,lock_stripping,32,1,0,10000000,sync_on,lock_stripping_p32_w1_i0_t10000000
6.66,274.5098039215686,274.5098039215686,274.5098039215686,2786916.0,2786916.0,2786916.0,132725.0,132725.0,132725.0,0.0,0.0,lock_stripping,32,1,0,10000000,sync_on,lock_stripping_p32_w1_i0_t10000000
6.7,230.76923076923077,230.76923076923077,230.76923076923077,2775404.0,2775404.0,2775404.0,146717.0,146717.0,146717.0,0.0,0.0,lock_stripping,32,1,0,10000000,sync_on,lock_stripping_p32_w1_i0_t10000000
6.74,1169.934640522876,1107.843137254902,1235.294117647059,2812736.0,2792716.0,2850620.0,133786.33333333334,133776.0,133803.0,0.0,0.0,lock_stripping,32,1,0,10000000,sync_on,lock_stripping_p32_w1_i0_t10000000
6.76,242.71844660194176,242.71844660194176,242.71844660194176,2787028.0,2787028.0,2787028.0,132739.0,132739.0,132739.0,0.0,0.0,lock_stripping,32,1,0,10000000,sync_on,lock_stripping_p32_w1_i0_t10000000
6.8,320.3883495145631,320.3883495145631,320.3883495145631,2775676.0,2775676.0,2775676.0,146730.0,146730.0,146730.0,0.0,0.0,lock_stripping,32,1,0,10000000,sync_on,lock_stripping_p32_w1_i0_t10000000
6.84,1172.2190494320705,1058.2524271844661,1242.7184466019419,2813025.3333333335,2792972.0,2850884.0,133847.0,133841.0,133854.0,0.0,0.0,lock_stripping,32,1,0,10000000,sync_on,lock_stripping_p32_w1_i0_t10000000
6.87,355.7692307692308,355.7692307692308,355.7692307692308,2787184.0,2787184.0,2787184.0,132761.0,132761.0,132761.0,0.0,0.0,lock_stripping,32,1,0,10000000,sync_on,lock_stripping_p32_w1_i0_t10000000
6.91,355.7692307692308,355.7692307692308,355.7692307692308,2775996.0,2775996.0,2775996.0,146752.0,146752.0,146752.0,0.0,0.0,lock_stripping,32,1,0,10000000,sync_on,lock_stripping_p32_w1_i0_t10000000
6.94,1189.5424836601308,1127.450980392157,1245.0980392156864,2813441.3333333335,2793352.0,2851436.0,132735.33333333334,130139.0,134172.0,0.0,0.0,lock_stripping,32,1,0,10000000,sync_on,lock_stripping_p32_w1_i0_t10000000
6.97,398.05825242718447,398.05825242718447,398.05825242718447,2787256.0,2787256.0,2787256.0,132779.0,132779.0,132779.0,0.0,0.0,lock_stripping,32,1,0,10000000,sync_on,lock_stripping_p32_w1_i0_t10000000
7.01,262.1359223300971,262.1359223300971,262.1359223300971,2776092.0,2776092.0,2776092.0,147030.0,147030.0,147030.0,0.0,0.0,lock_stripping,32,1,0,10000000,sync_on,lock_stripping_p32_w1_i0_t10000000
7.04,1081.7964149356112,1029.7029702970297,1137.2549019607843,2813736.0,2793616.0,2851752.0,131449.33333333334,130187.0,133959.0,0.0,0.0,lock_stripping,32,1,0,10000000,sync_on,lock_stripping_p32_w1_i0_t10000000
7.07,259.61538461538464,259.61538461538464,259.61538461538464,2787376.0,2787376.0,2787376.0,132800.0,132800.0,132800.0,0.0,0.0,lock_stripping,32,1,0,10000000,sync_on,lock_stripping_p32_w1_i0_t10000000
7.11,0.0,0.0,0.0,2776092.0,2776092.0,2776092.0,147030.0,147030.0,147030.0,0.0,0.0,lock_stripping,32,1,0,10000000,sync_on,lock_stripping_p32_w1_i0_t10000000
7.14,1205.8823529411766,1205.8823529411766,1205.8823529411766,2796072.0,2796072.0,2796072.0,130248.0,130248.0,130248.0,0.0,0.0,lock_stripping,32,1,0,10000000,sync_on,lock_stripping_p32_w1_i0_t10000000
7.15,1221.753057658707,1205.8823529411766,1237.6237623762374,2823024.0,2793984.0,2852064.0,132282.5,130270.0,134295.0,0.0,0.0,lock_stripping,32,1,0,10000000,sync_on,lock_stripping_p32_w1_i0_t10000000
7.18,242.71844660194176,242.71844660194176,242.71844660194176,2787440.0,2787440.0,2787440.0,132815.0,132815.0,132815.0,0.0,0.0,lock_stripping,32,1,0,10000000,sync_on,lock_stripping_p32_w1_i0_t10000000
7.22,339.80582524271847,339.80582524271847,339.80582524271847,2776276.0,2776276.0,2776276.0,147044.0,147044.0,147044.0,0.0,0.0,lock_stripping,32,1,0,10000000,sync_on,lock_stripping_p32_w1_i0_t10000000
7.25,1183.0065359477123,1068.6274509803923,1274.5098039215686,2814410.6666666665,2794384.0,2852380.0,130317.66666666667,130315.0,130321.0,0.0,0.0,lock_stripping,32,1,0,10000000,sync_on,lock_stripping_p32_w1_i0_t10000000
7.28,378.6407766990292,378.6407766990292,378.6407766990292,2787564.0,2787564.0,2787564.0,132831.0,132831.0,132831.0,0.0,0.0,lock_stripping,32,1,0,10000000,sync_on,lock_stripping_p32_w1_i0_t10000000
7.32,288.46153846153845,288.46153846153845,288.46153846153845,2776320.0,2776320.0,2776320.0,143021.0,143021.0,143021.0,0.0,0.0,lock_stripping,32,1,0,10000000,sync_on,lock_stripping_p32_w1_i0_t10000000
7.35,1173.661255331701,1087.378640776699,1227.7227722772277,2814748.0,2794544.0,2852760.0,130383.0,130372.0,130394.0,0.0,0.0,lock_stripping,32,1,0,10000000,sync_on,lock_stripping_p32_w1_i0_t10000000
7.38,336.53846153846155,336.53846153846155,336.53846153846155,2787760.0,2787760.0,2787760.0,132849.0,132849.0,132849.0,0.0,0.0,lock_stripping,32,1,0,10000000,sync_on,lock_stripping_p32_w1_i0_t10000000
7.42,310.67961165048547,310.67961165048547,310.67961165048547,2776352.0,2776352.0,2776352.0,143039.0,143039.0,143039.0,0.0,0.0,lock_stripping,32,1,0,10000000,sync_on,lock_stripping_p32_w1_i0_t10000000
7.45,1169.187675070028,1076.1904761904761,1303.921568627451,2815082.6666666665,2794956.0,2853020.0,130441.33333333333,130429.0,130459.0,0.0,0.0,lock_stripping,32,1,0,10000000,sync_on,lock_stripping_p32_w1_i0_t10000000
7.49,495.1456310679612,495.1456310679612,495.1456310679612,2787948.0,2787948.0,2787948.0,132874.0,132874.0,132874.0,0.0,0.0,lock_stripping,32,1,0,10000000,sync_on,lock_stripping_p32_w1_i0_t10000000
7.53,375.0,375.0,375.0,2776560.0,2776560.0,2776560.0,143062.0,143062.0,143062.0,0.0,0.0,lock_stripping,32,1,0,10000000,sync_on,lock_stripping_p32_w1_i0_t10000000
7.55,1078.501739380106,1039.2156862745098,1108.9108910891089,2815493.3333333335,2795312.0,2853472.0,127983.0,126718.0,130488.0,0.0,0.0,lock_stripping,32,1,0,10000000,sync_on,lock_stripping_p32_w1_i0_t10000000
7.59,298.0769230769231,298.0769230769231,298.0769230769231,2788152.0,2788152.0,2788152.0,132890.0,132890.0,132890.0,0.0,0.0,lock_stripping,32,1,0,10000000,sync_on,lock_stripping_p32_w1_i0_t10000000
7.63,213.59223300970876,213.59223300970876,213.59223300970876,2776788.0,2776788.0,2776788.0,143074.0,143074.0,143074.0,0.0,0.0,lock_stripping,32,1,0,10000000,sync_on,lock_stripping_p32_w1_i0_t10000000
7.65,1235.294117647059,1235.294117647059,1235.294117647059,2798192.0,2798192.0,2798192.0,130553.0,130553.0,130553.0,0.0,0.0,lock_stripping,32,1,0,10000000,sync_on,lock_stripping_p32_w1_i0_t10000000
7.66,1325.2281110463987,1303.921568627451,1346.5346534653465,2824646.0,2795612.0,2853680.0,126795.0,126785.0,126805.0,0.0,0.0,lock_stripping,32,1,0,10000000,sync_on,lock_stripping_p32_w1_i0_t10000000
7.69,398.05825242718447,398.05825242718447,398.05825242718447,2788364.0,2788364.0,2788364.0,132912.0,132912.0,132912.0,0.0,0.0,lock_stripping,32,1,0,10000000,sync_on,lock_stripping_p32_w1_i0_t10000000
7.73,211.53846153846155,211.53846153846155,211.53846153846155,2777096.0,2777096.0,2777096.0,143350.0,143350.0,143350.0,0.0,0.0,lock_stripping,32,1,0,10000000,sync_on,lock_stripping_p32_w1_i0_t10000000
7.76,1107.3403720462545,1076.923076923077,1147.058823529412,2816225.3333333335,2796072.0,2853860.0,125590.0,123068.0,126861.0,0.0,0.0,lock_stripping,32,1,0,10000000,sync_on,lock_stripping_p32_w1_i0_t10000000
7.8,298.0769230769231,298.0769230769231,298.0769230769231,2788512.0,2788512.0,2788512.0,132927.0,132927.0,132927.0,0.0,0.0,lock_stripping,32,1,0,10000000,sync_on,lock_stripping_p32_w1_i0_t10000000
7.84,0.0,0.0,0.0,2777096.0,2777096.0,2777096.0,143350.0,143350.0,143350.0,0.0,0.0,lock_stripping,32,1,0,10000000,sync_on,lock_stripping_p32_w1_i0_t10000000
7.86,1048.6388730249382,990.1960784313726,1116.504854368932,2816473.3333333335,2796392.0,2854032.0,125646.66666666667,123122.0,126924.0,0.0,0.0,lock_stripping,32,1,0,10000000,sync_on,lock_stripping_p32_w1_i0_t10000000
7.9,320.3883495145631,320.3883495145631,320.3883495145631,2788632.0,2788632.0,2788632.0,132948.0,132948.0,132948.0,0.0,0.0,lock_stripping,32,1,0,10000000,sync_on,lock_stripping_p32_w1_i0_t10000000
7.94,586.5384615384615,586.5384615384615,586.5384615384615,2777628.0,2777628.0,2777628.0,139336.0,139336.0,139336.0,0.0,0.0,lock_stripping,32,1,0,10000000,sync_on,lock_stripping_p32_w1_i0_t10000000
7.96,1238.562091503268,1166.6666666666667,1352.9411764705883,2816772.0,2796652.0,2854364.0,125710.66666666667,123186.0,126985.0,0.0,0.0,lock_stripping,32,1,0,10000000,sync_on,lock_stripping_p32_w1_i0_t10000000
8.0,298.0769230769231,298.0769230769231,298.0769230769231,2788824.0,2788824.0,2788824.0,132966.0,132966.0,132966.0,0.0,0.0,lock_stripping,32,1,0,10000000,sync_on,lock_stripping_p32_w1_i0_t10000000
8.04,233.0097087378641,233.0097087378641,233.0097087378641,2777780.0,2777780.0,2777780.0,139351.0,139351.0,139351.0,0.0,0.0,lock_stripping,32,1,0,10000000,sync_on,lock_stripping_p32_w1_i0_t10000000
8.06,1229.9817360376815,1188.118811881188,1271.8446601941748,2827130.0,2799604.0,2854656.0,125150.5,123250.0,127051.0,0.0,0.0,lock_stripping,32,1,0,10000000,sync_on,lock_stripping_p32_w1_i0_t10000000
8.07,1271.8446601941748,1271.8446601941748,1271.8446601941748,2796872.0,2796872.0,2796872.0,127033.0,127033.0,127033.0,0.0,0.0,lock_stripping,32,1,0,10000000,sync_on,lock_stripping_p32_w1_i0_t10000000
8.11,310.67961165048547,310.67961165048547,310.67961165048547,2788920.0,2788920.0,2788920.0,132986.0,132986.0,132986.0,0.0,0.0,lock_stripping,32,1,0,10000000,sync_on,lock_stripping_p32_w1_i0_t10000000
8.15,403.84615384615387,403.84615384615387,403.84615384615387,2777896.0,2777896.0,2777896.0,139367.0,139367.0,139367.0,0.0,0.0,lock_stripping,32,1,0,10000000,sync_on,lock_stripping_p32_w1_i0_t10000000
8.16,1264.7058823529412,1264.7058823529412,1264.7058823529412,2799848.0,2799848.0,2799848.0,123312.0,123312.0,123312.0,0.0,0.0,lock_stripping,32,1,0,10000000,sync_on,lock_stripping_p32_w1_i0_t10000000
8.17,1171.5686274509803,1166.6666666666667,1176.4705882352941,2826206.0,2797432.0,2854980.0,127102.5,127095.0,127110.0,0.0,0.0,lock_stripping,32,1,0,10000000,sync_on,lock_stripping_p32_w1_i0_t10000000
8.21,317.3076923076923,317.3076923076923,317.3076923076923,2788976.0,2788976.0,2788976.0,133007.0,133007.0,133007.0,0.0,0.0,lock_stripping,32,1,0,10000000,sync_on,lock_stripping_p32_w1_i0_t10000000
8.25,194.1747572815534,194.1747572815534,194.1747572815534,2777920.0,2777920.0,2777920.0,139384.0,139384.0,139384.0,0.0,0.0,lock_stripping,32,1,0,10000000,sync_on,lock_stripping_p32_w1_i0_t10000000
8.27,1294.7647705947065,1198.019801980198,1441.1764705882354,2817709.3333333335,2797716.0,2855312.0,125905.33333333333,123374.0,127184.0,0.0,0.0,lock_stripping,32,1,0,10000000,sync_on,lock_stripping_p32_w1_i0_t10000000
8.31,291.2621359223301,291.2621359223301,291.2621359223301,2789076.0,2789076.0,2789076.0,133019.0,133019.0,133019.0,0.0,0.0,lock_stripping,32,1,0,10000000,sync_on,lock_stripping_p32_w1_i0_t10000000
8.36,403.84615384615387,403.84615384615387,403.84615384615387,2778388.0,2778388.0,2778388.0,139404.0,139404.0,139404.0,0.0,0.0,lock_stripping,32,1,0,10000000,sync_on,lock_stripping_p32_w1_i0_t10000000
8.37,1281.385648559145,1235.294117647059,1356.4356435643563,2817990.6666666665,2798032.0,2855616.0,125974.0,123439.0,127252.0,0.0,0.0,lock_stripping,32,1,0,10000000,sync_on,lock_stripping_p32_w1_i0_t10000000
8.42,317.3076923076923,317.3076923076923,317.3076923076923,2789280.0,2789280.0,2789280.0,133033.0,133033.0,133033.0,0.0,0.0,lock_stripping,32,1,0,10000000,sync_on,lock_stripping_p32_w1_i0_t10000000
8.46,300.97087378640776,300.97087378640776,300.97087378640776,2778728.0,2778728.0,2778728.0,139683.0,139683.0,139683.0,0.0,0.0,lock_stripping,32,1,0,10000000,sync_on,lock_stripping_p32_w1_i0_t10000000
8.47,1231.3281299574846,1205.8823529411766,1274.5098039215686,2818300.0,2798384.0,2855876.0,126033.66666666667,123494.0,127312.0,0.0,0.0,lock_stripping,32,1,0,10000000,sync_on,lock_stripping_p32_w1_i0_t10000000
8.52,194.1747572815534,194.1747572815534,194.1747572815534,2789384.0,2789384.0,2789384.0,133050.0,133050.0,133050.0,0.0,0.0,lock_stripping,32,1,0,10000000,sync_on,lock_stripping_p32_w1_i0_t10000000
8.56,38.46153846153846,38.46153846153846,38.46153846153846,2778804.0,2778804.0,2778804.0,139685.0,139685.0,139685.0,0.0,0.0,lock_stripping,32,1,0,10000000,sync_on,lock_stripping_p32_w1_i0_t10000000
8.57,1093.137254901961,1039.2156862745098,1147.058823529412,2828534.0,2800812.0,2856256.0,125470.5,123559.0,127382.0,0.0,0.0,lock_stripping,32,1,0,10000000,sync_on,lock_stripping_p32_w1_i0_t10000000
8.58,1145.6310679611652,1145.6310679611652,1145.6310679611652,2798692.0,2798692.0,2798692.0,127348.0,127348.0,127348.0,0.0,0.0,lock_stripping,32,1,0,10000000,sync_on,lock_stripping_p32_w1_i0_t10000000
8.62,375.0,375.0,375.0,2789584.0,2789584.0,2789584.0,133067.0,133067.0,133067.0,0.0,0.0,lock_stripping,32,1,0,10000000,sync_on,lock_stripping_p32_w1_i0_t10000000
8.66,233.0097087378641,233.0097087378641,233.0097087378641,2778996.0,2778996.0,2778996.0,139696.0,139696.0,139696.0,0.0,0.0,lock_stripping,32,1,0,10000000,sync_on,lock_stripping_p32_w1_i0_t10000000
8.68,1143.53702646107,1077.6699029126214,1264.7058823529412,2818896.0,2798976.0,2856552.0,126154.0,123616.0,127436.0,0.0,0.0,lock_stripping,32,1,0,10000000,sync_on,lock_stripping_p32_w1_i0_t10000000
8.73,339.80582524271847,339.80582524271847,339.80582524271847,2789648.0,2789648.0,2789648.0,133089.0,133089.0,133089.0,0.0,0.0,lock_stripping,32,1,0,10000000,sync_on,lock_stripping_p32_w1_i0_t10000000
8.77,456.3106796116505,456.3106796116505,456.3106796116505,2779252.0,2779252.0,2779252.0,135675.0,135675.0,135675.0,0.0,0.0,lock_stripping,32,1,0,10000000,sync_on,lock_stripping_p32_w1_i0_t10000000
8.78,1029.4117647058824,1000.0,1068.6274509803923,2819236.0,2799408.0,2856848.0,126206.33333333333,123669.0,127481.0,0.0,0.0,lock_stripping,32,1,0,10000000,sync_on,lock_stripping_p32_w1_i0_t10000000
8.83,384.61538461538464,384.61538461538464,384.61538461538464,2789740.0,2789740.0,2789740.0,133102.0,133102.0,133102.0,0.0,0.0,lock_stripping,32,1,0,10000000,sync_on,lock_stripping_p32_w1_i0_t10000000
8.87,326.92307692307696,326.92307692307696,326.92307692307696,2779428.0,2779428.0,2779428.0,135692.0,135692.0,135692.0,0.0,0.0,lock_stripping,32,1,0,10000000,sync_on,lock_stripping_p32_w1_i0_t10000000
8.88,1143.0304795185402,1107.843137254902,1178.2178217821781,2829560.0,2801740.0,2857380.0,125636.0,123732.0,127540.0,0.0,0.0,lock_stripping,32,1,0,10000000,sync_on,lock_stripping_p32_w1_i0_t10000000
8.89,1076.1904761904761,1076.1904761904761,1076.1904761904761,2799624.0,2799624.0,2799624.0,127527.0,127527.0,127527.0,0.0,0.0,lock_stripping,32,1,0,10000000,sync_on,lock_stripping_p32_w1_i0_t10000000
8.94,417.4757281553398,417.4757281553398,417.4757281553398,2789984.0,2789984.0,2789984.0,133124.0,133124.0,133124.0,0.0,0.0,lock_stripping,32,1,0,10000000,sync_on,lock_stripping_p32_w1_i0_t10000000
8.97,349.5145631067961,349.5145631067961,349.5145631067961,2779472.0,2779472.0,2779472.0,135710.0,135710.0,135710.0,0.0,0.0,lock_stripping,32,1,0,10000000,sync_on,lock_stripping_p32_w1_i0_t10000000
8.98,1177.4412735391188,1156.8627450980393,1198.019801980198,2829858.0,2801960.0,2857756.0,123809.0,123793.0,123825.0,0.0,0.0,lock_stripping,32,1,0,10000000,sync_on,lock_stripping_p32_w1_i0_t10000000
8.99,1168.3168316831682,1168.3168316831682,1168.3168316831682,2800084.0,2800084.0,2800084.0,123811.0,123811.0,123811.0,0.0,0.0,lock_stripping,32,1,0,10000000,sync_on,lock_stripping_p32_w1_i0_t10000000
9.04,317.3076923076923,317.3076923076923,317.3076923076923,2790108.0,2790108.0,2790108.0,133145.0,133145.0,133145.0,0.0,0.0,lock_stripping,32,1,0,10000000,sync_on,lock_stripping_p32_w1_i0_t10000000
9.08,750.9426847662141,403.84615384615387,1098.0392156862745,2790972.0,2779776.0,2802168.0,129793.5,123856.0,135731.0,0.0,0.0,lock_stripping,32,1,0,10000000,sync_on,lock_stripping_p32_w1_i0_t10000000
9.09,1125.9426847662141,1098.0392156862745,1153.8461538461538,2829216.0,2800316.0,2858116.0,123877.5,123872.0,123883.0,0.0,0.0,lock_stripping,32,1,0,10000000,sync_on,lock_stripping_p32_w1_i0_t10000000
9.14,359.2233009708738,359.2233009708738,359.2233009708738,2790172.0,2790172.0,2790172.0,133164.0,133164.0,133164.0,0.0,0.0,lock_stripping,32,1,0,10000000,sync_on,lock_stripping_p32_w1_i0_t10000000
9.18,242.71844660194176,242.71844660194176,242.71844660194176,2779812.0,2779812.0,2779812.0,135749.0,135749.0,135749.0,0.0,0.0,lock_stripping,32,1,0,10000000,sync_on,lock_stripping_p32_w1_i0_t10000000
9.19,1187.4935934045016,1147.058823529412,1211.5384615384617,2820522.6666666665,2800604.0,2858524.0,123929.33333333333,123920.0,123945.0,0.0,0.0,lock_stripping,32,1,0,10000000,sync_on,lock_stripping_p32_w1_i0_t10000000
9.25,211.53846153846155,211.53846153846155,211.53846153846155,2790216.0,2790216.0,2790216.0,133180.0,133180.0,133180.0,0.0,0.0,lock_stripping,32,1,0,10000000,sync_on,lock_stripping_p32_w1_i0_t10000000
9.29,931.4347845187366,307.6923076923077,1252.4271844660195,2810595.0,2780064.0,2858724.0,126934.5,123974.0,135763.0,0.0,0.0,lock_stripping,32,1,0,10000000,sync_on,lock_stripping_p32_w1_i0_t10000000
9.35,330.0970873786408,330.0970873786408,330.0970873786408,2790408.0,2790408.0,2790408.0,133191.0,133191.0,133191.0,0.0,0.0,lock_stripping,32,1,0,10000000,sync_on,lock_stripping_p32_w1_i0_t10000000
9.39,1006.4404498702297,524.2718446601942,1257.4257425742574,2814185.3333333335,2780420.0,2859068.0,127962.33333333333,124037.0,135781.0,0.0,0.0,lock_stripping,32,1,0,10000000,sync_on,lock_stripping_p32_w1_i0_t10000000
9.4,1192.3076923076924,1192.3076923076924,1192.3076923076924,2801208.0,2801208.0,2801208.0,124057.0,124057.0,124057.0,0.0,0.0,lock_stripping,32,1,0,10000000,sync_on,lock_stripping_p32_w1_i0_t10000000
9.45,378.6407766990292,378.6407766990292,378.6407766990292,2790488.0,2790488.0,2790488.0,133211.0,133211.0,133211.0,0.0,0.0,lock_stripping,32,1,0,10000000,sync_on,lock_stripping_p32_w1_i0_t10000000
9.49,697.6809954751131,336.53846153846155,1058.8235294117649,2791942.0,2780616.0,2803268.0,129943.5,124094.0,135793.0,0.0,0.0,lock_stripping,32,1,0,10000000,sync_on,lock_stripping_p32_w1_i0_t10000000
9.5,1186.2745098039218,1166.6666666666667,1205.8823529411766,2830432.0,2801500.0,2859364.0,124121.0,124109.0,124133.0,0.0,0.0,lock_stripping,32,1,0,10000000,sync_on,lock_stripping_p32_w1_i0_t10000000
9.56,423.0769230769231,423.0769230769231,423.0769230769231,2790580.0,2790580.0,2790580.0,133233.0,133233.0,133233.0,0.0,0.0,lock_stripping,32,1,0,10000000,sync_on,lock_stripping_p32_w1_i0_t10000000
9.6,719.5888063963449,245.0980392156863,1137.2549019607843,2811409.0,2780904.0,2859684.0,127073.0,124106.0,135818.0,0.0,0.0,lock_stripping,32,1,0,10000000,sync_on,lock_stripping_p32_w1_i0_t10000000
9.66,242.71844660194176,242.71844660194176,242.71844660194176,2790624.0,2790624.0,2790624.0,133250.0,133250.0,133250.0,0.0,0.0,lock_stripping,32,1,0,10000000,sync_on,lock_stripping_p32_w1_i0_t10000000
9.7,552.9703417339055,259.61538461538464,1127.450980392157,2814781.3333333335,2781040.0,2859916.0,128071.0,124127.0,135836.0,0.0,0.0,lock_stripping,32,1,0,10000000,sync_on,lock_stripping_p32_w1_i0_t10000000
9.71,1166.6666666666667,1166.6666666666667,1166.6666666666667,2801956.0,2801956.0,2801956.0,124242.0,124242.0,124242.0,0.0,0.0,lock_stripping,32,1,0,10000000,sync_on,lock_stripping_p32_w1_i0_t10000000
9.76,346.1538461538462,346.1538461538462,346.1538461538462,2790724.0,2790724.0,2790724.0,133266.0,133266.0,133266.0,0.0,0.0,lock_stripping,32,1,0,10000000,sync_on,lock_stripping_p32_w1_i0_t10000000
9.8,608.3703085416392,223.3009708737864,1294.1176470588236,2814954.6666666665,2781140.0,2860276.0,128102.0,124141.0,135855.0,0.0,0.0,lock_stripping,32,1,0,10000000,sync_on,lock_stripping_p32_w1_i0_t10000000
9.81,1137.2549019607843,1137.2549019607843,1137.2549019607843,2802232.0,2802232.0,2802232.0,124304.0,124304.0,124304.0,0.0,0.0,lock_stripping,32,1,0,10000000,sync_on,lock_stripping_p32_w1_i0_t10000000
9.87,456.3106796116505,456.3106796116505,456.3106796116505,2790792.0,2790792.0,2790792.0,133286.0,133286.0,133286.0,0.0,0.0,lock_stripping,32,1,0,10000000,sync_on,lock_stripping_p32_w1_i0_t10000000
9.9,675.3283837806968,233.0097087378641,1117.6470588235295,2831996.0,2803504.0,2860488.0,124268.5,124159.0,124378.0,0.0,0.0,lock_stripping,32,1,0,10000000,sync_on,lock_stripping_p32_w1_i0_t10000000
9.91,761.2179487179487,355.7692307692308,1166.6666666666667,2791892.0,2781328.0,2802456.0,130120.5,124367.0,135874.0,0.0,0.0,lock_stripping,32,1,0,10000000,sync_on,lock_stripping_p32_w1_i0_t10000000
9.97,288.46153846153845,288.46153846153845,288.46153846153845,2790848.0,2790848.0,2790848.0,133305.0,133305.0,133305.0,0.0,0.0,lock_stripping,32,1,0,10000000,sync_on,lock_stripping_p32_w1_i0_t10000000
10.01,740.5054254711594,378.6407766990292,1088.235294117647,2812148.0,2781508.0,2860772.0,127233.75,124176.0,135895.0,0.0,0.0,lock_stripping,32,1,0,10000000,sync_on,lock_stripping_p32_w1_i0_t10000000
10.07,320.3883495145631,320.3883495145631,320.3883495145631,2790920.0,2790920.0,2790920.0,133320.0,133320.0,133320.0,0.0,0.0,lock_stripping,32,1,0,10000000,sync_on,lock_stripping_p32_w1_i0_t10000000
10.11,783.6062452399086,403.84615384615387,1198.019801980198,2812447.0,2781916.0,2861032.0,127273.25,124194.0,135914.0,0.0,0.0,lock_stripping,32,1,0,10000000,sync_on,lock_stripping_p32_w1_i0_t10000000
10.18,349.5145631067961,349.5145631067961,349.5145631067961,2790992.0,2790992.0,2790992.0,133339.0,133339.0,133339.0,0.0,0.0,lock_stripping,32,1,0,10000000,sync_on,lock_stripping_p32_w1_i0_t10000000
10.21,904.1817374198872,320.3883495145631,1235.294117647059,2822856.0,2803348.0,2861404.0,124710.0,124213.0,125368.0,0.0,0.0,lock_stripping,32,1,0,10000000,sync_on,lock_stripping_p32_w1_i0_t10000000
10.22,320.3883495145631,320.3883495145631,320.3883495145631,2782004.0,2782004.0,2782004.0,135925.0,135925.0,135925.0,0.0,0.0,lock_stripping,32,1,0,10000000,sync_on,lock_stripping_p32_w1_i0_t10000000
10.28,394.2307692307692,394.2307692307692,394.2307692307692,2791164.0,2791164.0,2791164.0,133359.0,133359.0,133359.0,0.0,0.0,lock_stripping,32,1,0,10000000,sync_on,lock_stripping_p32_w1_i0_t10000000
10.31,752.3809523809524,752.3809523809524,752.3809523809524,2859944.0,2859944.0,2859944.0,124598.0,124598.0,124598.0,0.0,0.0,lock_stripping,32,1,0,10000000,sync_on,lock_stripping_p32_w1_i0_t10000000
10.32,667.9235796882857,365.3846153846154,1196.0784313725492,2796605.3333333335,2782260.0,2803980.0,128508.33333333333,124604.0,135952.0,0.0,0.0,lock_stripping,32,1,0,10000000,sync_on,lock_stripping_p32_w1_i0_t10000000
10.38,533.9805825242719,533.9805825242719,533.9805825242719,2791424.0,2791424.0,2791424.0,133379.0,133379.0,133379.0,0.0,0.0,lock_stripping,32,1,0,10000000,sync_on,lock_stripping_p32_w1_i0_t10000000
10.42,662.4616519498016,165.0485436893204,1144.2307692307693,2812658.0,2782324.0,2860384.0,127842.5,124657.0,135965.0,0.0,0.0,lock_stripping,32,1,0,10000000,sync_on,lock_stripping_p32_w1_i0_t10000000
10.49,192.30769230769232,192.30769230769232,192.30769230769232,2791484.0,2791484.0,2791484.0,133398.0,133398.0,133398.0,0.0,0.0,lock_stripping,32,1,0,10000000,sync_on,lock_stripping_p32_w1_i0_t10000000
10.52,910.4104585215803,772.2772277227722,1048.5436893203885,2832442.0,2804184.0,2860700.0,125628.5,124710.0,126547.0,0.0,0.0,lock_stripping,32,1,0,10000000,sync_on,lock_stripping_p32_w1_i0_t10000000
10.53,197.1153846153846,0.0,394.2307692307692,2793272.0,2782456.0,2804088.0,131036.5,126087.0,135986.0,0.0,0.0,lock_stripping,32,1,0,10000000,sync_on,lock_stripping_p32_w1_i0_t10000000
10.59,407.7669902912622,407.7669902912622,407.7669902912622,2791588.0,2791588.0,2791588.0,133417.0,133417.0,133417.0,0.0,0.0,lock_stripping,32,1,0,10000000,sync_on,lock_stripping_p32_w1_i0_t10000000
10.62,913.2235338918506,509.61538461538464,1316.8316831683167,2831984.0,2802856.0,2861112.0,124755.0,124729.0,124781.0,0.0,0.0,lock_stripping,32,1,0,10000000,sync_on,lock_stripping_p32_w1_i0_t10000000
10.63,165.0485436893204,0.0,330.0970873786408,2793392.0,2782696.0,2804088.0,131044.5,126087.0,136002.0,0.0,0.0,lock_stripping,32,1,0,10000000,sync_on,lock_stripping_p32_w1_i0_t10000000
10.69,509.61538461538464,509.61538461538464,509.61538461538464,2791720.0,2791720.0,2791720.0,133435.0,133435.0,133435.0,0.0,0.0,lock_stripping,32,1,0,10000000,sync_on,lock_stripping_p32_w1_i0_t10000000
10.72,1196.0784313725492,1196.0784313725492,1196.0784313725492,2861568.0,2861568.0,2861568.0,126681.0,126681.0,126681.0,0.0,0.0,lock_stripping,32,1,0,10000000,sync_on,lock_stripping_p32_w1_i0_t10000000
10.73,146.64636080969606,0.0,313.72549019607845,2796593.3333333335,2782820.0,2804088.0,128949.0,124739.0,136021.0,0.0,0.0,lock_stripping,32,1,0,10000000,sync_on,lock_stripping_p32_w1_i0_t10000000
10.8,349.5145631067961,349.5145631067961,349.5145631067961,2791864.0,2791864.0,2791864.0,133455.0,133455.0,133455.0,0.0,0.0,lock_stripping,32,1,0,10000000,sync_on,lock_stripping_p32_w1_i0_t10000000
10.83,547.401484865791,330.0970873786408,764.7058823529412,2831588.0,2802944.0,2860232.0,124818.5,124760.0,124877.0,0.0,0.0,lock_stripping,32,1,0,10000000,sync_on,lock_stripping_p32_w1_i0_t10000000
10.84,211.53846153846155,0.0,423.0769230769231,2793634.0,2783180.0,2804088.0,131064.0,126087.0,136041.0,0.0,0.0,lock_stripping,32,1,0,10000000,sync_on,lock_stripping_p32_w1_i0_t10000000
10.9,230.76923076923077,230.76923076923077,230.76923076923077,2791920.0,2791920.0,2791920.0,133471.0,133471.0,133471.0,0.0,0.0,lock_stripping,32,1,0,10000000,sync_on,lock_stripping_p32_w1_i0_t10000000
10.93,727.5641025641025,288.46153846153845,1166.6666666666667,2831848.0,2802992.0,2860704.0,124856.5,124782.0,124931.0,0.0,0.0,lock_stripping,32,1,0,10000000,sync_on,lock_stripping_p32_w1_i0_t10000000
10.94,160.19417475728156,0.0,320.3883495145631,2793668.0,2783248.0,2804088.0,131072.0,126087.0,136057.0,0.0,0.0,lock_stripping,32,1,0,10000000,sync_on,lock_stripping_p32_w1_i0_t10000000
11.0,349.5145631067961,349.5145631067961,349.5145631067961,2791992.0,2791992.0,2791992.0,133490.0,133490.0,133490.0,0.0,0.0,lock_stripping,32,1,0,10000000,sync_on,lock_stripping_p32_w1_i0_t10000000
11.03,1137.2549019607843,1137.2549019607843,1137.2549019607843,2861212.0,2861212.0,2861212.0,124983.0,124983.0,124983.0,0.0,0.0,lock_stripping,32,1,0,10000000,sync_on,lock_stripping_p32_w1_i0_t10000000
11.04,215.58376898182723,0.0,384.61538461538464,2796849.3333333335,2783424.0,2804088.0,128986.66666666667,124794.0,136079.0,0.0,0.0,lock_stripping,32,1,0,10000000,sync_on,lock_stripping_p32_w1_i0_t10000000
11.11,298.0769230769231,298.0769230769231,298.0769230769231,2792048.0,2792048.0,2792048.0,133509.0,133509.0,133509.0,0.0,0.0,lock_stripping,32,1,0,10000000,sync_on,lock_stripping_p32_w1_i0_t10000000
11.13,1205.8823529411766,1205.8823529411766,1205.8823529411766,2861660.0,2861660.0,2861660.0,125056.0,125056.0,125056.0,0.0,0.0,lock_stripping,32,1,0,10000000,sync_on,lock_stripping_p32_w1_i0_t10000000
11.14,413.46153846153845,413.46153846153845,413.46153846153845,2803188.0,2803188.0,2803188.0,124811.0,124811.0,124811.0,0.0,0.0,lock_stripping,32,1,0,10000000,sync_on,lock_stripping_p32_w1_i0_t10000000
11.15,165.0485436893204,0.0,330.0970873786408,2793828.0,2783568.0,2804088.0,131092.5,126087.0,136098.0,0.0,0.0,lock_stripping,32,1,0,10000000,sync_on,lock_stripping_p32_w1_i0_t10000000
11.21,271.84466019417476,271.84466019417476,271.84466019417476,2792116.0,2792116.0,2792116.0,133528.0,133528.0,133528.0,0.0,0.0,lock_stripping,32,1,0,10000000,sync_on,lock_stripping_p32_w1_i0_t10000000
11.23,1128.7128712871286,1128.7128712871286,1128.7128712871286,2861868.0,2861868.0,2861868.0,125125.0,125125.0,125125.0,0.0,0.0,lock_stripping,32,1,0,10000000,sync_on,lock_stripping_p32_w1_i0_t10000000
11.24,359.2233009708738,359.2233009708738,359.2233009708738,2803416.0,2803416.0,2803416.0,124828.0,124828.0,124828.0,0.0,0.0,lock_stripping,32,1,0,10000000,sync_on,lock_stripping_p32_w1_i0_t10000000
11.25,168.26923076923077,0.0,336.53846153846155,2793930.0,2783772.0,2804088.0,131099.0,126087.0,136111.0,0.0,0.0,lock_stripping,32,1,0,10000000,sync_on,lock_stripping_p32_w1_i0_t10000000
11.31,330.0970873786408,330.0970873786408,330.0970873786408,2792216.0,2792216.0,2792216.0,133544.0,133544.0,133544.0,0.0,0.0,lock_stripping,32,1,0,10000000,sync_on,lock_stripping_p32_w1_i0_t10000000
11.34,1186.2745098039215,1186.2745098039215,1186.2745098039215,2862304.0,2862304.0,2862304.0,125184.0,125184.0,125184.0,0.0,0.0,lock_stripping,32,1,0,10000000,sync_on,lock_stripping_p32_w1_i0_t10000000
11.35,310.0883744087628,182.6923076923077,388.3495145631068,2797290.6666666665,2783976.0,2804384.0,129023.66666666667,124845.0,136130.0,0.0,0.0,lock_stripping,32,1,0,10000000,sync_on,lock_stripping_p32_w1_i0_t10000000
11.42,317.3076923076923,317.3076923076923,317.3076923076923,2792352.0,2792352.0,2792352.0,133560.0,133560.0,133560.0,0.0,0.0,lock_stripping,32,1,0,10000000,sync_on,lock_stripping_p32_w1_i0_t10000000
11.44,1186.2745098039215,1186.2745098039215,1186.2745098039215,2862820.0,2862820.0,2862820.0,125243.0,125243.0,125243.0,0.0,0.0,lock_stripping,32,1,0,10000000,sync_on,lock_stripping_p32_w1_i0_t10000000
11.45,192.30769230769232,192.30769230769232,192.30769230769232,2803544.0,2803544.0,2803544.0,124860.0,124860.0,124860.0,0.0,0.0,lock_stripping,32,1,0,10000000,sync_on,lock_stripping_p32_w1_i0_t10000000
11.46,275.0653472740852,213.59223300970876,336.53846153846155,2793344.0,2784120.0,2802568.0,130206.0,124263.0,136149.0,0.0,0.0,lock_stripping,32,1,0,10000000,sync_on,lock_stripping_p32_w1_i0_t10000000
11.52,368.93203883495147,368.93203883495147,368.93203883495147,2792476.0,2792476.0,2792476.0,133580.0,133580.0,133580.0,0.0,0.0,lock_stripping,32,1,0,10000000,sync_on,lock_stripping_p32_w1_i0_t10000000
11.54,1168.3168316831682,1168.3168316831682,1168.3168316831682,2863600.0,2863600.0,2863600.0,127148.0,127148.0,127148.0,0.0,0.0,lock_stripping,32,1,0,10000000,sync_on,lock_stripping_p32_w1_i0_t10000000
11.55,368.93203883495147,368.93203883495147,368.93203883495147,2803604.0,2803604.0,2803604.0,124878.0,124878.0,124878.0,0.0,0.0,lock_stripping,32,1,0,10000000,sync_on,lock_stripping_p32_w1_i0_t10000000
11.56,275.53211351755044,240.3846153846154,310.67961165048547,2793428.0,2784248.0,2802608.0,130221.0,124278.0,136164.0,0.0,0.0,lock_stripping,32,1,0,10000000,sync_on,lock_stripping_p32_w1_i0_t10000000
11.62,259.61538461538464,259.61538461538464,259.61538461538464,2792552.0,2792552.0,2792552.0,133597.0,133597.0,133597.0,0.0,0.0,lock_stripping,32,1,0,10000000,sync_on,lock_stripping_p32_w1_i0_t10000000
11.64,625.0,625.0,625.0,2862172.0,2862172.0,2862172.0,125337.0,125337.0,125337.0,0.0,0.0,lock_stripping,32,1,0,10000000,sync_on,lock_stripping_p32_w1_i0_t10000000
11.66,380.4456061737615,300.97087378640776,442.3076923076923,2797064.0,2784736.0,2803800.0,128512.0,124295.0,136183.0,0.0,0.0,lock_stripping,32,1,0,10000000,sync_on,lock_stripping_p32_w1_i0_t10000000
11.73,320.3883495145631,320.3883495145631,320.3883495145631,2792672.0,2792672.0,2792672.0,133615.0,133615.0,133615.0,0.0,0.0,lock_stripping,32,1,0,10000000,sync_on,lock_stripping_p32_w1_i0_t10000000
11.74,1127.450980392157,1127.450980392157,1127.450980392157,2862532.0,2862532.0,2862532.0,125390.0,125390.0,125390.0,0.0,0.0,lock_stripping,32,1,0,10000000,sync_on,lock_stripping_p32_w1_i0_t10000000
11.76,271.84466019417476,271.84466019417476,271.84466019417476,2803988.0,2803988.0,2803988.0,126755.0,126755.0,126755.0,0.0,0.0,lock_stripping,32,1,0,10000000,sync_on,lock_stripping_p32_w1_i0_t10000000
11.77,379.8076923076923,346.1538461538462,413.46153846153845,2793916.0,2785076.0,2802756.0,130256.5,124314.0,136199.0,0.0,0.0,lock_stripping,32,1,0,10000000,sync_on,lock_stripping_p32_w1_i0_t10000000
11.83,259.61538461538464,259.61538461538464,259.61538461538464,2792716.0,2792716.0,2792716.0,133636.0,133636.0,133636.0,0.0,0.0,lock_stripping,32,1,0,10000000,sync_on,lock_stripping_p32_w1_i0_t10000000
11.85,1153.8461538461538,1153.8461538461538,1153.8461538461538,2862916.0,2862916.0,2862916.0,125443.0,125443.0,125443.0,0.0,0.0,lock_stripping,32,1,0,10000000,sync_on,lock_stripping_p32_w1_i0_t10000000
11.86,0.0,0.0,0.0,2803988.0,2803988.0,2803988.0,126755.0,126755.0,126755.0,0.0,0.0,lock_stripping,32,1,0,10000000,sync_on,lock_stripping_p32_w1_i0_t10000000
11.87,330.0970873786408,291.2621359223301,368.93203883495147,2794064.0,2785212.0,2802916.0,130274.5,124336.0,136213.0,0.0,0.0,lock_stripping,32,1,0,10000000,sync_on,lock_stripping_p32_w1_i0_t10000000
11.94,427.1844660194175,427.1844660194175,427.1844660194175,2792980.0,2792980.0,2792980.0,133654.0,133654.0,133654.0,0.0,0.0,lock_stripping,32,1,0,10000000,sync_on,lock_stripping_p32_w1_i0_t10000000
11.95,563.1067961165049,563.1067961165049,563.1067961165049,2863256.0,2863256.0,2863256.0,125481.0,125481.0,125481.0,0.0,0.0,lock_stripping,32,1,0,10000000,sync_on,lock_stripping_p32_w1_i0_t10000000
11.97,185.8974358974359,0.0,326.92307692307696,2797409.3333333335,2785268.0,2803988.0,129110.0,124347.0,136228.0,0.0,0.0,lock_stripping,32,1,0,10000000,sync_on,lock_stripping_p32_w1_i0_t10000000
12.04,250.0,250.0,250.0,2793108.0,2793108.0,2793108.0,133668.0,133668.0,133668.0,0.0,0.0,lock_stripping,32,1,0,10000000,sync_on,lock_stripping_p32_w1_i0_t10000000
12.06,336.53846153846155,336.53846153846155,336.53846153846155,2863372.0,2863372.0,2863372.0,125501.0,125501.0,125501.0,0.0,0.0,lock_stripping,32,1,0,10000000,sync_on,lock_stripping_p32_w1_i0_t10000000
12.07,0.0,0.0,0.0,2803988.0,2803988.0,2803988.0,126755.0,126755.0,126755.0,0.0,0.0,lock_stripping,32,1,0,10000000,sync_on,lock_stripping_p32_w1_i0_t10000000
12.08,305.8252427184466,291.2621359223301,320.3883495145631,2794198.0,2785396.0,2803000.0,130306.5,124365.0,136248.0,0.0,0.0,lock_stripping,32,1,0,10000000,sync_on,lock_stripping_p32_w1_i0_t10000000
12.14,300.97087378640776,300.97087378640776,300.97087378640776,2793156.0,2793156.0,2793156.0,133684.0,133684.0,133684.0,0.0,0.0,lock_stripping,32,1,0,10000000,sync_on,lock_stripping_p32_w1_i0_t10000000
12.16,330.0970873786408,330.0970873786408,330.0970873786408,2863500.0,2863500.0,2863500.0,125521.0,125521.0,125521.0,0.0,0.0,lock_stripping,32,1,0,10000000,sync_on,lock_stripping_p32_w1_i0_t10000000
12.17,0.0,0.0,0.0,2803988.0,2803988.0,2803988.0,126755.0,126755.0,126755.0,0.0,0.0,lock_stripping,32,1,0,10000000,sync_on,lock_stripping_p32_w1_i0_t10000000
12.18,270.30433159073937,223.3009708737864,317.3076923076923,2794254.0,2785440.0,2803068.0,130318.0,124380.0,136256.0,0.0,0.0,lock_stripping,32,1,0,10000000,sync_on,lock_stripping_p32_w1_i0_t10000000
12.25,326.92307692307696,326.92307692307696,326.92307692307696,2793208.0,2793208.0,2793208.0,133705.0,133705.0,133705.0,0.0,0.0,lock_stripping,32,1,0,10000000,sync_on,lock_stripping_p32_w1_i0_t10000000
12.26,194.1747572815534,194.1747572815534,194.1747572815534,2863648.0,2863648.0,2863648.0,126748.0,126748.0,126748.0,0.0,0.0,lock_stripping,32,1,0,10000000,sync_on,lock_stripping_p32_w1_i0_t10000000
12.28,0.0,0.0,0.0,2803988.0,2803988.0,2803988.0,126755.0,126755.0,126755.0,0.0,0.0,lock_stripping,32,1,0,10000000,sync_on,lock_stripping_p32_w1_i0_t10000000
12.29,284.77408513816283,233.0097087378641,336.53846153846155,2794354.0,2785580.0,2803128.0,130337.0,124395.0,136279.0,0.0,0.0,lock_stripping,32,1,0,10000000,sync_on,lock_stripping_p32_w1_i0_t10000000
12.35,446.6019417475728,446.6019417475728,446.6019417475728,2793300.0,2793300.0,2793300.0,133727.0,133727.0,133727.0,0.0,0.0,lock_stripping,32,1,0,10000000,sync_on,lock_stripping_p32_w1_i0_t10000000
12.37,144.23076923076923,144.23076923076923,144.23076923076923,2863716.0,2863716.0,2863716.0,127381.0,127381.0,127381.0,0.0,0.0,lock_stripping,32,1,0,10000000,sync_on,lock_stripping_p32_w1_i0_t10000000
12.38,0.0,0.0,0.0,2803988.0,2803988.0,2803988.0,126755.0,126755.0,126755.0,0.0,0.0,lock_stripping,32,1,0,10000000,sync_on,lock_stripping_p32_w1_i0_t10000000
12.39,405.47983569828233,339.80582524271847,471.1538461538462,2794498.0,2785660.0,2803336.0,130352.5,124411.0,136294.0,0.0,0.0,lock_stripping,32,1,0,10000000,sync_on,lock_stripping_p32_w1_i0_t10000000
12.45,326.92307692307696,326.92307692307696,326.92307692307696,2793380.0,2793380.0,2793380.0,133742.0,133742.0,133742.0,0.0,0.0,lock_stripping,32,1,0,10000000,sync_on,lock_stripping_p32_w1_i0_t10000000
12.47,0.0,0.0,0.0,2863716.0,2863716.0,2863716.0,127381.0,127381.0,127381.0,0.0,0.0,lock_stripping,32,1,0,10000000,sync_on,lock_stripping_p32_w1_i0_t10000000
12.48,0.0,0.0,0.0,2803988.0,2803988.0,2803988.0,126755.0,126755.0,126755.0,0.0,0.0,lock_stripping,32,1,0,10000000,sync_on,lock_stripping_p32_w1_i0_t10000000
12.49,357.44958924570574,349.5145631067961,365.3846153846154,2794662.0,2785796.0,2803528.0,130373.5,124430.0,136317.0,0.0,0.0,lock_stripping,32,1,0,10000000,sync_on,lock_stripping_p32_w1_i0_t10000000
12.56,320.3883495145631,320.3883495145631,320.3883495145631,2793512.0,2793512.0,2793512.0,133765.0,133765.0,133765.0,0.0,0.0,lock_stripping,32,1,0,10000000,sync_on,lock_stripping_p32_w1_i0_t10000000
12.57,0.0,0.0,0.0,2863716.0,2863716.0,2863716.0,127381.0,127381.0,127381.0,0.0,0.0,lock_stripping,32,1,0,10000000,sync_on,lock_stripping_p32_w1_i0_t10000000
12.59,0.0,0.0,0.0,2803988.0,2803988.0,2803988.0,126759.0,126759.0,126759.0,0.0,0.0,lock_stripping,32,1,0,10000000,sync_on,lock_stripping_p32_w1_i0_t10000000
12.6,294.7162061239731,288.46153846153845,300.97087378640776,2794790.0,2785928.0,2803652.0,130393.0,124454.0,136332.0,0.0,0.0,lock_stripping,32,1,0,10000000,sync_on,lock_stripping_p32_w1_i0_t10000000
12.66,310.67961165048547,310.67961165048547,310.67961165048547,2793732.0,2793732.0,2793732.0,133780.0,133780.0,133780.0,0.0,0.0,lock_stripping,32,1,0,10000000,sync_on,lock_stripping_p32_w1_i0_t10000000
12.68,0.0,0.0,0.0,2863716.0,2863716.0,2863716.0,127381.0,127381.0,127381.0,0.0,0.0,lock_stripping,32,1,0,10000000,sync_on,lock_stripping_p32_w1_i0_t10000000
12.69,76.92307692307692,76.92307692307692,76.92307692307692,2804008.0,2804008.0,2804008.0,126761.0,126761.0,126761.0,0.0,0.0,lock_stripping,32,1,0,10000000,sync_on,lock_stripping_p32_w1_i0_t10000000
12.7,328.69678864824493,288.46153846153845,368.93203883495147,2794900.0,2785992.0,2803808.0,130410.5,124470.0,136351.0,0.0,0.0,lock_stripping,32,1,0,10000000,sync_on,lock_stripping_p32_w1_i0_t10000000
12.76,317.3076923076923,317.3076923076923,317.3076923076923,2793868.0,2793868.0,2793868.0,133799.0,133799.0,133799.0,0.0,0.0,lock_stripping,32,1,0,10000000,sync_on,lock_stripping_p32_w1_i0_t10000000
12.78,0.0,0.0,0.0,2863716.0,2863716.0,2863716.0,127381.0,127381.0,127381.0,0.0,0.0,lock_stripping,32,1,0,10000000,sync_on,lock_stripping_p32_w1_i0_t10000000
12.79,427.1844660194175,427.1844660194175,427.1844660194175,2804424.0,2804424.0,2804424.0,126779.0,126779.0,126779.0,0.0,0.0,lock_stripping,32,1,0,10000000,sync_on,lock_stripping_p32_w1_i0_t10000000
12.8,323.60903659447354,310.67961165048547,336.53846153846155,2795022.0,2786068.0,2803976.0,130423.5,124483.0,136364.0,0.0,0.0,lock_stripping,32,1,0,10000000,sync_on,lock_stripping_p32_w1_i0_t10000000
12.87,442.3076923076923,442.3076923076923,442.3076923076923,2794024.0,2794024.0,2794024.0,133817.0,133817.0,133817.0,0.0,0.0,lock_stripping,32,1,0,10000000,sync_on,lock_stripping_p32_w1_i0_t10000000
12.88,0.0,0.0,0.0,2863716.0,2863716.0,2863716.0,127381.0,127381.0,127381.0,0.0,0.0,lock_stripping,32,1,0,10000000,sync_on,lock_stripping_p32_w1_i0_t10000000
12.9,314.6471247199403,182.6923076923077,446.6019417475728,2794498.0,2786308.0,2802688.0,130667.0,124948.0,136386.0,0.0,0.0,lock_stripping,32,1,0,10000000,sync_on,lock_stripping_p32_w1_i0_t10000000
12.91,271.84466019417476,271.84466019417476,271.84466019417476,2804024.0,2804024.0,2804024.0,124497.0,124497.0,124497.0,0.0,0.0,lock_stripping,32,1,0,10000000,sync_on,lock_stripping_p32_w1_i0_t10000000
12.97,485.4368932038835,485.4368932038835,485.4368932038835,2794308.0,2794308.0,2794308.0,133840.0,133840.0,133840.0,0.0,0.0,lock_stripping,32,1,0,10000000,sync_on,lock_stripping_p32_w1_i0_t10000000
12.99,0.0,0.0,0.0,2863716.0,2863716.0,2863716.0,127381.0,127381.0,127381.0,0.0,0.0,lock_stripping,32,1,0,10000000,sync_on,lock_stripping_p32_w1_i0_t10000000
13.0,252.42718446601944,252.42718446601944,252.42718446601944,2802848.0,2802848.0,2802848.0,124961.0,124961.0,124961.0,0.0,0.0,lock_stripping,32,1,0,10000000,sync_on,lock_stripping_p32_w1_i0_t10000000
13.01,328.4167289021658,310.67961165048547,346.1538461538462,2795236.0,2786384.0,2804088.0,130461.0,124517.0,136405.0,0.0,0.0,lock_stripping,32,1,0,10000000,sync_on,lock_stripping_p32_w1_i0_t10000000
13.07,346.1538461538462,346.1538461538462,346.1538461538462,2794364.0,2794364.0,2794364.0,133856.0,133856.0,133856.0,0.0,0.0,lock_stripping,32,1,0,10000000,sync_on,lock_stripping_p32_w1_i0_t10000000
13.09,0.0,0.0,0.0,2863716.0,2863716.0,2863716.0,127385.0,127385.0,127385.0,0.0,0.0,lock_stripping,32,1,0,10000000,sync_on,lock_stripping_p32_w1_i0_t10000000
13.11,324.6825989544436,300.97087378640776,336.53846153846155,2797878.6666666665,2786544.0,2804168.0,128646.66666666667,124533.0,136425.0,0.0,0.0,lock_stripping,32,1,0,10000000,sync_on,lock_stripping_p32_w1_i0_t10000000
13.18,372.54901960784315,372.54901960784315,372.54901960784315,2794516.0,2794516.0,2794516.0,133870.0,133870.0,133870.0,0.0,0.0,lock_stripping,32,1,0,10000000,sync_on,lock_stripping_p32_w1_i0_t10000000
13.19,0.0,0.0,0.0,2863716.0,2863716.0,2863716.0,127385.0,127385.0,127385.0,0.0,0.0,lock_stripping,32,1,0,10000000,sync_on,lock_stripping_p32_w1_i0_t10000000
13.21,359.2233009708738,359.2233009708738,359.2233009708738,2802992.0,2802992.0,2802992.0,124999.0,124999.0,124999.0,0.0,0.0,lock_stripping,32,1,0,10000000,sync_on,lock_stripping_p32_w1_i0_t10000000
13.22,251.2135922330097,250.0,252.42718446601944,2795410.0,2786600.0,2804220.0,130495.0,124551.0,136439.0,0.0,0.0,lock_stripping,32,1,0,10000000,sync_on,lock_stripping_p32_w1_i0_t10000000
13.28,553.3980582524272,553.3980582524272,553.3980582524272,2794724.0,2794724.0,2794724.0,133891.0,133891.0,133891.0,0.0,0.0,lock_stripping,32,1,0,10000000,sync_on,lock_stripping_p32_w1_i0_t10000000
13.3,278.84615384615387,278.84615384615387,278.84615384615387,2864092.0,2864092.0,2864092.0,127398.0,127398.0,127398.0,0.0,0.0,lock_stripping,32,1,0,10000000,sync_on,lock_stripping_p32_w1_i0_t10000000
13.31,336.53846153846155,336.53846153846155,336.53846153846155,2803132.0,2803132.0,2803132.0,125016.0,125016.0,125016.0,0.0,0.0,lock_stripping,32,1,0,10000000,sync_on,lock_stripping_p32_w1_i0_t10000000
13.32,257.28155339805824,194.1747572815534,320.3883495145631,2795472.0,2786688.0,2804256.0,130511.5,124566.0,136457.0,0.0,0.0,lock_stripping,32,1,0,10000000,sync_on,lock_stripping_p32_w1_i0_t10000000
13.38,317.3076923076923,317.3076923076923,317.3076923076923,2794860.0,2794860.0,2794860.0,133906.0,133906.0,133906.0,0.0,0.0,lock_stripping,32,1,0,10000000,sync_on,lock_stripping_p32_w1_i0_t10000000
13.4,223.3009708737864,223.3009708737864,223.3009708737864,2862340.0,2862340.0,2862340.0,125829.0,125829.0,125829.0,0.0,0.0,lock_stripping,32,1,0,10000000,sync_on,lock_stripping_p32_w1_i0_t10000000
13.42,337.6275827732139,326.92307692307696,346.1538461538462,2798170.6666666665,2786872.0,2804352.0,128697.0,124583.0,136476.0,0.0,0.0,lock_stripping,32,1,0,10000000,sync_on,lock_stripping_p32_w1_i0_t10000000
13.49,485.4368932038835,485.4368932038835,485.4368932038835,2794956.0,2794956.0,2794956.0,133927.0,133927.0,133927.0,0.0,0.0,lock_stripping,32,1,0,10000000,sync_on,lock_stripping_p32_w1_i0_t10000000
13.5,0.0,0.0,0.0,2862340.0,2862340.0,2862340.0,125831.0,125831.0,125831.0,0.0,0.0,lock_stripping,32,1,0,10000000,sync_on,lock_stripping_p32_w1_i0_t10000000
13.52,240.3846153846154,240.3846153846154,240.3846153846154,2803368.0,2803368.0,2803368.0,125721.0,125721.0,125721.0,0.0,0.0,lock_stripping,32,1,0,10000000,sync_on,lock_stripping_p32_w1_i0_t10000000
13.53,383.495145631068,330.0970873786408,436.8932038834952,2795792.0,2787144.0,2804440.0,130547.5,124600.0,136495.0,0.0,0.0,lock_stripping,32,1,0,10000000,sync_on,lock_stripping_p32_w1_i0_t10000000
13.59,269.2307692307692,269.2307692307692,269.2307692307692,2795092.0,2795092.0,2795092.0,133948.0,133948.0,133948.0,0.0,0.0,lock_stripping,32,1,0,10000000,sync_on,lock_stripping_p32_w1_i0_t10000000
13.61,58.25242718446602,58.25242718446602,58.25242718446602,2862348.0,2862348.0,2862348.0,125837.0,125837.0,125837.0,0.0,0.0,lock_stripping,32,1,0,10000000,sync_on,lock_stripping_p32_w1_i0_t10000000
13.62,300.97087378640776,300.97087378640776,300.97087378640776,2803604.0,2803604.0,2803604.0,126904.0,126904.0,126904.0,0.0,0.0,lock_stripping,32,1,0,10000000,sync_on,lock_stripping_p32_w1_i0_t10000000
13.63,346.1538461538462,317.3076923076923,375.0,2795928.0,2787340.0,2804516.0,130697.5,124620.0,136775.0,0.0,0.0,lock_stripping,32,1,0,10000000,sync_on,lock_stripping_p32_w1_i0_t10000000
13.69,271.84466019417476,271.84466019417476,271.84466019417476,2795128.0,2795128.0,2795128.0,133963.0,133963.0,133963.0,0.0,0.0,lock_stripping,32,1,0,10000000,sync_on,lock_stripping_p32_w1_i0_t10000000
13.71,355.7692307692308,355.7692307692308,355.7692307692308,2862616.0,2862616.0,2862616.0,121815.0,121815.0,121815.0,0.0,0.0,lock_stripping,32,1,0,10000000,sync_on,lock_stripping_p32_w1_i0_t10000000
13.73,139.1274583022156,9.615384615384615,398.05825242718447,2798521.3333333335,2787340.0,2804616.0,129439.33333333333,124638.0,136776.0,0.0,0.0,lock_stripping,32,1,0,10000000,sync_on,lock_stripping_p32_w1_i0_t10000000
13.8,388.3495145631068,388.3495145631068,388.3495145631068,2795264.0,2795264.0,2795264.0,133986.0,133986.0,133986.0,0.0,0.0,lock_stripping,32,1,0,10000000,sync_on,lock_stripping_p32_w1_i0_t10000000
13.81,330.0970873786408,330.0970873786408,330.0970873786408,2862648.0,2862648.0,2862648.0,121833.0,121833.0,121833.0,0.0,0.0,lock_stripping,32,1,0,10000000,sync_on,lock_stripping_p32_w1_i0_t10000000
13.83,0.0,0.0,0.0,2803608.0,2803608.0,2803608.0,126904.0,126904.0,126904.0,0.0,0.0,lock_stripping,32,1,0,10000000,sync_on,lock_stripping_p32_w1_i0_t10000000
13.84,299.47722180731887,291.2621359223301,307.6923076923077,2796076.0,2787440.0,2804712.0,130721.5,124652.0,136791.0,0.0,0.0,lock_stripping,32,1,0,10000000,sync_on,lock_stripping_p32_w1_i0_t10000000
13.9,384.61538461538464,384.61538461538464,384.61538461538464,2795356.0,2795356.0,2795356.0,134005.0,134005.0,134005.0,0.0,0.0,lock_stripping,32,1,0,10000000,sync_on,lock_stripping_p32_w1_i0_t10000000
13.92,291.2621359223301,291.2621359223301,291.2621359223301,2862736.0,2862736.0,2862736.0,121850.0,121850.0,121850.0,0.0,0.0,lock_stripping,32,1,0,10000000,sync_on,lock_stripping_p32_w1_i0_t10000000
13.93,0.0,0.0,0.0,2803608.0,2803608.0,2803608.0,126904.0,126904.0,126904.0,0.0,0.0,lock_stripping,32,1,0,10000000,sync_on,lock_stripping_p32_w1_i0_t10000000
13.94,290.18857356236,221.15384615384616,359.2233009708738,2796272.0,2787760.0,2804784.0,128721.5,124677.0,132766.0,0.0,0.0,lock_stripping,32,1,0,10000000,sync_on,lock_stripping_p32_w1_i0_t10000000
14.0,407.7669902912622,407.7669902912622,407.7669902912622,2795432.0,2795432.0,2795432.0,134023.0,134023.0,134023.0,0.0,0.0,lock_stripping,32,1,0,10000000,sync_on,lock_stripping_p32_w1_i0_t10000000
14.02,298.0769230769231,298.0769230769231,298.0769230769231,2862836.0,2862836.0,2862836.0,121865.0,121865.0,121865.0,0.0,0.0,lock_stripping,32,1,0,10000000,sync_on,lock_stripping_p32_w1_i0_t10000000
14.04,224.35897435897436,0.0,355.7692307692308,2798776.0,2787868.0,2804852.0,128127.33333333333,124694.0,132784.0,0.0,0.0,lock_stripping,32,1,0,10000000,sync_on,lock_stripping_p32_w1_i0_t10000000
14.11,307.6923076923077,307.6923076923077,307.6923076923077,2795544.0,2795544.0,2795544.0,134036.0,134036.0,134036.0,0.0,0.0,lock_stripping,32,1,0,10000000,sync_on,lock_stripping_p32_w1_i0_t10000000
14.12,330.0970873786408,330.0970873786408,330.0970873786408,2863096.0,2863096.0,2863096.0,122776.0,122776.0,122776.0,0.0,0.0,lock_stripping,32,1,0,10000000,sync_on,lock_stripping_p32_w1_i0_t10000000
14.14,0.0,0.0,0.0,2803608.0,2803608.0,2803608.0,126904.0,126904.0,126904.0,0.0,0.0,lock_stripping,32,1,0,10000000,sync_on,lock_stripping_p32_w1_i0_t10000000
14.15,296.11650485436894,281.55339805825247,310.67961165048547,2796452.0,2788000.0,2804904.0,128759.0,124715.0,132803.0,0.0,0.0,lock_stripping,32,1,0,10000000,sync_on,lock_stripping_p32_w1_i0_t10000000
14.21,116.50485436893204,116.50485436893204,116.50485436893204,2795576.0,2795576.0,2795576.0,134044.0,134044.0,134044.0,0.0,0.0,lock_stripping,32,1,0,10000000,sync_on,lock_stripping_p32_w1_i0_t10000000
14.23,106.79611650485438,106.79611650485438,106.79611650485438,2863160.0,2863160.0,2863160.0,123735.0,123735.0,123735.0,0.0,0.0,lock_stripping,32,1,0,10000000,sync_on,lock_stripping_p32_w1_i0_t10000000
14.24,0.0,0.0,0.0,2803608.0,2803608.0,2803608.0,126904.0,126904.0,126904.0,0.0,0.0,lock_stripping,32,1,0,10000000,sync_on,lock_stripping_p32_w1_i0_t10000000
14.25,360.5769230769231,298.0769230769231,423.0769230769231,2796594.0,2788208.0,2804980.0,128778.0,124733.0,132823.0,0.0,0.0,lock_stripping,32,1,0,10000000,sync_on,lock_stripping_p32_w1_i0_t10000000
14.31,48.07692307692308,48.07692307692308,48.07692307692308,2795592.0,2795592.0,2795592.0,134046.0,134046.0,134046.0,0.0,0.0,lock_stripping,32,1,0,10000000,sync_on,lock_stripping_p32_w1_i0_t10000000
14.33,0.0,0.0,0.0,2863160.0,2863160.0,2863160.0,123735.0,123735.0,123735.0,0.0,0.0,lock_stripping,32,1,0,10000000,sync_on,lock_stripping_p32_w1_i0_t10000000
14.35,200.6472491909385,0.0,330.0970873786408,2798988.0,2788320.0,2805036.0,128163.0,124748.0,132837.0,0.0,0.0,lock_stripping,32,1,0,10000000,sync_on,lock_stripping_p32_w1_i0_t10000000
14.42,310.67961165048547,310.67961165048547,310.67961165048547,2795688.0,2795688.0,2795688.0,134064.0,134064.0,134064.0,0.0,0.0,lock_stripping,32,1,0,10000000,sync_on,lock_stripping_p32_w1_i0_t10000000
14.43,0.0,0.0,0.0,2863160.0,2863160.0,2863160.0,123735.0,123735.0,123735.0,0.0,0.0,lock_stripping,32,1,0,10000000,sync_on,lock_stripping_p32_w1_i0_t10000000
14.45,0.0,0.0,0.0,2803608.0,2803608.0,2803608.0,126907.0,126907.0,126907.0,0.0,0.0,lock_stripping,32,1,0,10000000,sync_on,lock_stripping_p32_w1_i0_t10000000
14.46,299.570575056012,288.46153846153845,310.67961165048547,2796826.0,2788512.0,2805140.0,128813.0,124766.0,132860.0,0.0,0.0,lock_stripping,32,1,0,10000000,sync_on,lock_stripping_p32_w1_i0_t10000000
14.52,307.6923076923077,307.6923076923077,307.6923076923077,2795812.0,2795812.0,2795812.0,134077.0,134077.0,134077.0,0.0,0.0,lock_stripping,32,1,0,10000000,sync_on,lock_stripping_p32_w1_i0_t10000000
14.54,0.0,0.0,0.0,2863160.0,2863160.0,2863160.0,123735.0,123735.0,123735.0,0.0,0.0,lock_stripping,32,1,0,10000000,sync_on,lock_stripping_p32_w1_i0_t10000000
14.55,115.38461538461539,115.38461538461539,115.38461538461539,2803628.0,2803628.0,2803628.0,126911.0,126911.0,126911.0,0.0,0.0,lock_stripping,32,1,0,10000000,sync_on,lock_stripping_p32_w1_i0_t10000000
14.56,323.60903659447354,310.67961165048547,336.53846153846155,2796910.0,2788608.0,2805212.0,128828.0,124785.0,132871.0,0.0,0.0,lock_stripping,32,1,0,10000000,sync_on,lock_stripping_p32_w1_i0_t10000000
14.62,543.6893203883495,543.6893203883495,543.6893203883495,2795920.0,2795920.0,2795920.0,134101.0,134101.0,134101.0,0.0,0.0,lock_stripping,32,1,0,10000000,sync_on,lock_stripping_p32_w1_i0_t10000000
14.64,0.0,0.0,0.0,2863160.0,2863160.0,2863160.0,123735.0,123735.0,123735.0,0.0,0.0,lock_stripping,32,1,0,10000000,sync_on,lock_stripping_p32_w1_i0_t10000000
14.66,416.1065471745084,330.0970873786408,495.1456310679612,2799410.6666666665,2788796.0,2805388.0,128208.66666666667,124805.0,132896.0,0.0,0.0,lock_stripping,32,1,0,10000000,sync_on,lock_stripping_p32_w1_i0_t10000000
14.73,298.0769230769231,298.0769230769231,298.0769230769231,2795988.0,2795988.0,2795988.0,134116.0,134116.0,134116.0,0.0,0.0,lock_stripping,32,1,0,10000000,sync_on,lock_stripping_p32_w1_i0_t10000000
14.74,0.0,0.0,0.0,2863160.0,2863160.0,2863160.0,123735.0,123735.0,123735.0,0.0,0.0,lock_stripping,32,1,0,10000000,sync_on,lock_stripping_p32_w1_i0_t10000000
14.76,278.84615384615387,278.84615384615387,278.84615384615387,2802460.0,2802460.0,2802460.0,126936.0,126936.0,126936.0,0.0,0.0,lock_stripping,32,1,0,10000000,sync_on,lock_stripping_p32_w1_i0_t10000000
14.77,323.88909634055267,278.84615384615387,368.93203883495147,2797228.0,2788948.0,2805508.0,128867.5,124821.0,132914.0,0.0,0.0,lock_stripping,32,1,0,10000000,sync_on,lock_stripping_p32_w1_i0_t10000000
14.83,524.2718446601942,524.2718446601942,524.2718446601942,2796108.0,2796108.0,2796108.0,134138.0,134138.0,134138.0,0.0,0.0,lock_stripping,32,1,0,10000000,sync_on,lock_stripping_p32_w1_i0_t10000000
14.85,0.0,0.0,0.0,2863160.0,2863160.0,2863160.0,123735.0,123735.0,123735.0,0.0,0.0,lock_stripping,32,1,0,10000000,sync_on,lock_stripping_p32_w1_i0_t10000000
14.87,206.3106796116505,155.33980582524273,250.0,2799082.6666666665,2789068.0,2805556.0,128234.33333333333,124837.0,132928.0,0.0,0.0,lock_stripping,32,1,0,10000000,sync_on,lock_stripping_p32_w1_i0_t10000000
14.94,278.84615384615387,278.84615384615387,278.84615384615387,2796192.0,2796192.0,2796192.0,134154.0,134154.0,134154.0,0.0,0.0,lock_stripping,32,1,0,10000000,sync_on,lock_stripping_p32_w1_i0_t10000000
14.95,0.0,0.0,0.0,2863160.0,2863160.0,2863160.0,123735.0,123735.0,123735.0,0.0,0.0,lock_stripping,32,1,0,10000000,sync_on,lock_stripping_p32_w1_i0_t10000000
14.97,199.80706995270103,0.0,339.80582524271847,2799160.0,2789268.0,2805588.0,128246.33333333333,124850.0,132951.0,0.0,0.0,lock_stripping,32,1,0,10000000,sync_on,lock_stripping_p32_w1_i0_t10000000
15.04,378.6407766990292,378.6407766990292,378.6407766990292,2796284.0,2796284.0,2796284.0,134172.0,134172.0,134172.0,0.0,0.0,lock_stripping,32,1,0,10000000,sync_on,lock_stripping_p32_w1_i0_t10000000
15.05,125.0,125.0,125.0,2863180.0,2863180.0,2863180.0,123741.0,123741.0,123741.0,0.0,0.0,lock_stripping,32,1,0,10000000,sync_on,lock_stripping_p32_w1_i0_t10000000
15.07,0.0,0.0,0.0,2802624.0,2802624.0,2802624.0,126938.0,126938.0,126938.0,0.0,0.0,lock_stripping,32,1,0,10000000,sync_on,lock_stripping_p32_w1_i0_t10000000
15.08,323.5156833457804,291.2621359223301,355.7692307692308,2797526.0,2789396.0,2805656.0,128916.5,124866.0,132967.0,0.0,0.0,lock_stripping,32,1,0,10000000,sync_on,lock_stripping_p32_w1_i0_t10000000
15.14,349.5145631067961,349.5145631067961,349.5145631067961,2796484.0,2796484.0,2796484.0,134194.0,134194.0,134194.0,0.0,0.0,lock_stripping,32,1,0,10000000,sync_on,lock_stripping_p32_w1_i0_t10000000
15.16,38.834951456310684,38.834951456310684,38.834951456310684,2863340.0,2863340.0,2863340.0,123746.0,123746.0,123746.0,0.0,0.0,lock_stripping,32,1,0,10000000,sync_on,lock_stripping_p32_w1_i0_t10000000
15.18,186.89320388349515,0.0,310.67961165048547,2799313.3333333335,2789448.0,2805868.0,128880.66666666667,126721.0,132983.0,0.0,0.0,lock_stripping,32,1,0,10000000,sync_on,lock_stripping_p32_w1_i0_t10000000
15.24,240.3846153846154,240.3846153846154,240.3846153846154,2796656.0,2796656.0,2796656.0,134333.0,134333.0,134333.0,0.0,0.0,lock_stripping,32,1,0,10000000,sync_on,lock_stripping_p32_w1_i0_t10000000
15.26,368.93203883495147,368.93203883495147,368.93203883495147,2861552.0,2861552.0,2861552.0,121920.0,121920.0,121920.0,0.0,0.0,lock_stripping,32,1,0,10000000,sync_on,lock_stripping_p32_w1_i0_t10000000
15.28,0.0,0.0,0.0,2802624.0,2802624.0,2802624.0,126938.0,126938.0,126938.0,0.0,0.0,lock_stripping,32,1,0,10000000,sync_on,lock_stripping_p32_w1_i0_t10000000
15.29,145.63106796116506,29.12621359223301,262.1359223300971,2797706.0,2789536.0,2805876.0,129864.0,126725.0,133003.0,0.0,0.0,lock_stripping,32,1,0,10000000,sync_on,lock_stripping_p32_w1_i0_t10000000
15.35,145.63106796116506,145.63106796116506,145.63106796116506,2796744.0,2796744.0,2796744.0,134484.0,134484.0,134484.0,0.0,0.0,lock_stripping,32,1,0,10000000,sync_on,lock_stripping_p32_w1_i0_t10000000
15.37,173.0769230769231,173.0769230769231,173.0769230769231,2861572.0,2861572.0,2861572.0,121934.0,121934.0,121934.0,0.0,0.0,lock_stripping,32,1,0,10000000,sync_on,lock_stripping_p32_w1_i0_t10000000
15.38,0.0,0.0,0.0,2802624.0,2802624.0,2802624.0,126938.0,126938.0,126938.0,0.0,0.0,lock_stripping,32,1,0,10000000,sync_on,lock_stripping_p32_w1_i0_t10000000
15.39,177.8846153846154,0.0,355.7692307692308,2797740.0,2789604.0,2805876.0,129872.0,126725.0,133019.0,0.0,0.0,lock_stripping,32,1,0,10000000,sync_on,lock_stripping_p32_w1_i0_t10000000
15.45,76.92307692307692,76.92307692307692,76.92307692307692,2796752.0,2796752.0,2796752.0,134486.0,134486.0,134486.0,0.0,0.0,lock_stripping,32,1,0,10000000,sync_on,lock_stripping_p32_w1_i0_t10000000
15.47,252.42718446601944,252.42718446601944,252.42718446601944,2861676.0,2861676.0,2861676.0,121948.0,121948.0,121948.0,0.0,0.0,lock_stripping,32,1,0,10000000,sync_on,lock_stripping_p32_w1_i0_t10000000
15.48,0.0,0.0,0.0,2802624.0,2802624.0,2802624.0,126938.0,126938.0,126938.0,0.0,0.0,lock_stripping,32,1,0,10000000,sync_on,lock_stripping_p32_w1_i0_t10000000
15.49,203.8834951456311,0.0,407.7669902912622,2797778.0,2789680.0,2805876.0,129883.0,126725.0,133041.0,0.0,0.0,lock_stripping,32,1,0,10000000,sync_on,lock_stripping_p32_w1_i0_t10000000
15.55,407.7669902912622,407.7669902912622,407.7669902912622,2796888.0,2796888.0,2796888.0,130465.0,130465.0,130465.0,0.0,0.0,lock_stripping,32,1,0,10000000,sync_on,lock_stripping_p32_w1_i0_t10000000
15.57,485.4368932038835,485.4368932038835,485.4368932038835,2861780.0,2861780.0,2861780.0,121967.0,121967.0,121967.0,0.0,0.0,lock_stripping,32,1,0,10000000,sync_on,lock_stripping_p32_w1_i0_t10000000
15.59,0.0,0.0,0.0,2802624.0,2802624.0,2802624.0,126944.0,126944.0,126944.0,0.0,0.0,lock_stripping,32,1,0,10000000,sync_on,lock_stripping_p32_w1_i0_t10000000
15.6,125.0,0.0,250.0,2797826.0,2789776.0,2805876.0,129889.0,126725.0,133053.0,0.0,0.0,lock_stripping,32,1,0,10000000,sync_on,lock_stripping_p32_w1_i0_t10000000
15.66,307.6923076923077,307.6923076923077,307.6923076923077,2796920.0,2796920.0,2796920.0,130480.0,130480.0,130480.0,0.0,0.0,lock_stripping,32,1,0,10000000,sync_on,lock_stripping_p32_w1_i0_t10000000
15.68,278.84615384615387,278.84615384615387,278.84615384615387,2862024.0,2862024.0,2862024.0,121985.0,121985.0,121985.0,0.0,0.0,lock_stripping,32,1,0,10000000,sync_on,lock_stripping_p32_w1_i0_t10000000
15.69,0.0,0.0,0.0,2802624.0,2802624.0,2802624.0,126944.0,126944.0,126944.0,0.0,0.0,lock_stripping,32,1,0,10000000,sync_on,lock_stripping_p32_w1_i0_t10000000
15.7,194.1747572815534,0.0,388.3495145631068,2797952.0,2790028.0,2805876.0,129898.5,126725.0,133072.0,0.0,0.0,lock_stripping,32,1,0,10000000,sync_on,lock_stripping_p32_w1_i0_t10000000
15.76,242.71844660194176,242.71844660194176,242.71844660194176,2796952.0,2796952.0,2796952.0,130491.0,130491.0,130491.0,0.0,0.0,lock_stripping,32,1,0,10000000,sync_on,lock_stripping_p32_w1_i0_t10000000
15.78,359.2233009708738,359.2233009708738,359.2233009708738,2862092.0,2862092.0,2862092.0,122005.0,122005.0,122005.0,0.0,0.0,lock_stripping,32,1,0,10000000,sync_on,lock_stripping_p32_w1_i0_t10000000
15.8,227.56410256410254,0.0,375.0,2799653.3333333335,2790120.0,2805876.0,128924.33333333333,126725.0,133089.0,0.0,0.0,lock_stripping,32,1,0,10000000,sync_on,lock_stripping_p32_w1_i0_t10000000
15.87,326.92307692307696,326.92307692307696,326.92307692307696,2797072.0,2797072.0,2797072.0,130511.0,130511.0,130511.0,0.0,0.0,lock_stripping,32,1,0,10000000,sync_on,lock_stripping_p32_w1_i0_t10000000
15.88,76.92307692307692,76.92307692307692,76.92307692307692,2862108.0,2862108.0,2862108.0,122009.0,122009.0,122009.0,0.0,0.0,lock_stripping,32,1,0,10000000,sync_on,lock_stripping_p32_w1_i0_t10000000
15.9,213.59223300970876,213.59223300970876,213.59223300970876,2801232.0,2801232.0,2801232.0,125125.0,125125.0,125125.0,0.0,0.0,lock_stripping,32,1,0,10000000,sync_on,lock_stripping_p32_w1_i0_t10000000
15.91,135.92233009708738,0.0,271.84466019417476,2798032.0,2790188.0,2805876.0,129917.5,126725.0,133110.0,0.0,0.0,lock_stripping,32,1,0,10000000,sync_on,lock_stripping_p32_w1_i0_t10000000
15.97,475.7281553398058,475.7281553398058,475.7281553398058,2797136.0,2797136.0,2797136.0,130531.0,130531.0,130531.0,0.0,0.0,lock_stripping,32,1,0,10000000,sync_on,lock_stripping_p32_w1_i0_t10000000
15.98,174.75728155339806,174.75728155339806,174.75728155339806,2862136.0,2862136.0,2862136.0,122020.0,122020.0,122020.0,0.0,0.0,lock_stripping,32,1,0,10000000,sync_on,lock_stripping_p32_w1_i0_t10000000
16.0,298.0769230769231,298.0769230769231,298.0769230769231,2801348.0,2801348.0,2801348.0,125146.0,125146.0,125146.0,0.0,0.0,lock_stripping,32,1,0,10000000,sync_on,lock_stripping_p32_w1_i0_t10000000
16.01,192.30769230769232,0.0,384.61538461538464,2798080.0,2790284.0,2805876.0,129927.0,126725.0,133129.0,0.0,0.0,lock_stripping,32,1,0,10000000,sync_on,lock_stripping_p32_w1_i0_t10000000
16.07,288.46153846153845,288.46153846153845,288.46153846153845,2797244.0,2797244.0,2797244.0,130547.0,130547.0,130547.0,0.0,0.0,lock_stripping,32,1,0,10000000,sync_on,lock_stripping_p32_w1_i0_t10000000
16.09,471.1538461538462,471.1538461538462,471.1538461538462,2862636.0,2862636.0,2862636.0,123886.0,123886.0,123886.0,0.0,0.0,lock_stripping,32,1,0,10000000,sync_on,lock_stripping_p32_w1_i0_t10000000
16.11,242.71844660194176,0.0,407.7669902912622,2799250.6666666665,2790416.0,2805876.0,128344.33333333333,125158.0,133150.0,0.0,0.0,lock_stripping,32,1,0,10000000,sync_on,lock_stripping_p32_w1_i0_t10000000
16.18,349.5145631067961,349.5145631067961,349.5145631067961,2797384.0,2797384.0,2797384.0,130568.0,130568.0,130568.0,0.0,0.0,lock_stripping,32,1,0,10000000,sync_on,lock_stripping_p32_w1_i0_t10000000
16.19,0.0,0.0,0.0,2862636.0,2862636.0,2862636.0,123887.0,123887.0,123887.0,0.0,0.0,lock_stripping,32,1,0,10000000,sync_on,lock_stripping_p32_w1_i0_t10000000
16.21,388.3495145631068,388.3495145631068,388.3495145631068,2801612.0,2801612.0,2801612.0,125177.0,125177.0,125177.0,0.0,0.0,lock_stripping,32,1,0,10000000,sync_on,lock_stripping_p32_w1_i0_t10000000
16.22,342.88648244958927,320.3883495145631,365.3846153846154,2798402.0,2790488.0,2806316.0,129955.5,126742.0,133169.0,0.0,0.0,lock_stripping,32,1,0,10000000,sync_on,lock_stripping_p32_w1_i0_t10000000
16.28,259.61538461538464,259.61538461538464,259.61538461538464,2797460.0,2797460.0,2797460.0,130584.0,130584.0,130584.0,0.0,0.0,lock_stripping,32,1,0,10000000,sync_on,lock_stripping_p32_w1_i0_t10000000
16.3,0.0,0.0,0.0,2862636.0,2862636.0,2862636.0,123887.0,123887.0,123887.0,0.0,0.0,lock_stripping,32,1,0,10000000,sync_on,lock_stripping_p32_w1_i0_t10000000
16.31,326.92307692307696,326.92307692307696,326.92307692307696,2801896.0,2801896.0,2801896.0,125193.0,125193.0,125193.0,0.0,0.0,lock_stripping,32,1,0,10000000,sync_on,lock_stripping_p32_w1_i0_t10000000
16.32,270.537714712472,269.2307692307692,271.84466019417476,2797596.0,2790536.0,2804656.0,129049.0,124911.0,133187.0,0.0,0.0,lock_stripping,32,1,0,10000000,sync_on,lock_stripping_p32_w1_i0_t10000000
16.38,184.46601941747574,184.46601941747574,184.46601941747574,2797536.0,2797536.0,2797536.0,130860.0,130860.0,130860.0,0.0,0.0,lock_stripping,32,1,0,10000000,sync_on,lock_stripping_p32_w1_i0_t10000000
16.4,0.0,0.0,0.0,2862636.0,2862636.0,2862636.0,123887.0,123887.0,123887.0,0.0,0.0,lock_stripping,32,1,0,10000000,sync_on,lock_stripping_p32_w1_i0_t10000000
16.42,277.2902663679363,233.0097087378641,317.3076923076923,2799120.0,2790620.0,2804732.0,127779.66666666667,124928.0,133201.0,0.0,0.0,lock_stripping,32,1,0,10000000,sync_on,lock_stripping_p32_w1_i0_t10000000
16.49,19.23076923076923,19.23076923076923,19.23076923076923,2797540.0,2797540.0,2797540.0,130861.0,130861.0,130861.0,0.0,0.0,lock_stripping,32,1,0,10000000,sync_on,lock_stripping_p32_w1_i0_t10000000
16.5,0.0,0.0,0.0,2862636.0,2862636.0,2862636.0,123887.0,123887.0,123887.0,0.0,0.0,lock_stripping,32,1,0,10000000,sync_on,lock_stripping_p32_w1_i0_t10000000
16.52,288.46153846153845,288.46153846153845,288.46153846153845,2802204.0,2802204.0,2802204.0,125228.0,125228.0,125228.0,0.0,0.0,lock_stripping,32,1,0,10000000,sync_on,lock_stripping_p32_w1_i0_t10000000
16.53,402.9126213592233,349.5145631067961,456.3106796116505,2797762.0,2790728.0,2804796.0,129082.5,124943.0,133222.0,0.0,0.0,lock_stripping,32,1,0,10000000,sync_on,lock_stripping_p32_w1_i0_t10000000
16.59,291.2621359223301,291.2621359223301,291.2621359223301,2797648.0,2797648.0,2797648.0,130874.0,130874.0,130874.0,0.0,0.0,lock_stripping,32,1,0,10000000,sync_on,lock_stripping_p32_w1_i0_t10000000
16.61,0.0,0.0,0.0,2862636.0,2862636.0,2862636.0,123887.0,123887.0,123887.0,0.0,0.0,lock_stripping,32,1,0,10000000,sync_on,lock_stripping_p32_w1_i0_t10000000
16.62,223.3009708737864,223.3009708737864,223.3009708737864,2802264.0,2802264.0,2802264.0,125507.0,125507.0,125507.0,0.0,0.0,lock_stripping,32,1,0,10000000,sync_on,lock_stripping_p32_w1_i0_t10000000
16.63,328.55675877520537,317.3076923076923,339.80582524271847,2797860.0,2790808.0,2804912.0,129101.0,124962.0,133240.0,0.0,0.0,lock_stripping,32,1,0,10000000,sync_on,lock_stripping_p32_w1_i0_t10000000
16.69,336.53846153846155,336.53846153846155,336.53846153846155,2797760.0,2797760.0,2797760.0,126849.0,126849.0,126849.0,0.0,0.0,lock_stripping,32,1,0,10000000,sync_on,lock_stripping_p32_w1_i0_t10000000
16.71,0.0,0.0,0.0,2862636.0,2862636.0,2862636.0,123887.0,123887.0,123887.0,0.0,0.0,lock_stripping,32,1,0,10000000,sync_on,lock_stripping_p32_w1_i0_t10000000
16.73,228.52875280059746,0.0,384.61538461538464,2799440.0,2791028.0,2805028.0,127914.0,124978.0,133257.0,0.0,0.0,lock_stripping,32,1,0,10000000,sync_on,lock_stripping_p32_w1_i0_t10000000
16.8,242.71844660194176,242.71844660194176,242.71844660194176,2797800.0,2797800.0,2797800.0,126865.0,126865.0,126865.0,0.0,0.0,lock_stripping,32,1,0,10000000,sync_on,lock_stripping_p32_w1_i0_t10000000
16.81,0.0,0.0,0.0,2862636.0,2862636.0,2862636.0,123887.0,123887.0,123887.0,0.0,0.0,lock_stripping,32,1,0,10000000,sync_on,lock_stripping_p32_w1_i0_t10000000
16.83,291.2621359223301,291.2621359223301,291.2621359223301,2802460.0,2802460.0,2802460.0,125515.0,125515.0,125515.0,0.0,0.0,lock_stripping,32,1,0,10000000,sync_on,lock_stripping_p32_w1_i0_t10000000
16.84,325.242718446602,281.55339805825247,368.93203883495147,2798142.0,2791168.0,2805116.0,129132.5,124991.0,133274.0,0.0,0.0,lock_stripping,32,1,0,10000000,sync_on,lock_stripping_p32_w1_i0_t10000000
16.9,307.6923076923077,307.6923076923077,307.6923076923077,2797840.0,2797840.0,2797840.0,126882.0,126882.0,126882.0,0.0,0.0,lock_stripping,32,1,0,10000000,sync_on,lock_stripping_p32_w1_i0_t10000000
16.91,0.0,0.0,0.0,2862636.0,2862636.0,2862636.0,123887.0,123887.0,123887.0,0.0,0.0,lock_stripping,32,1,0,10000000,sync_on,lock_stripping_p32_w1_i0_t10000000
16.93,213.59223300970876,213.59223300970876,213.59223300970876,2802560.0,2802560.0,2802560.0,121490.0,121490.0,121490.0,0.0,0.0,lock_stripping,32,1,0,10000000,sync_on,lock_stripping_p32_w1_i0_t10000000
16.94,250.0,240.3846153846154,259.61538461538464,2798196.0,2791212.0,2805180.0,129149.0,125011.0,133287.0,0.0,0.0,lock_stripping,32,1,0,10000000,sync_on,lock_stripping_p32_w1_i0_t10000000
17.0,417.4757281553398,417.4757281553398,417.4757281553398,2797912.0,2797912.0,2797912.0,126901.0,126901.0,126901.0,0.0,0.0,lock_stripping,32,1,0,10000000,sync_on,lock_stripping_p32_w1_i0_t10000000
17.02,125.0,125.0,125.0,2862656.0,2862656.0,2862656.0,123891.0,123891.0,123891.0,0.0,0.0,lock_stripping,32,1,0,10000000,sync_on,lock_stripping_p32_w1_i0_t10000000
17.04,293.6582026387852,194.1747572815534,427.1844660194175,2799802.6666666665,2791300.0,2805488.0,127159.0,121507.0,133309.0,0.0,0.0,lock_stripping,32,1,0,10000000,sync_on,lock_stripping_p32_w1_i0_t10000000
17.11,288.46153846153845,288.46153846153845,288.46153846153845,2797936.0,2797936.0,2797936.0,126917.0,126917.0,126917.0,0.0,0.0,lock_stripping,32,1,0,10000000,sync_on,lock_stripping_p32_w1_i0_t10000000
17.12,213.59223300970876,213.59223300970876,213.59223300970876,2862876.0,2862876.0,2862876.0,123901.0,123901.0,123901.0,0.0,0.0,lock_stripping,32,1,0,10000000,sync_on,lock_stripping_p32_w1_i0_t10000000
17.14,223.3009708737864,223.3009708737864,223.3009708737864,2802640.0,2802640.0,2802640.0,121523.0,121523.0,121523.0,0.0,0.0,lock_stripping,32,1,0,10000000,sync_on,lock_stripping_p32_w1_i0_t10000000
17.15,230.76923076923077,96.15384615384616,365.3846153846154,2798472.0,2791484.0,2805460.0,130097.5,126869.0,133326.0,0.0,0.0,lock_stripping,32,1,0,10000000,sync_on,lock_stripping_p32_w1_i0_t10000000
17.21,278.84615384615387,278.84615384615387,278.84615384615387,2797984.0,2797984.0,2797984.0,126933.0,126933.0,126933.0,0.0,0.0,lock_stripping,32,1,0,10000000,sync_on,lock_stripping_p32_w1_i0_t10000000
17.23,250.0,250.0,250.0,2861156.0,2861156.0,2861156.0,122069.0,122069.0,122069.0,0.0,0.0,lock_stripping,32,1,0,10000000,sync_on,lock_stripping_p32_w1_i0_t10000000
17.24,326.92307692307696,326.92307692307696,326.92307692307696,2802668.0,2802668.0,2802668.0,121544.0,121544.0,121544.0,0.0,0.0,lock_stripping,32,1,0,10000000,sync_on,lock_stripping_p32_w1_i0_t10000000
17.25,174.75728155339806,0.0,349.5145631067961,2798536.0,2791612.0,2805460.0,130109.5,126869.0,133350.0,0.0,0.0,lock_stripping,32,1,0,10000000,sync_on,lock_stripping_p32_w1_i0_t10000000
17.32,388.3495145631068,388.3495145631068,388.3495145631068,2798104.0,2798104.0,2798104.0,126958.0,126958.0,126958.0,0.0,0.0,lock_stripping,32,1,0,10000000,sync_on,lock_stripping_p32_w1_i0_t10000000
17.33,349.5145631067961,349.5145631067961,349.5145631067961,2861300.0,2861300.0,2861300.0,122083.0,122083.0,122083.0,0.0,0.0,lock_stripping,32,1,0,10000000,sync_on,lock_stripping_p32_w1_i0_t10000000
17.35,140.77669902912623,0.0,281.55339805825247,2804130.0,2802800.0,2805460.0,124215.0,121561.0,126869.0,0.0,0.0,lock_stripping,32,1,0,10000000,sync_on,lock_stripping_p32_w1_i0_t10000000
17.36,355.7692307692308,355.7692307692308,355.7692307692308,2791700.0,2791700.0,2791700.0,133369.0,133369.0,133369.0,0.0,0.0,lock_stripping,32,1,0,10000000,sync_on,lock_stripping_p32_w1_i0_t10000000
17.42,310.67961165048547,310.67961165048547,310.67961165048547,2798132.0,2798132.0,2798132.0,126975.0,126975.0,126975.0,0.0,0.0,lock_stripping,32,1,0,10000000,sync_on,lock_stripping_p32_w1_i0_t10000000
17.43,203.8834951456311,203.8834951456311,203.8834951456311,2861548.0,2861548.0,2861548.0,122101.0,122101.0,122101.0,0.0,0.0,lock_stripping,32,1,0,10000000,sync_on,lock_stripping_p32_w1_i0_t10000000
17.45,320.3883495145631,320.3883495145631,320.3883495145631,2802912.0,2802912.0,2802912.0,121576.0,121576.0,121576.0,0.0,0.0,lock_stripping,32,1,0,10000000,sync_on,lock_stripping_p32_w1_i0_t10000000
17.46,160.19417475728156,0.0,320.3883495145631,2798628.0,2791796.0,2805460.0,130128.5,126869.0,133388.0,0.0,0.0,lock_stripping,32,1,0,10000000,sync_on,lock_stripping_p32_w1_i0_t10000000
17.52,250.0,250.0,250.0,2798180.0,2798180.0,2798180.0,126989.0,126989.0,126989.0,0.0,0.0,lock_stripping,32,1,0,10000000,sync_on,lock_stripping_p32_w1_i0_t10000000
17.54,365.3846153846154,365.3846153846154,365.3846153846154,2861876.0,2861876.0,2861876.0,123550.0,123550.0,123550.0,0.0,0.0,lock_stripping,32,1,0,10000000,sync_on,lock_stripping_p32_w1_i0_t10000000
17.55,326.92307692307696,326.92307692307696,326.92307692307696,2803112.0,2803112.0,2803112.0,121589.0,121589.0,121589.0,0.0,0.0,lock_stripping,32,1,0,10000000,sync_on,lock_stripping_p32_w1_i0_t10000000
17.56,149.03846153846155,0.0,298.0769230769231,2798656.0,2791852.0,2805460.0,130134.5,126869.0,133400.0,0.0,0.0,lock_stripping,32,1,0,10000000,sync_on,lock_stripping_p32_w1_i0_t10000000
17.62,407.7669902912622,407.7669902912622,407.7669902912622,2798256.0,2798256.0,2798256.0,127008.0,127008.0,127008.0,0.0,0.0,lock_stripping,32,1,0,10000000,sync_on,lock_stripping_p32_w1_i0_t10000000
17.64,106.79611650485438,106.79611650485438,106.79611650485438,2861892.0,2861892.0,2861892.0,123966.0,123966.0,123966.0,0.0,0.0,lock_stripping,32,1,0,10000000,sync_on,lock_stripping_p32_w1_i0_t10000000
17.66,210.3559870550162,0.0,368.93203883495147,2800202.6666666665,2791904.0,2805460.0,127299.0,121610.0,133418.0,0.0,0.0,lock_stripping,32,1,0,10000000,sync_on,lock_stripping_p32_w1_i0_t10000000
17.73,394.2307692307692,394.2307692307692,394.2307692307692,2798348.0,2798348.0,2798348.0,127026.0,127026.0,127026.0,0.0,0.0,lock_stripping,32,1,0,10000000,sync_on,lock_stripping_p32_w1_i0_t10000000
17.74,0.0,0.0,0.0,2861892.0,2861892.0,2861892.0,123966.0,123966.0,123966.0,0.0,0.0,lock_stripping,32,1,0,10000000,sync_on,lock_stripping_p32_w1_i0_t10000000
17.76,346.1538461538462,346.1538461538462,346.1538461538462,2803304.0,2803304.0,2803304.0,121625.0,121625.0,121625.0,0.0,0.0,lock_stripping,32,1,0,10000000,sync_on,lock_stripping_p32_w1_i0_t10000000
17.77,163.46153846153848,0.0,326.92307692307696,2798754.0,2792048.0,2805460.0,130154.5,126869.0,133440.0,0.0,0.0,lock_stripping,32,1,0,10000000,sync_on,lock_stripping_p32_w1_i0_t10000000
17.83,446.6019417475728,446.6019417475728,446.6019417475728,2798404.0,2798404.0,2798404.0,127043.0,127043.0,127043.0,0.0,0.0,lock_stripping,32,1,0,10000000,sync_on,lock_stripping_p32_w1_i0_t10000000
17.85,0.0,0.0,0.0,2861892.0,2861892.0,2861892.0,123966.0,123966.0,123966.0,0.0,0.0,lock_stripping,32,1,0,10000000,sync_on,lock_stripping_p32_w1_i0_t10000000
17.86,330.0970873786408,330.0970873786408,330.0970873786408,2803436.0,2803436.0,2803436.0,121643.0,121643.0,121643.0,0.0,0.0,lock_stripping,32,1,0,10000000,sync_on,lock_stripping_p32_w1_i0_t10000000
17.87,184.46601941747574,0.0,368.93203883495147,2798844.0,2792228.0,2805460.0,130164.0,126870.0,133458.0,0.0,0.0,lock_stripping,32,1,0,10000000,sync_on,lock_stripping_p32_w1_i0_t10000000
17.93,466.0194174757282,466.0194174757282,466.0194174757282,2798492.0,2798492.0,2798492.0,127063.0,127063.0,127063.0,0.0,0.0,lock_stripping,32,1,0,10000000,sync_on,lock_stripping_p32_w1_i0_t10000000
17.95,0.0,0.0,0.0,2861892.0,2861892.0,2861892.0,123966.0,123966.0,123966.0,0.0,0.0,lock_stripping,32,1,0,10000000,sync_on,lock_stripping_p32_w1_i0_t10000000
17.97,160.19417475728156,9.708737864077671,310.67961165048547,2804540.0,2803620.0,2805460.0,124263.5,121656.0,126871.0,0.0,0.0,lock_stripping,32,1,0,10000000,sync_on,lock_stripping_p32_w1_i0_t10000000
17.98,394.2307692307692,394.2307692307692,394.2307692307692,2792328.0,2792328.0,2792328.0,133481.0,133481.0,133481.0,0.0,0.0,lock_stripping,32,1,0,10000000,sync_on,lock_stripping_p32_w1_i0_t10000000
18.04,317.3076923076923,317.3076923076923,317.3076923076923,2798540.0,2798540.0,2798540.0,127081.0,127081.0,127081.0,0.0,0.0,lock_stripping,32,1,0,10000000,sync_on,lock_stripping_p32_w1_i0_t10000000
18.05,0.0,0.0,0.0,2861892.0,2861892.0,2861892.0,123966.0,123966.0,123966.0,0.0,0.0,lock_stripping,32,1,0,10000000,sync_on,lock_stripping_p32_w1_i0_t10000000
18.07,375.0,375.0,375.0,2803832.0,2803832.0,2803832.0,121673.0,121673.0,121673.0,0.0,0.0,lock_stripping,32,1,0,10000000,sync_on,lock_stripping_p32_w1_i0_t10000000
18.08,245.93913368185213,155.33980582524273,336.53846153846155,2799150.0,2792348.0,2805952.0,130188.5,126882.0,133495.0,0.0,0.0,lock_stripping,32,1,0,10000000,sync_on,lock_stripping_p32_w1_i0_t10000000
18.14,298.0769230769231,298.0769230769231,298.0769230769231,2798600.0,2798600.0,2798600.0,127101.0,127101.0,127101.0,0.0,0.0,lock_stripping,32,1,0,10000000,sync_on,lock_stripping_p32_w1_i0_t10000000
18.16,0.0,0.0,0.0,2861892.0,2861892.0,2861892.0,123966.0,123966.0,123966.0,0.0,0.0,lock_stripping,32,1,0,10000000,sync_on,lock_stripping_p32_w1_i0_t10000000
18.17,330.0970873786408,330.0970873786408,330.0970873786408,2803908.0,2803908.0,2803908.0,121692.0,121692.0,121692.0,0.0,0.0,lock_stripping,32,1,0,10000000,sync_on,lock_stripping_p32_w1_i0_t10000000
18.18,270.1643017176998,194.1747572815534,346.1538461538462,2798356.0,2792508.0,2804204.0,129284.0,125050.0,133518.0,0.0,0.0,lock_stripping,32,1,0,10000000,sync_on,lock_stripping_p32_w1_i0_t10000000
18.25,184.46601941747574,184.46601941747574,184.46601941747574,2798640.0,2798640.0,2798640.0,127117.0,127117.0,127117.0,0.0,0.0,lock_stripping,32,1,0,10000000,sync_on,lock_stripping_p32_w1_i0_t10000000
18.26,0.0,0.0,0.0,2861892.0,2861892.0,2861892.0,123966.0,123966.0,123966.0,0.0,0.0,lock_stripping,32,1,0,10000000,sync_on,lock_stripping_p32_w1_i0_t10000000
18.28,281.55339805825247,281.55339805825247,281.55339805825247,2803960.0,2803960.0,2803960.0,121708.0,121708.0,121708.0,0.0,0.0,lock_stripping,32,1,0,10000000,sync_on,lock_stripping_p32_w1_i0_t10000000
18.29,304.4249439880508,288.46153846153845,320.3883495145631,2798488.0,2792656.0,2804320.0,129300.0,125067.0,133533.0,0.0,0.0,lock_stripping,32,1,0,10000000,sync_on,lock_stripping_p32_w1_i0_t10000000
18.35,365.3846153846154,365.3846153846154,365.3846153846154,2798696.0,2798696.0,2798696.0,127133.0,127133.0,127133.0,0.0,0.0,lock_stripping,32,1,0,10000000,sync_on,lock_stripping_p32_w1_i0_t10000000
18.36,0.0,0.0,0.0,2861892.0,2861892.0,2861892.0,123970.0,123970.0,123970.0,0.0,0.0,lock_stripping,32,1,0,10000000,sync_on,lock_stripping_p32_w1_i0_t10000000
18.38,326.92307692307696,326.92307692307696,326.92307692307696,2804040.0,2804040.0,2804040.0,121725.0,121725.0,121725.0,0.0,0.0,lock_stripping,32,1,0,10000000,sync_on,lock_stripping_p32_w1_i0_t10000000
18.39,342.8398058252427,310.67961165048547,375.0,2798608.0,2792752.0,2804464.0,129319.0,125082.0,133556.0,0.0,0.0,lock_stripping,32,1,0,10000000,sync_on,lock_stripping_p32_w1_i0_t10000000
18.45,407.7669902912622,407.7669902912622,407.7669902912622,2798756.0,2798756.0,2798756.0,127154.0,127154.0,127154.0,0.0,0.0,lock_stripping,32,1,0,10000000,sync_on,lock_stripping_p32_w1_i0_t10000000
18.47,0.0,0.0,0.0,2861892.0,2861892.0,2861892.0,123970.0,123970.0,123970.0,0.0,0.0,lock_stripping,32,1,0,10000000,sync_on,lock_stripping_p32_w1_i0_t10000000
18.48,281.55339805825247,281.55339805825247,281.55339805825247,2804168.0,2804168.0,2804168.0,121739.0,121739.0,121739.0,0.0,0.0,lock_stripping,32,1,0,10000000,sync_on,lock_stripping_p32_w1_i0_t10000000
18.49,339.80582524271847,339.80582524271847,339.80582524271847,2798680.0,2792820.0,2804540.0,129334.5,125100.0,133569.0,0.0,0.0,lock_stripping,32,1,0,10000000,sync_on,lock_stripping_p32_w1_i0_t10000000
18.56,221.15384615384616,221.15384615384616,221.15384615384616,2798788.0,2798788.0,2798788.0,127173.0,127173.0,127173.0,0.0,0.0,lock_stripping,32,1,0,10000000,sync_on,lock_stripping_p32_w1_i0_t10000000
18.57,145.63106796116506,145.63106796116506,145.63106796116506,2862108.0,2862108.0,2862108.0,123982.0,123982.0,123982.0,0.0,0.0,lock_stripping,32,1,0,10000000,sync_on,lock_stripping_p32_w1_i0_t10000000
18.59,312.5,211.53846153846155,413.46153846153845,2804472.0,2804224.0,2804720.0,123436.5,121759.0,125114.0,0.0,0.0,lock_stripping,32,1,0,10000000,sync_on,lock_stripping_p32_w1_i0_t10000000
18.6,403.84615384615387,403.84615384615387,403.84615384615387,2792972.0,2792972.0,2792972.0,133593.0,133593.0,133593.0,0.0,0.0,lock_stripping,32,1,0,10000000,sync_on,lock_stripping_p32_w1_i0_t10000000
18.66,310.67961165048547,310.67961165048547,310.67961165048547,2798860.0,2798860.0,2798860.0,127188.0,127188.0,127188.0,0.0,0.0,lock_stripping,32,1,0,10000000,sync_on,lock_stripping_p32_w1_i0_t10000000
18.67,271.84466019417476,271.84466019417476,271.84466019417476,2860456.0,2860456.0,2860456.0,122149.0,122149.0,122149.0,0.0,0.0,lock_stripping,32,1,0,10000000,sync_on,lock_stripping_p32_w1_i0_t10000000
18.69,300.97087378640776,300.97087378640776,300.97087378640776,2804492.0,2804492.0,2804492.0,121777.0,121777.0,121777.0,0.0,0.0,lock_stripping,32,1,0,10000000,sync_on,lock_stripping_p32_w1_i0_t10000000
18.7,362.02389843166543,300.97087378640776,423.0769230769231,2798954.0,2793064.0,2804844.0,129370.5,125131.0,133610.0,0.0,0.0,lock_stripping,32,1,0,10000000,sync_on,lock_stripping_p32_w1_i0_t10000000
18.76,250.0,250.0,250.0,2798912.0,2798912.0,2798912.0,127205.0,127205.0,127205.0,0.0,0.0,lock_stripping,32,1,0,10000000,sync_on,lock_stripping_p32_w1_i0_t10000000
18.78,182.6923076923077,182.6923076923077,182.6923076923077,2860688.0,2860688.0,2860688.0,122162.0,122162.0,122162.0,0.0,0.0,lock_stripping,32,1,0,10000000,sync_on,lock_stripping_p32_w1_i0_t10000000
18.79,349.5145631067961,349.5145631067961,349.5145631067961,2804716.0,2804716.0,2804716.0,121797.0,121797.0,121797.0,0.0,0.0,lock_stripping,32,1,0,10000000,sync_on,lock_stripping_p32_w1_i0_t10000000
18.8,320.3883495145631,223.3009708737864,417.4757281553398,2799132.0,2793256.0,2805008.0,129387.5,125147.0,133628.0,0.0,0.0,lock_stripping,32,1,0,10000000,sync_on,lock_stripping_p32_w1_i0_t10000000
18.87,300.97087378640776,300.97087378640776,300.97087378640776,2798960.0,2798960.0,2798960.0,127224.0,127224.0,127224.0,0.0,0.0,lock_stripping,32,1,0,10000000,sync_on,lock_stripping_p32_w1_i0_t10000000
18.88,330.0970873786408,330.0970873786408,330.0970873786408,2860944.0,2860944.0,2860944.0,122181.0,122181.0,122181.0,0.0,0.0,lock_stripping,32,1,0,10000000,sync_on,lock_stripping_p32_w1_i0_t10000000
18.9,278.84615384615387,278.84615384615387,278.84615384615387,2804776.0,2804776.0,2804776.0,121815.0,121815.0,121815.0,0.0,0.0,lock_stripping,32,1,0,10000000,sync_on,lock_stripping_p32_w1_i0_t10000000
18.91,333.2244212098581,310.67961165048547,355.7692307692308,2799206.0,2793336.0,2805076.0,129405.5,125165.0,133646.0,0.0,0.0,lock_stripping,32,1,0,10000000,sync_on,lock_stripping_p32_w1_i0_t10000000
18.97,326.92307692307696,326.92307692307696,326.92307692307696,2799016.0,2799016.0,2799016.0,127242.0,127242.0,127242.0,0.0,0.0,lock_stripping,32,1,0,10000000,sync_on,lock_stripping_p32_w1_i0_t10000000
18.98,252.42718446601944,252.42718446601944,252.42718446601944,2861108.0,2861108.0,2861108.0,122199.0,122199.0,122199.0,0.0,0.0,lock_stripping,32,1,0,10000000,sync_on,lock_stripping_p32_w1_i0_t10000000
19.0,378.6407766990292,378.6407766990292,378.6407766990292,2804844.0,2804844.0,2804844.0,121831.0,121831.0,121831.0,0.0,0.0,lock_stripping,32,1,0,10000000,sync_on,lock_stripping_p32_w1_i0_t10000000
19.01,367.15832710978344,365.3846153846154,368.93203883495147,2799278.0,2793416.0,2805140.0,129426.0,125185.0,133667.0,0.0,0.0,lock_stripping,32,1,0,10000000,sync_on,lock_stripping_p32_w1_i0_t10000000
19.07,533.9805825242719,533.9805825242719,533.9805825242719,2799288.0,2799288.0,2799288.0,127258.0,127258.0,127258.0,0.0,0.0,lock_stripping,32,1,0,10000000,sync_on,lock_stripping_p32_w1_i0_t10000000
19.09,184.46601941747574,184.46601941747574,184.46601941747574,2861348.0,2861348.0,2861348.0,122211.0,122211.0,122211.0,0.0,0.0,lock_stripping,32,1,0,10000000,sync_on,lock_stripping_p32_w1_i0_t10000000
19.1,271.84466019417476,271.84466019417476,271.84466019417476,2804908.0,2804908.0,2804908.0,121848.0,121848.0,121848.0,0.0,0.0,lock_stripping,32,1,0,10000000,sync_on,lock_stripping_p32_w1_i0_t10000000
19.11,245.89245705750562,145.63106796116506,346.1538461538462,2799360.0,2793436.0,2805284.0,129439.0,125199.0,133679.0,0.0,0.0,lock_stripping,32,1,0,10000000,sync_on,lock_stripping_p32_w1_i0_t10000000
19.18,346.1538461538462,346.1538461538462,346.1538461538462,2799428.0,2799428.0,2799428.0,127278.0,127278.0,127278.0,0.0,0.0,lock_stripping,32,1,0,10000000,sync_on,lock_stripping_p32_w1_i0_t10000000
19.19,230.76923076923077,230.76923076923077,230.76923076923077,2861448.0,2861448.0,2861448.0,122226.0,122226.0,122226.0,0.0,0.0,lock_stripping,32,1,0,10000000,sync_on,lock_stripping_p32_w1_i0_t10000000
19.21,338.3121732636296,307.6923076923077,368.93203883495147,2805250.0,2805140.0,2805360.0,123541.0,121866.0,125216.0,0.0,0.0,lock_stripping,32,1,0,10000000,sync_on,lock_stripping_p32_w1_i0_t10000000
19.22,375.0,375.0,375.0,2793536.0,2793536.0,2793536.0,133700.0,133700.0,133700.0,0.0,0.0,lock_stripping,32,1,0,10000000,sync_on,lock_stripping_p32_w1_i0_t10000000
19.28,155.33980582524273,155.33980582524273,155.33980582524273,2799452.0,2799452.0,2799452.0,127293.0,127293.0,127293.0,0.0,0.0,lock_stripping,32,1,0,10000000,sync_on,lock_stripping_p32_w1_i0_t10000000
19.29,310.67961165048547,310.67961165048547,310.67961165048547,2861588.0,2861588.0,2861588.0,122507.0,122507.0,122507.0,0.0,0.0,lock_stripping,32,1,0,10000000,sync_on,lock_stripping_p32_w1_i0_t10000000
19.31,135.92233009708738,135.92233009708738,135.92233009708738,2805168.0,2805168.0,2805168.0,122140.0,122140.0,122140.0,0.0,0.0,lock_stripping,32,1,0,10000000,sync_on,lock_stripping_p32_w1_i0_t10000000
19.32,242.71844660194176,233.0097087378641,252.42718446601944,2799532.0,2793572.0,2805492.0,129471.5,125229.0,133714.0,0.0,0.0,lock_stripping,32,1,0,10000000,sync_on,lock_stripping_p32_w1_i0_t10000000
19.39,250.0,0.0,500.0,2830582.0,2799576.0,2861588.0,124908.0,122507.0,127309.0,0.0,0.0,lock_stripping,32,1,0,10000000,sync_on,lock_stripping_p32_w1_i0_t10000000
19.41,145.63106796116506,145.63106796116506,145.63106796116506,2805196.0,2805196.0,2805196.0,122146.0,122146.0,122146.0,0.0,0.0,lock_stripping,32,1,0,10000000,sync_on,lock_stripping_p32_w1_i0_t10000000
19.42,298.0769230769231,298.0769230769231,298.0769230769231,2805580.0,2805580.0,2805580.0,125245.0,125245.0,125245.0,0.0,0.0,lock_stripping,32,1,0,10000000,sync_on,lock_stripping_p32_w1_i0_t10000000
19.43,480.7692307692308,480.7692307692308,480.7692307692308,2793796.0,2793796.0,2793796.0,133736.0,133736.0,133736.0,0.0,0.0,lock_stripping,32,1,0,10000000,sync_on,lock_stripping_p32_w1_i0_t10000000
19.49,300.97087378640776,300.97087378640776,300.97087378640776,2799664.0,2799664.0,2799664.0,127327.0,127327.0,127327.0,0.0,0.0,lock_stripping,32,1,0,10000000,sync_on,lock_stripping_p32_w1_i0_t10000000
19.5,320.3883495145631,320.3883495145631,320.3883495145631,2861856.0,2861856.0,2861856.0,122517.0,122517.0,122517.0,0.0,0.0,lock_stripping,32,1,0,10000000,sync_on,lock_stripping_p32_w1_i0_t10000000
19.52,328.4167289021658,310.67961165048547,346.1538461538462,2805486.0,2805328.0,2805644.0,123711.0,122159.0,125263.0,0.0,0.0,lock_stripping,32,1,0,10000000,sync_on,lock_stripping_p32_w1_i0_t10000000
19.53,398.05825242718447,398.05825242718447,398.05825242718447,2794016.0,2794016.0,2794016.0,133754.0,133754.0,133754.0,0.0,0.0,lock_stripping,32,1,0,10000000,sync_on,lock_stripping_p32_w1_i0_t10000000
19.59,269.2307692307692,269.2307692307692,269.2307692307692,2799724.0,2799724.0,2799724.0,127343.0,127343.0,127343.0,0.0,0.0,lock_stripping,32,1,0,10000000,sync_on,lock_stripping_p32_w1_i0_t10000000
19.6,461.53846153846155,461.53846153846155,461.53846153846155,2862256.0,2862256.0,2862256.0,118495.0,118495.0,118495.0,0.0,0.0,lock_stripping,32,1,0,10000000,sync_on,lock_stripping_p32_w1_i0_t10000000
19.62,310.67961165048547,310.67961165048547,310.67961165048547,2805504.0,2805504.0,2805504.0,118134.0,118134.0,118134.0,0.0,0.0,lock_stripping,32,1,0,10000000,sync_on,lock_stripping_p32_w1_i0_t10000000
19.63,350.96153846153845,250.0,451.92307692307696,2799904.0,2794116.0,2805692.0,129525.5,125278.0,133773.0,0.0,0.0,lock_stripping,32,1,0,10000000,sync_on,lock_stripping_p32_w1_i0_t10000000
19.7,349.5145631067961,262.1359223300971,436.8932038834952,2831056.0,2799820.0,2862292.0,122935.5,118508.0,127363.0,0.0,0.0,lock_stripping,32,1,0,10000000,sync_on,lock_stripping_p32_w1_i0_t10000000
19.72,446.6019417475728,446.6019417475728,446.6019417475728,2805880.0,2805880.0,2805880.0,118154.0,118154.0,118154.0,0.0,0.0,lock_stripping,32,1,0,10000000,sync_on,lock_stripping_p32_w1_i0_t10000000
19.73,310.6796116504854,300.97087378640776,320.3883495145631,2800044.0,2794248.0,2805840.0,129544.0,125296.0,133792.0,0.0,0.0,lock_stripping,32,1,0,10000000,sync_on,lock_stripping_p32_w1_i0_t10000000
19.8,252.42718446601944,252.42718446601944,252.42718446601944,2799860.0,2799860.0,2799860.0,127379.0,127379.0,127379.0,0.0,0.0,lock_stripping,32,1,0,10000000,sync_on,lock_stripping_p32_w1_i0_t10000000
19.81,359.2233009708738,359.2233009708738,359.2233009708738,2862448.0,2862448.0,2862448.0,118527.0,118527.0,118527.0,0.0,0.0,lock_stripping,32,1,0,10000000,sync_on,lock_stripping_p32_w1_i0_t10000000
19.83,269.2307692307692,269.2307692307692,269.2307692307692,2806116.0,2806116.0,2806116.0,119499.0,119499.0,119499.0,0.0,0.0,lock_stripping,32,1,0,10000000,sync_on,lock_stripping_p32_w1_i0_t10000000
19.84,318.38125466766246,223.3009708737864,413.46153846153845,2800170.0,2794448.0,2805892.0,129558.0,125310.0,133806.0,0.0,0.0,lock_stripping,32,1,0,10000000,sync_on,lock_stripping_p32_w1_i0_t10000000
19.9,384.61538461538464,384.61538461538464,384.61538461538464,2799932.0,2799932.0,2799932.0,127398.0,127398.0,127398.0,0.0,0.0,lock_stripping,32,1,0,10000000,sync_on,lock_stripping_p32_w1_i0_t10000000
19.91,310.67961165048547,310.67961165048547,310.67961165048547,2862580.0,2862580.0,2862580.0,118540.0,118540.0,118540.0,0.0,0.0,lock_stripping,32,1,0,10000000,sync_on,lock_stripping_p32_w1_i0_t10000000
19.93,135.92233009708738,135.92233009708738,135.92233009708738,2806288.0,2806288.0,2806288.0,120018.0,120018.0,120018.0,0.0,0.0,lock_stripping,32,1,0,10000000,sync_on,lock_stripping_p32_w1_i0_t10000000
19.94,313.9936519790889,310.67961165048547,317.3076923076923,2800258.0,2794552.0,2805964.0,129577.5,125328.0,133827.0,0.0,0.0,lock_stripping,32,1,0,10000000,sync_on,lock_stripping_p32_w1_i0_t10000000
20.0,233.0097087378641,233.0097087378641,233.0097087378641,2800076.0,2800076.0,2800076.0,127676.0,127676.0,127676.0,0.0,0.0,lock_stripping,32,1,0,10000000,sync_on,lock_stripping_p32_w1_i0_t10000000
20.02,365.3846153846154,365.3846153846154,365.3846153846154,2862736.0,2862736.0,2862736.0,119729.0,119729.0,119729.0,0.0,0.0,lock_stripping,32,1,0,10000000,sync_on,lock_stripping_p32_w1_i0_t10000000
20.04,106.79611650485438,0.0,213.59223300970876,2806138.0,2805988.0,2806288.0,122680.5,120018.0,125343.0,0.0,0.0,lock_stripping,32,1,0,10000000,sync_on,lock_stripping_p32_w1_i0_t10000000
20.05,413.46153846153845,413.46153846153845,413.46153846153845,2794632.0,2794632.0,2794632.0,133845.0,133845.0,133845.0,0.0,0.0,lock_stripping,32,1,0,10000000,sync_on,lock_stripping_p32_w1_i0_t10000000
20.11,19.23076923076923,19.23076923076923,19.23076923076923,2800080.0,2800080.0,2800080.0,127678.0,127678.0,127678.0,0.0,0.0,lock_stripping,32,1,0,10000000,sync_on,lock_stripping_p32_w1_i0_t10000000
20.12,87.37864077669903,87.37864077669903,87.37864077669903,2863212.0,2863212.0,2863212.0,120402.0,120402.0,120402.0,0.0,0.0,lock_stripping,32,1,0,10000000,sync_on,lock_stripping_p32_w1_i0_t10000000
20.14,194.1747572815534,0.0,388.3495145631068,2806198.0,2806108.0,2806288.0,122689.0,120018.0,125360.0,0.0,0.0,lock_stripping,32,1,0,10000000,sync_on,lock_stripping_p32_w1_i0_t10000000
20.15,320.3883495145631,320.3883495145631,320.3883495145631,2794728.0,2794728.0,2794728.0,133865.0,133865.0,133865.0,0.0,0.0,lock_stripping,32,1,0,10000000,sync_on,lock_stripping_p32_w1_i0_t10000000
20.21,153.84615384615384,153.84615384615384,153.84615384615384,2800116.0,2800116.0,2800116.0,127686.0,127686.0,127686.0,0.0,0.0,lock_stripping,32,1,0,10000000,sync_on,lock_stripping_p32_w1_i0_t10000000
20.22,0.0,0.0,0.0,2863212.0,2863212.0,2863212.0,120402.0,120402.0,120402.0,0.0,0.0,lock_stripping,32,1,0,10000000,sync_on,lock_stripping_p32_w1_i0_t10000000
20.24,0.0,0.0,0.0,2806288.0,2806288.0,2806288.0,120018.0,120018.0,120018.0,0.0,0.0,lock_stripping,32,1,0,10000000,sync_on,lock_stripping_p32_w1_i0_t10000000
20.25,326.9230769230769,307.6923076923077,346.1538461538462,2800630.0,2794860.0,2806400.0,130551.5,127218.0,133885.0,0.0,0.0,lock_stripping,32,1,0,10000000,sync_on,lock_stripping_p32_w1_i0_t10000000
20.32,140.77669902912623,0.0,281.55339805825247,2831688.0,2800164.0,2863212.0,122032.0,120402.0,123662.0,0.0,0.0,lock_stripping,32,1,0,10000000,sync_on,lock_stripping_p32_w1_i0_t10000000
20.34,0.0,0.0,0.0,2806288.0,2806288.0,2806288.0,120018.0,120018.0,120018.0,0.0,0.0,lock_stripping,32,1,0,10000000,sync_on,lock_stripping_p32_w1_i0_t10000000
20.35,106.79611650485438,106.79611650485438,106.79611650485438,2806436.0,2806436.0,2806436.0,127220.0,127220.0,127220.0,0.0,0.0,lock_stripping,32,1,0,10000000,sync_on,lock_stripping_p32_w1_i0_t10000000
20.36,339.80582524271847,339.80582524271847,339.80582524271847,2795052.0,2795052.0,2795052.0,133902.0,133902.0,133902.0,0.0,0.0,lock_stripping,32,1,0,10000000,sync_on,lock_stripping_p32_w1_i0_t10000000
20.42,336.53846153846155,336.53846153846155,336.53846153846155,2800344.0,2800344.0,2800344.0,123676.0,123676.0,123676.0,0.0,0.0,lock_stripping,32,1,0,10000000,sync_on,lock_stripping_p32_w1_i0_t10000000
20.43,0.0,0.0,0.0,2863212.0,2863212.0,2863212.0,120402.0,120402.0,120402.0,0.0,0.0,lock_stripping,32,1,0,10000000,sync_on,lock_stripping_p32_w1_i0_t10000000
20.45,0.0,0.0,0.0,2806288.0,2806288.0,2806288.0,120018.0,120018.0,120018.0,0.0,0.0,lock_stripping,32,1,0,10000000,sync_on,lock_stripping_p32_w1_i0_t10000000
20.46,120.1923076923077,0.0,240.3846153846154,2800770.0,2795104.0,2806436.0,130568.5,127220.0,133917.0,0.0,0.0,lock_stripping,32,1,0,10000000,sync_on,lock_stripping_p32_w1_i0_t10000000
20.52,407.7669902912622,407.7669902912622,407.7669902912622,2800584.0,2800584.0,2800584.0,123691.0,123691.0,123691.0,0.0,0.0,lock_stripping,32,1,0,10000000,sync_on,lock_stripping_p32_w1_i0_t10000000
20.53,0.0,0.0,0.0,2863212.0,2863212.0,2863212.0,120402.0,120402.0,120402.0,0.0,0.0,lock_stripping,32,1,0,10000000,sync_on,lock_stripping_p32_w1_i0_t10000000
20.55,0.0,0.0,0.0,2806288.0,2806288.0,2806288.0,120018.0,120018.0,120018.0,0.0,0.0,lock_stripping,32,1,0,10000000,sync_on,lock_stripping_p32_w1_i0_t10000000
20.56,165.0485436893204,0.0,330.0970873786408,2800806.0,2795176.0,2806436.0,130577.5,127220.0,133935.0,0.0,0.0,lock_stripping,32,1,0,10000000,sync_on,lock_stripping_p32_w1_i0_t10000000
20.63,163.46153846153848,0.0,326.92307692307696,2831942.0,2800672.0,2863212.0,122057.0,120402.0,123712.0,0.0,0.0,lock_stripping,32,1,0,10000000,sync_on,lock_stripping_p32_w1_i0_t10000000
20.66,0.0,0.0,0.0,2806362.0,2806288.0,2806436.0,123619.0,120018.0,127220.0,0.0,0.0,lock_stripping,32,1,0,10000000,sync_on,lock_stripping_p32_w1_i0_t10000000
20.67,317.3076923076923,317.3076923076923,317.3076923076923,2795348.0,2795348.0,2795348.0,133950.0,133950.0,133950.0,0.0,0.0,lock_stripping,32,1,0,10000000,sync_on,lock_stripping_p32_w1_i0_t10000000
20.73,466.0194174757282,466.0194174757282,466.0194174757282,2800872.0,2800872.0,2800872.0,123731.0,123731.0,123731.0,0.0,0.0,lock_stripping,32,1,0,10000000,sync_on,lock_stripping_p32_w1_i0_t10000000
20.74,0.0,0.0,0.0,2863212.0,2863212.0,2863212.0,120402.0,120402.0,120402.0,0.0,0.0,lock_stripping,32,1,0,10000000,sync_on,lock_stripping_p32_w1_i0_t10000000
20.76,48.54368932038835,48.54368932038835,48.54368932038835,2806296.0,2806296.0,2806296.0,120019.0,120019.0,120019.0,0.0,0.0,lock_stripping,32,1,0,10000000,sync_on,lock_stripping_p32_w1_i0_t10000000
20.77,254.90196078431373,0.0,509.80392156862746,2800952.0,2795468.0,2806436.0,130598.0,127220.0,133976.0,0.0,0.0,lock_stripping,32,1,0,10000000,sync_on,lock_stripping_p32_w1_i0_t10000000
20.83,269.2307692307692,269.2307692307692,269.2307692307692,2800908.0,2800908.0,2800908.0,123751.0,123751.0,123751.0,0.0,0.0,lock_stripping,32,1,0,10000000,sync_on,lock_stripping_p32_w1_i0_t10000000
20.84,0.0,0.0,0.0,2863212.0,2863212.0,2863212.0,120404.0,120404.0,120404.0,0.0,0.0,lock_stripping,32,1,0,10000000,sync_on,lock_stripping_p32_w1_i0_t10000000
20.86,192.30769230769232,192.30769230769232,192.30769230769232,2806640.0,2806640.0,2806640.0,120029.0,120029.0,120029.0,0.0,0.0,lock_stripping,32,1,0,10000000,sync_on,lock_stripping_p32_w1_i0_t10000000
20.87,129.80769230769232,0.0,259.61538461538464,2801026.0,2795616.0,2806436.0,130603.5,127220.0,133987.0,0.0,0.0,lock_stripping,32,1,0,10000000,sync_on,lock_stripping_p32_w1_i0_t10000000
20.94,174.75728155339806,0.0,349.5145631067961,2832094.0,2800976.0,2863212.0,122085.0,120404.0,123766.0,0.0,0.0,lock_stripping,32,1,0,10000000,sync_on,lock_stripping_p32_w1_i0_t10000000
20.96,330.0970873786408,330.0970873786408,330.0970873786408,2805024.0,2805024.0,2805024.0,119270.0,119270.0,119270.0,0.0,0.0,lock_stripping,32,1,0,10000000,sync_on,lock_stripping_p32_w1_i0_t10000000
20.97,0.0,0.0,0.0,2806436.0,2806436.0,2806436.0,127220.0,127220.0,127220.0,0.0,0.0,lock_stripping,32,1,0,10000000,sync_on,lock_stripping_p32_w1_i0_t10000000
20.98,29.12621359223301,29.12621359223301,29.12621359223301,2795628.0,2795628.0,2795628.0,133989.0,133989.0,133989.0,0.0,0.0,lock_stripping,32,1,0,10000000,sync_on,lock_stripping_p32_w1_i0_t10000000
21.04,326.92307692307696,326.92307692307696,326.92307692307696,2801064.0,2801064.0,2801064.0,123782.0,123782.0,123782.0,0.0,0.0,lock_stripping,32,1,0,10000000,sync_on,lock_stripping_p32_w1_i0_t10000000
21.05,201.92307692307693,201.92307692307693,201.92307692307693,2863460.0,2863460.0,2863460.0,120412.0,120412.0,120412.0,0.0,0.0,lock_stripping,32,1,0,10000000,sync_on,lock_stripping_p32_w1_i0_t10000000
21.07,28.846153846153847,28.846153846153847,28.846153846153847,2805084.0,2805084.0,2805084.0,120038.0,120038.0,120038.0,0.0,0.0,lock_stripping,32,1,0,10000000,sync_on,lock_stripping_p32_w1_i0_t10000000
21.08,9.615384615384615,0.0,19.23076923076923,2801036.0,2795636.0,2806436.0,130608.0,127225.0,133991.0,0.0,0.0,lock_stripping,32,1,0,10000000,sync_on,lock_stripping_p32_w1_i0_t10000000
21.14,349.5145631067961,349.5145631067961,349.5145631067961,2801204.0,2801204.0,2801204.0,123798.0,123798.0,123798.0,0.0,0.0,lock_stripping,32,1,0,10000000,sync_on,lock_stripping_p32_w1_i0_t10000000
21.15,291.2621359223301,291.2621359223301,291.2621359223301,2861848.0,2861848.0,2861848.0,118583.0,118583.0,118583.0,0.0,0.0,lock_stripping,32,1,0,10000000,sync_on,lock_stripping_p32_w1_i0_t10000000
21.17,0.0,0.0,0.0,2805084.0,2805084.0,2805084.0,120038.0,120038.0,120038.0,0.0,0.0,lock_stripping,32,1,0,10000000,sync_on,lock_stripping_p32_w1_i0_t10000000
21.18,169.90291262135923,0.0,339.80582524271847,2801128.0,2795820.0,2806436.0,130615.0,127225.0,134005.0,0.0,0.0,lock_stripping,32,1,0,10000000,sync_on,lock_stripping_p32_w1_i0_t10000000
21.25,407.7669902912622,233.0097087378641,582.5242718446602,2831670.0,2801396.0,2861944.0,121205.0,118595.0,123815.0,0.0,0.0,lock_stripping,32,1,0,10000000,sync_on,lock_stripping_p32_w1_i0_t10000000
21.27,0.0,0.0,0.0,2805084.0,2805084.0,2805084.0,120038.0,120038.0,120038.0,0.0,0.0,lock_stripping,32,1,0,10000000,sync_on,lock_stripping_p32_w1_i0_t10000000
21.28,135.92233009708738,135.92233009708738,135.92233009708738,2806540.0,2806540.0,2806540.0,127230.0,127230.0,127230.0,0.0,0.0,lock_stripping,32,1,0,10000000,sync_on,lock_stripping_p32_w1_i0_t10000000
21.29,349.5145631067961,349.5145631067961,349.5145631067961,2795912.0,2795912.0,2795912.0,134025.0,134025.0,134025.0,0.0,0.0,lock_stripping,32,1,0,10000000,sync_on,lock_stripping_p32_w1_i0_t10000000
21.35,432.69230769230774,432.69230769230774,432.69230769230774,2801480.0,2801480.0,2801480.0,123836.0,123836.0,123836.0,0.0,0.0,lock_stripping,32,1,0,10000000,sync_on,lock_stripping_p32_w1_i0_t10000000
21.36,398.05825242718447,398.05825242718447,398.05825242718447,2862464.0,2862464.0,2862464.0,118615.0,118615.0,118615.0,0.0,0.0,lock_stripping,32,1,0,10000000,sync_on,lock_stripping_p32_w1_i0_t10000000
21.38,0.0,0.0,0.0,2805084.0,2805084.0,2805084.0,120038.0,120038.0,120038.0,0.0,0.0,lock_stripping,32,1,0,10000000,sync_on,lock_stripping_p32_w1_i0_t10000000
21.39,279.77968633308444,194.1747572815534,365.3846153846154,2801392.0,2795980.0,2806804.0,130644.0,127245.0,134043.0,0.0,0.0,lock_stripping,32,1,0,10000000,sync_on,lock_stripping_p32_w1_i0_t10000000
21.45,339.80582524271847,339.80582524271847,339.80582524271847,2801536.0,2801536.0,2801536.0,123853.0,123853.0,123853.0,0.0,0.0,lock_stripping,32,1,0,10000000,sync_on,lock_stripping_p32_w1_i0_t10000000
21.46,105.76923076923077,105.76923076923077,105.76923076923077,2862472.0,2862472.0,2862472.0,118621.0,118621.0,118621.0,0.0,0.0,lock_stripping,32,1,0,10000000,sync_on,lock_stripping_p32_w1_i0_t10000000
21.48,0.0,0.0,0.0,2805084.0,2805084.0,2805084.0,120038.0,120038.0,120038.0,0.0,0.0,lock_stripping,32,1,0,10000000,sync_on,lock_stripping_p32_w1_i0_t10000000
21.49,299.8039581777446,240.3846153846154,359.2233009708738,2800714.0,2796216.0,2805212.0,129734.5,125409.0,134060.0,0.0,0.0,lock_stripping,32,1,0,10000000,sync_on,lock_stripping_p32_w1_i0_t10000000
21.56,216.48618371919343,29.12621359223301,403.84615384615387,2832060.0,2801640.0,2862480.0,121248.0,118625.0,123871.0,0.0,0.0,lock_stripping,32,1,0,10000000,sync_on,lock_stripping_p32_w1_i0_t10000000
21.59,169.90291262135923,0.0,339.80582524271847,2805276.0,2805084.0,2805468.0,122731.0,120038.0,125424.0,0.0,0.0,lock_stripping,32,1,0,10000000,sync_on,lock_stripping_p32_w1_i0_t10000000
21.6,384.61538461538464,384.61538461538464,384.61538461538464,2796288.0,2796288.0,2796288.0,134079.0,134079.0,134079.0,0.0,0.0,lock_stripping,32,1,0,10000000,sync_on,lock_stripping_p32_w1_i0_t10000000
21.66,233.0097087378641,233.0097087378641,233.0097087378641,2801668.0,2801668.0,2801668.0,123887.0,123887.0,123887.0,0.0,0.0,lock_stripping,32,1,0,10000000,sync_on,lock_stripping_p32_w1_i0_t10000000
21.67,320.3883495145631,320.3883495145631,320.3883495145631,2862624.0,2862624.0,2862624.0,118639.0,118639.0,118639.0,0.0,0.0,lock_stripping,32,1,0,10000000,sync_on,lock_stripping_p32_w1_i0_t10000000
21.69,0.0,0.0,0.0,2805084.0,2805084.0,2805084.0,120038.0,120038.0,120038.0,0.0,0.0,lock_stripping,32,1,0,10000000,sync_on,lock_stripping_p32_w1_i0_t10000000
21.7,251.30694548170277,230.76923076923077,271.84466019417476,2800928.0,2796352.0,2805504.0,129770.5,125442.0,134099.0,0.0,0.0,lock_stripping,32,1,0,10000000,sync_on,lock_stripping_p32_w1_i0_t10000000
21.77,299.47722180731887,291.2621359223301,307.6923076923077,2832308.0,2801740.0,2862876.0,121281.0,118655.0,123907.0,0.0,0.0,lock_stripping,32,1,0,10000000,sync_on,lock_stripping_p32_w1_i0_t10000000
21.79,0.0,0.0,0.0,2805084.0,2805084.0,2805084.0,120038.0,120038.0,120038.0,0.0,0.0,lock_stripping,32,1,0,10000000,sync_on,lock_stripping_p32_w1_i0_t10000000
21.8,241.3648244958925,203.8834951456311,278.84615384615387,2800972.0,2796400.0,2805544.0,129787.0,125452.0,134122.0,0.0,0.0,lock_stripping,32,1,0,10000000,sync_on,lock_stripping_p32_w1_i0_t10000000
21.87,372.10604929051533,346.1538461538462,398.05825242718447,2832372.0,2801800.0,2862944.0,121301.0,118674.0,123928.0,0.0,0.0,lock_stripping,32,1,0,10000000,sync_on,lock_stripping_p32_w1_i0_t10000000
21.89,0.0,0.0,0.0,2805084.0,2805084.0,2805084.0,120038.0,120038.0,120038.0,0.0,0.0,lock_stripping,32,1,0,10000000,sync_on,lock_stripping_p32_w1_i0_t10000000
21.9,262.1359223300971,262.1359223300971,262.1359223300971,2805668.0,2805668.0,2805668.0,125468.0,125468.0,125468.0,0.0,0.0,lock_stripping,32,1,0,10000000,sync_on,lock_stripping_p32_w1_i0_t10000000
21.91,298.0769230769231,298.0769230769231,298.0769230769231,2796460.0,2796460.0,2796460.0,134139.0,134139.0,134139.0,0.0,0.0,lock_stripping,32,1,0,10000000,sync_on,lock_stripping_p32_w1_i0_t10000000
21.97,269.2307692307692,269.2307692307692,269.2307692307692,2801868.0,2801868.0,2801868.0,123942.0,123942.0,123942.0,0.0,0.0,lock_stripping,32,1,0,10000000,sync_on,lock_stripping_p32_w1_i0_t10000000
21.98,223.3009708737864,223.3009708737864,223.3009708737864,2863056.0,2863056.0,2863056.0,118689.0,118689.0,118689.0,0.0,0.0,lock_stripping,32,1,0,10000000,sync_on,lock_stripping_p32_w1_i0_t10000000
22.0,0.0,0.0,0.0,2805084.0,2805084.0,2805084.0,120038.0,120038.0,120038.0,0.0,0.0,lock_stripping,32,1,0,10000000,sync_on,lock_stripping_p32_w1_i0_t10000000
22.01,285.38088125466766,211.53846153846155,359.2233009708738,2801240.0,2796616.0,2805864.0,130439.0,126726.0,134152.0,0.0,0.0,lock_stripping,32,1,0,10000000,sync_on,lock_stripping_p32_w1_i0_t10000000
22.07,475.7281553398058,475.7281553398058,475.7281553398058,2801960.0,2801960.0,2801960.0,123962.0,123962.0,123962.0,0.0,0.0,lock_stripping,32,1,0,10000000,sync_on,lock_stripping_p32_w1_i0_t10000000
22.08,339.80582524271847,339.80582524271847,339.80582524271847,2863240.0,2863240.0,2863240.0,118705.0,118705.0,118705.0,0.0,0.0,lock_stripping,32,1,0,10000000,sync_on,lock_stripping_p32_w1_i0_t10000000
22.1,194.1747572815534,194.1747572815534,194.1747572815534,2805452.0,2805452.0,2805452.0,120048.0,120048.0,120048.0,0.0,0.0,lock_stripping,32,1,0,10000000,sync_on,lock_stripping_p32_w1_i0_t10000000
22.11,245.65907393577297,97.0873786407767,394.2307692307692,2801310.0,2796680.0,2805940.0,130752.5,127330.0,134175.0,0.0,0.0,lock_stripping,32,1,0,10000000,sync_on,lock_stripping_p32_w1_i0_t10000000
22.18,376.96041822255415,346.1538461538462,407.7669902912622,2832844.0,2802044.0,2863644.0,121350.5,118722.0,123979.0,0.0,0.0,lock_stripping,32,1,0,10000000,sync_on,lock_stripping_p32_w1_i0_t10000000
22.2,349.5145631067961,349.5145631067961,349.5145631067961,2803712.0,2803712.0,2803712.0,118217.0,118217.0,118217.0,0.0,0.0,lock_stripping,32,1,0,10000000,sync_on,lock_stripping_p32_w1_i0_t10000000
22.21,0.0,0.0,0.0,2805940.0,2805940.0,2805940.0,127330.0,127330.0,127330.0,0.0,0.0,lock_stripping,32,1,0,10000000,sync_on,lock_stripping_p32_w1_i0_t10000000
22.22,300.97087378640776,300.97087378640776,300.97087378640776,2796744.0,2796744.0,2796744.0,134188.0,134188.0,134188.0,0.0,0.0,lock_stripping,32,1,0,10000000,sync_on,lock_stripping_p32_w1_i0_t10000000
22.28,384.61538461538464,384.61538461538464,384.61538461538464,2802124.0,2802124.0,2802124.0,124003.0,124003.0,124003.0,0.0,0.0,lock_stripping,32,1,0,10000000,sync_on,lock_stripping_p32_w1_i0_t10000000
22.29,326.92307692307696,326.92307692307696,326.92307692307696,2863824.0,2863824.0,2863824.0,118738.0,118738.0,118738.0,0.0,0.0,lock_stripping,32,1,0,10000000,sync_on,lock_stripping_p32_w1_i0_t10000000
22.31,173.0769230769231,173.0769230769231,173.0769230769231,2803812.0,2803812.0,2803812.0,118230.0,118230.0,118230.0,0.0,0.0,lock_stripping,32,1,0,10000000,sync_on,lock_stripping_p32_w1_i0_t10000000
22.32,184.46601941747574,0.0,368.93203883495147,2801378.0,2796816.0,2805940.0,130770.0,127330.0,134210.0,0.0,0.0,lock_stripping,32,1,0,10000000,sync_on,lock_stripping_p32_w1_i0_t10000000
22.39,315.5339805825243,281.55339805825247,349.5145631067961,2833088.0,2802244.0,2863932.0,121389.0,118759.0,124019.0,0.0,0.0,lock_stripping,32,1,0,10000000,sync_on,lock_stripping_p32_w1_i0_t10000000
22.41,291.2621359223301,291.2621359223301,291.2621359223301,2803900.0,2803900.0,2803900.0,118252.0,118252.0,118252.0,0.0,0.0,lock_stripping,32,1,0,10000000,sync_on,lock_stripping_p32_w1_i0_t10000000
22.42,0.0,0.0,0.0,2805940.0,2805940.0,2805940.0,127330.0,127330.0,127330.0,0.0,0.0,lock_stripping,32,1,0,10000000,sync_on,lock_stripping_p32_w1_i0_t10000000
22.43,490.3846153846154,490.3846153846154,490.3846153846154,2797000.0,2797000.0,2797000.0,134229.0,134229.0,134229.0,0.0,0.0,lock_stripping,32,1,0,10000000,sync_on,lock_stripping_p32_w1_i0_t10000000
22.49,319.03472740851385,278.84615384615387,359.2233009708738,2833258.0,2802300.0,2864216.0,121407.5,118777.0,124038.0,0.0,0.0,lock_stripping,32,1,0,10000000,sync_on,lock_stripping_p32_w1_i0_t10000000
22.52,111.6504854368932,0.0,223.3009708737864,2804962.0,2803984.0,2805940.0,122797.0,118264.0,127330.0,0.0,0.0,lock_stripping,32,1,0,10000000,sync_on,lock_stripping_p32_w1_i0_t10000000
22.53,300.97087378640776,300.97087378640776,300.97087378640776,2797140.0,2797140.0,2797140.0,134248.0,134248.0,134248.0,0.0,0.0,lock_stripping,32,1,0,10000000,sync_on,lock_stripping_p32_w1_i0_t10000000
22.59,281.55339805825247,281.55339805825247,281.55339805825247,2802516.0,2802516.0,2802516.0,125117.0,125117.0,125117.0,0.0,0.0,lock_stripping,32,1,0,10000000,sync_on,lock_stripping_p32_w1_i0_t10000000
22.6,242.71844660194176,242.71844660194176,242.71844660194176,2864332.0,2864332.0,2864332.0,118794.0,118794.0,118794.0,0.0,0.0,lock_stripping,32,1,0,10000000,sync_on,lock_stripping_p32_w1_i0_t10000000
22.62,317.3076923076923,317.3076923076923,317.3076923076923,2804148.0,2804148.0,2804148.0,119221.0,119221.0,119221.0,0.0,0.0,lock_stripping,32,1,0,10000000,sync_on,lock_stripping_p32_w1_i0_t10000000
22.63,201.92307692307693,0.0,403.84615384615387,2801582.0,2797224.0,2805940.0,130799.0,127330.0,134268.0,0.0,0.0,lock_stripping,32,1,0,10000000,sync_on,lock_stripping_p32_w1_i0_t10000000
22.7,254.80769230769232,192.30769230769232,317.3076923076923,2833550.0,2802624.0,2864476.0,122355.5,118811.0,125900.0,0.0,0.0,lock_stripping,32,1,0,10000000,sync_on,lock_stripping_p32_w1_i0_t10000000
22.72,203.8834951456311,203.8834951456311,203.8834951456311,2804476.0,2804476.0,2804476.0,120131.0,120131.0,120131.0,0.0,0.0,lock_stripping,32,1,0,10000000,sync_on,lock_stripping_p32_w1_i0_t10000000
22.73,203.8834951456311,0.0,407.7669902912622,2801636.0,2797332.0,2805940.0,130806.5,127330.0,134283.0,0.0,0.0,lock_stripping,32,1,0,10000000,sync_on,lock_stripping_p32_w1_i0_t10000000
22.8,174.75728155339806,0.0,349.5145631067961,2833622.0,2802624.0,2864620.0,122365.5,118831.0,125900.0,0.0,0.0,lock_stripping,32,1,0,10000000,sync_on,lock_stripping_p32_w1_i0_t10000000
22.82,0.0,0.0,0.0,2804476.0,2804476.0,2804476.0,120131.0,120131.0,120131.0,0.0,0.0,lock_stripping,32,1,0,10000000,sync_on,lock_stripping_p32_w1_i0_t10000000
22.83,0.0,0.0,0.0,2805940.0,2805940.0,2805940.0,127332.0,127332.0,127332.0,0.0,0.0,lock_stripping,32,1,0,10000000,sync_on,lock_stripping_p32_w1_i0_t10000000
22.84,326.92307692307696,326.92307692307696,326.92307692307696,2797408.0,2797408.0,2797408.0,134302.0,134302.0,134302.0,0.0,0.0,lock_stripping,32,1,0,10000000,sync_on,lock_stripping_p32_w1_i0_t10000000
22.9,0.0,0.0,0.0,2802624.0,2802624.0,2802624.0,125900.0,125900.0,125900.0,0.0,0.0,lock_stripping,32,1,0,10000000,sync_on,lock_stripping_p32_w1_i0_t10000000
22.91,271.84466019417476,271.84466019417476,271.84466019417476,2864744.0,2864744.0,2864744.0,118848.0,118848.0,118848.0,0.0,0.0,lock_stripping,32,1,0,10000000,sync_on,lock_stripping_p32_w1_i0_t10000000
22.93,0.0,0.0,0.0,2804476.0,2804476.0,2804476.0,120131.0,120131.0,120131.0,0.0,0.0,lock_stripping,32,1,0,10000000,sync_on,lock_stripping_p32_w1_i0_t10000000
22.94,131.06796116504856,0.0,262.1359223300971,2801702.0,2797464.0,2805940.0,130825.0,127332.0,134318.0,0.0,0.0,lock_stripping,32,1,0,10000000,sync_on,lock_stripping_p32_w1_i0_t10000000
23.01,81.73076923076924,0.0,163.46153846153848,2833698.0,2802624.0,2864772.0,122380.5,118861.0,125900.0,0.0,0.0,lock_stripping,32,1,0,10000000,sync_on,lock_stripping_p32_w1_i0_t10000000
23.03,0.0,0.0,0.0,2804476.0,2804476.0,2804476.0,120131.0,120131.0,120131.0,0.0,0.0,lock_stripping,32,1,0,10000000,sync_on,lock_stripping_p32_w1_i0_t10000000
23.04,184.46601941747574,184.46601941747574,184.46601941747574,2806152.0,2806152.0,2806152.0,127343.0,127343.0,127343.0,0.0,0.0,lock_stripping,32,1,0,10000000,sync_on,lock_stripping_p32_w1_i0_t10000000
23.05,442.3076923076923,442.3076923076923,442.3076923076923,2797564.0,2797564.0,2797564.0,134338.0,134338.0,134338.0,0.0,0.0,lock_stripping,32,1,0,10000000,sync_on,lock_stripping_p32_w1_i0_t10000000
23.11,223.3009708737864,0.0,446.6019417475728,2833792.0,2802624.0,2864960.0,122391.0,118882.0,125900.0,0.0,0.0,lock_stripping,32,1,0,10000000,sync_on,lock_stripping_p32_w1_i0_t10000000
23.14,173.0769230769231,0.0,346.1538461538462,2804466.0,2804456.0,2804476.0,122821.5,120131.0,125512.0,0.0,0.0,lock_stripping,32,1,0,10000000,sync_on,lock_stripping_p32_w1_i0_t10000000
23.15,278.84615384615387,278.84615384615387,278.84615384615387,2797644.0,2797644.0,2797644.0,134356.0,134356.0,134356.0,0.0,0.0,lock_stripping,32,1,0,10000000,sync_on,lock_stripping_p32_w1_i0_t10000000
23.21,0.0,0.0,0.0,2802624.0,2802624.0,2802624.0,125900.0,125900.0,125900.0,0.0,0.0,lock_stripping,32,1,0,10000000,sync_on,lock_stripping_p32_w1_i0_t10000000
23.22,368.93203883495147,368.93203883495147,368.93203883495147,2865168.0,2865168.0,2865168.0,118906.0,118906.0,118906.0,0.0,0.0,lock_stripping,32,1,0,10000000,sync_on,lock_stripping_p32_w1_i0_t10000000
23.24,0.0,0.0,0.0,2804476.0,2804476.0,2804476.0,120131.0,120131.0,120131.0,0.0,0.0,lock_stripping,32,1,0,10000000,sync_on,lock_stripping_p32_w1_i0_t10000000
23.25,291.2621359223301,262.1359223300971,320.3883495145631,2801108.0,2797704.0,2804512.0,129948.5,125527.0,134370.0,0.0,0.0,lock_stripping,32,1,0,10000000,sync_on,lock_stripping_p32_w1_i0_t10000000
23.32,140.77669902912623,0.0,281.55339805825247,2833978.0,2802624.0,2865332.0,122409.5,118919.0,125900.0,0.0,0.0,lock_stripping,32,1,0,10000000,sync_on,lock_stripping_p32_w1_i0_t10000000
23.34,0.0,0.0,0.0,2804476.0,2804476.0,2804476.0,120131.0,120131.0,120131.0,0.0,0.0,lock_stripping,32,1,0,10000000,sync_on,lock_stripping_p32_w1_i0_t10000000
23.35,116.50485436893204,116.50485436893204,116.50485436893204,2804636.0,2804636.0,2804636.0,125804.0,125804.0,125804.0,0.0,0.0,lock_stripping,32,1,0,10000000,sync_on,lock_stripping_p32_w1_i0_t10000000
23.36,221.15384615384616,221.15384615384616,221.15384615384616,2797744.0,2797744.0,2797744.0,134392.0,134392.0,134392.0,0.0,0.0,lock_stripping,32,1,0,10000000,sync_on,lock_stripping_p32_w1_i0_t10000000
23.42,158.65384615384616,0.0,317.3076923076923,2834080.0,2802624.0,2865536.0,122417.5,118934.0,125901.0,0.0,0.0,lock_stripping,32,1,0,10000000,sync_on,lock_stripping_p32_w1_i0_t10000000
23.45,4.8543689320388355,0.0,9.708737864077671,2804558.0,2804476.0,2804640.0,122967.5,120131.0,125804.0,0.0,0.0,lock_stripping,32,1,0,10000000,sync_on,lock_stripping_p32_w1_i0_t10000000
23.46,378.6407766990292,378.6407766990292,378.6407766990292,2797812.0,2797812.0,2797812.0,134405.0,134405.0,134405.0,0.0,0.0,lock_stripping,32,1,0,10000000,sync_on,lock_stripping_p32_w1_i0_t10000000
23.52,28.846153846153847,28.846153846153847,28.846153846153847,2802628.0,2802628.0,2802628.0,125901.0,125901.0,125901.0,0.0,0.0,lock_stripping,32,1,0,10000000,sync_on,lock_stripping_p32_w1_i0_t10000000
23.53,349.5145631067961,349.5145631067961,349.5145631067961,2865620.0,2865620.0,2865620.0,118954.0,118954.0,118954.0,0.0,0.0,lock_stripping,32,1,0,10000000,sync_on,lock_stripping_p32_w1_i0_t10000000
23.55,105.76923076923077,105.76923076923077,105.76923076923077,2804552.0,2804552.0,2804552.0,120135.0,120135.0,120135.0,0.0,0.0,lock_stripping,32,1,0,10000000,sync_on,lock_stripping_p32_w1_i0_t10000000
23.56,250.0,250.0,250.0,2801356.0,2797984.0,2804728.0,130251.0,125817.0,134685.0,0.0,0.0,lock_stripping,32,1,0,10000000,sync_on,lock_stripping_p32_w1_i0_t10000000
23.63,184.46601941747576,165.0485436893204,203.8834951456311,2834250.0,2802852.0,2865648.0,122442.5,118968.0,125917.0,0.0,0.0,lock_stripping,32,1,0,10000000,sync_on,lock_stripping_p32_w1_i0_t10000000
23.65,135.92233009708738,135.92233009708738,135.92233009708738,2804936.0,2804936.0,2804936.0,120146.0,120146.0,120146.0,0.0,0.0,lock_stripping,32,1,0,10000000,sync_on,lock_stripping_p32_w1_i0_t10000000
23.66,339.80582524271847,339.80582524271847,339.80582524271847,2804964.0,2804964.0,2804964.0,121790.0,121790.0,121790.0,0.0,0.0,lock_stripping,32,1,0,10000000,sync_on,lock_stripping_p32_w1_i0_t10000000
23.67,0.0,0.0,0.0,2797984.0,2797984.0,2797984.0,134685.0,134685.0,134685.0,0.0,0.0,lock_stripping,32,1,0,10000000,sync_on,lock_stripping_p32_w1_i0_t10000000
23.73,343.53995519044065,230.76923076923077,456.3106796116505,2833502.0,2801060.0,2865944.0,121538.5,118989.0,124088.0,0.0,0.0,lock_stripping,32,1,0,10000000,sync_on,lock_stripping_p32_w1_i0_t10000000
23.75,368.93203883495147,368.93203883495147,368.93203883495147,2803356.0,2803356.0,2803356.0,118315.0,118315.0,118315.0,0.0,0.0,lock_stripping,32,1,0,10000000,sync_on,lock_stripping_p32_w1_i0_t10000000
23.76,300.97087378640776,300.97087378640776,300.97087378640776,2805136.0,2805136.0,2805136.0,122494.0,122494.0,122494.0,0.0,0.0,lock_stripping,32,1,0,10000000,sync_on,lock_stripping_p32_w1_i0_t10000000
23.77,259.61538461538464,259.61538461538464,259.61538461538464,2798092.0,2798092.0,2798092.0,134697.0,134697.0,134697.0,0.0,0.0,lock_stripping,32,1,0,10000000,sync_on,lock_stripping_p32_w1_i0_t10000000
23.84,223.3009708737864,203.8834951456311,242.71844660194176,2833616.0,2801096.0,2866136.0,121553.0,119004.0,124102.0,0.0,0.0,lock_stripping,32,1,0,10000000,sync_on,lock_stripping_p32_w1_i0_t10000000
23.86,317.3076923076923,317.3076923076923,317.3076923076923,2803408.0,2803408.0,2803408.0,118328.0,118328.0,118328.0,0.0,0.0,lock_stripping,32,1,0,10000000,sync_on,lock_stripping_p32_w1_i0_t10000000
23.87,222.27408513816283,211.53846153846155,233.0097087378641,2801784.0,2798144.0,2805424.0,127164.0,123660.0,130668.0,0.0,0.0,lock_stripping,32,1,0,10000000,sync_on,lock_stripping_p32_w1_i0_t10000000
23.94,336.53846153846155,326.92307692307696,346.1538461538462,2833726.0,2801176.0,2866276.0,121571.5,119020.0,124123.0,0.0,0.0,lock_stripping,32,1,0,10000000,sync_on,lock_stripping_p32_w1_i0_t10000000
23.96,213.59223300970876,213.59223300970876,213.59223300970876,2803532.0,2803532.0,2803532.0,118344.0,118344.0,118344.0,0.0,0.0,lock_stripping,32,1,0,10000000,sync_on,lock_stripping_p32_w1_i0_t10000000
23.97,0.0,0.0,0.0,2805424.0,2805424.0,2805424.0,123660.0,123660.0,123660.0,0.0,0.0,lock_stripping,32,1,0,10000000,sync_on,lock_stripping_p32_w1_i0_t10000000
23.98,423.0769230769231,423.0769230769231,423.0769230769231,2798188.0,2798188.0,2798188.0,130691.0,130691.0,130691.0,0.0,0.0,lock_stripping,32,1,0,10000000,sync_on,lock_stripping_p32_w1_i0_t10000000
24.04,286.4077669902913,281.55339805825247,291.2621359223301,2833830.0,2801256.0,2866404.0,121586.5,119038.0,124135.0,0.0,0.0,lock_stripping,32,1,0,10000000,sync_on,lock_stripping_p32_w1_i0_t10000000
24.07,189.3203883495146,0.0,378.6407766990292,2804608.0,2803792.0,2805424.0,121011.5,118363.0,123660.0,0.0,0.0,lock_stripping,32,1,0,10000000,sync_on,lock_stripping_p32_w1_i0_t10000000
24.08,417.4757281553398,417.4757281553398,417.4757281553398,2798348.0,2798348.0,2798348.0,130707.0,130707.0,130707.0,0.0,0.0,lock_stripping,32,1,0,10000000,sync_on,lock_stripping_p32_w1_i0_t10000000
24.14,407.7669902912622,407.7669902912622,407.7669902912622,2866508.0,2866508.0,2866508.0,119056.0,119056.0,119056.0,0.0,0.0,lock_stripping,32,1,0,10000000,sync_on,lock_stripping_p32_w1_i0_t10000000
24.15,471.1538461538462,471.1538461538462,471.1538461538462,2801448.0,2801448.0,2801448.0,124158.0,124158.0,124158.0,0.0,0.0,lock_stripping,32,1,0,10000000,sync_on,lock_stripping_p32_w1_i0_t10000000
24.17,339.80582524271847,339.80582524271847,339.80582524271847,2804004.0,2804004.0,2804004.0,118377.0,118377.0,118377.0,0.0,0.0,lock_stripping,32,1,0,10000000,sync_on,lock_stripping_p32_w1_i0_t10000000
24.18,129.80769230769232,0.0,259.61538461538464,2801946.0,2798468.0,2805424.0,127192.5,123660.0,130725.0,0.0,0.0,lock_stripping,32,1,0,10000000,sync_on,lock_stripping_p32_w1_i0_t10000000
24.25,393.20388349514565,359.2233009708738,427.1844660194175,2834120.0,2801532.0,2866708.0,121624.0,119073.0,124175.0,0.0,0.0,lock_stripping,32,1,0,10000000,sync_on,lock_stripping_p32_w1_i0_t10000000
24.27,336.53846153846155,336.53846153846155,336.53846153846155,2804424.0,2804424.0,2804424.0,118397.0,118397.0,118397.0,0.0,0.0,lock_stripping,32,1,0,10000000,sync_on,lock_stripping_p32_w1_i0_t10000000
24.28,0.0,0.0,0.0,2805424.0,2805424.0,2805424.0,123660.0,123660.0,123660.0,0.0,0.0,lock_stripping,32,1,0,10000000,sync_on,lock_stripping_p32_w1_i0_t10000000
24.29,388.3495145631068,388.3495145631068,388.3495145631068,2798524.0,2798524.0,2798524.0,130750.0,130750.0,130750.0,0.0,0.0,lock_stripping,32,1,0,10000000,sync_on,lock_stripping_p32_w1_i0_t10000000
24.35,302.88461538461536,269.2307692307692,336.53846153846155,2834222.0,2801624.0,2866820.0,121640.5,119088.0,124193.0,0.0,0.0,lock_stripping,32,1,0,10000000,sync_on,lock_stripping_p32_w1_i0_t10000000
24.38,184.46601941747574,0.0,368.93203883495147,2805018.0,2804612.0,2805424.0,121037.0,118414.0,123660.0,0.0,0.0,lock_stripping,32,1,0,10000000,sync_on,lock_stripping_p32_w1_i0_t10000000
24.39,1192.3076923076924,1192.3076923076924,1192.3076923076924,2798760.0,2798760.0,2798760.0,130808.0,130808.0,130808.0,0.0,0.0,lock_stripping,32,1,0,10000000,sync_on,lock_stripping_p32_w1_i0_t10000000
24.45,349.5145631067961,349.5145631067961,349.5145631067961,2866884.0,2866884.0,2866884.0,119109.0,119109.0,119109.0,0.0,0.0,lock_stripping,32,1,0,10000000,sync_on,lock_stripping_p32_w1_i0_t10000000
24.46,116.50485436893204,116.50485436893204,116.50485436893204,2801644.0,2801644.0,2801644.0,124201.0,124201.0,124201.0,0.0,0.0,lock_stripping,32,1,0,10000000,sync_on,lock_stripping_p32_w1_i0_t10000000
24.48,194.1747572815534,194.1747572815534,194.1747572815534,2804636.0,2804636.0,2804636.0,118431.0,118431.0,118431.0,0.0,0.0,lock_stripping,32,1,0,10000000,sync_on,lock_stripping_p32_w1_i0_t10000000
24.49,0.0,0.0,0.0,2805424.0,2805424.0,2805424.0,123660.0,123660.0,123660.0,0.0,0.0,lock_stripping,32,1,0,10000000,sync_on,lock_stripping_p32_w1_i0_t10000000
24.5,1213.5922330097087,1213.5922330097087,1213.5922330097087,2799108.0,2799108.0,2799108.0,130880.0,130880.0,130880.0,0.0,0.0,lock_stripping,32,1,0,10000000,sync_on,lock_stripping_p32_w1_i0_t10000000
24.56,294.9962658700523,230.76923076923077,359.2233009708738,2834358.0,2801692.0,2867024.0,121671.0,119125.0,124217.0,0.0,0.0,lock_stripping,32,1,0,10000000,sync_on,lock_stripping_p32_w1_i0_t10000000
24.58,330.0970873786408,330.0970873786408,330.0970873786408,2804768.0,2804768.0,2804768.0,118447.0,118447.0,118447.0,0.0,0.0,lock_stripping,32,1,0,10000000,sync_on,lock_stripping_p32_w1_i0_t10000000
24.59,0.0,0.0,0.0,2805424.0,2805424.0,2805424.0,123660.0,123660.0,123660.0,0.0,0.0,lock_stripping,32,1,0,10000000,sync_on,lock_stripping_p32_w1_i0_t10000000
24.6,1271.8446601941748,1271.8446601941748,1271.8446601941748,2799608.0,2799608.0,2799608.0,127154.0,127154.0,127154.0,0.0,0.0,lock_stripping,32,1,0,10000000,sync_on,lock_stripping_p32_w1_i0_t10000000
24.66,362.3506348020911,355.7692307692308,368.93203883495147,2834456.0,2801788.0,2867124.0,121689.5,119140.0,124239.0,0.0,0.0,lock_stripping,32,1,0,10000000,sync_on,lock_stripping_p32_w1_i0_t10000000
24.68,250.0,250.0,250.0,2804876.0,2804876.0,2804876.0,118462.0,118462.0,118462.0,0.0,0.0,lock_stripping,32,1,0,10000000,sync_on,lock_stripping_p32_w1_i0_t10000000
24.69,0.0,0.0,0.0,2805424.0,2805424.0,2805424.0,123660.0,123660.0,123660.0,0.0,0.0,lock_stripping,32,1,0,10000000,sync_on,lock_stripping_p32_w1_i0_t10000000
24.7,1284.3137254901962,1284.3137254901962,1284.3137254901962,2799852.0,2799852.0,2799852.0,127220.0,127220.0,127220.0,0.0,0.0,lock_stripping,32,1,0,10000000,sync_on,lock_stripping_p32_w1_i0_t10000000
24.77,261.0156833457804,230.76923076923077,291.2621359223301,2834536.0,2801836.0,2867236.0,121704.0,119155.0,124253.0,0.0,0.0,lock_stripping,32,1,0,10000000,sync_on,lock_stripping_p32_w1_i0_t10000000
24.79,310.67961165048547,310.67961165048547,310.67961165048547,2804940.0,2804940.0,2804940.0,118478.0,118478.0,118478.0,0.0,0.0,lock_stripping,32,1,0,10000000,sync_on,lock_stripping_p32_w1_i0_t10000000
24.8,582.2021116138764,115.38461538461539,1049.0196078431372,2802918.0,2800216.0,2805620.0,123582.0,123494.0,123670.0,0.0,0.0,lock_stripping,32,1,0,10000000,sync_on,lock_stripping_p32_w1_i0_t10000000
24.87,339.80582524271847,291.2621359223301,388.3495145631068,2834626.0,2801896.0,2867356.0,121724.0,119173.0,124275.0,0.0,0.0,lock_stripping,32,1,0,10000000,sync_on,lock_stripping_p32_w1_i0_t10000000
24.89,233.0097087378641,233.0097087378641,233.0097087378641,2805064.0,2805064.0,2805064.0,118496.0,118496.0,118496.0,0.0,0.0,lock_stripping,32,1,0,10000000,sync_on,lock_stripping_p32_w1_i0_t10000000
24.9,715.0341247717005,281.55339805825247,1148.5148514851485,2802186.0,2800488.0,2803884.0,122692.0,121835.0,123549.0,0.0,0.0,lock_stripping,32,1,0,10000000,sync_on,lock_stripping_p32_w1_i0_t10000000
24.97,312.5,240.3846153846154,384.61538461538464,2834796.0,2801980.0,2867612.0,121741.5,119194.0,124289.0,0.0,0.0,lock_stripping,32,1,0,10000000,sync_on,lock_stripping_p32_w1_i0_t10000000
25.0,587.4811463046758,240.3846153846154,1147.058823529412,2803322.6666666665,2800684.0,2805256.0,121468.66666666667,118509.0,123609.0,0.0,0.0,lock_stripping,32,1,0,10000000,sync_on,lock_stripping_p32_w1_i0_t10000000
25.07,223.3009708737864,223.3009708737864,223.3009708737864,2867656.0,2867656.0,2867656.0,119205.0,119205.0,119205.0,0.0,0.0,lock_stripping,32,1,0,10000000,sync_on,lock_stripping_p32_w1_i0_t10000000
25.08,475.7281553398058,475.7281553398058,475.7281553398058,2802168.0,2802168.0,2802168.0,124313.0,124313.0,124313.0,0.0,0.0,lock_stripping,32,1,0,10000000,sync_on,lock_stripping_p32_w1_i0_t10000000
25.1,281.55339805825247,281.55339805825247,281.55339805825247,2805456.0,2805456.0,2805456.0,118531.0,118531.0,118531.0,0.0,0.0,lock_stripping,32,1,0,10000000,sync_on,lock_stripping_p32_w1_i0_t10000000
25.11,606.8437083571293,203.8834951456311,1009.8039215686275,2802592.0,2800880.0,2804304.0,123686.0,123670.0,123702.0,0.0,0.0,lock_stripping,32,1,0,10000000,sync_on,lock_stripping_p32_w1_i0_t10000000
25.18,362.8174010455564,259.61538461538464,466.0194174757282,2835082.0,2802288.0,2867876.0,121778.0,119226.0,124330.0,0.0,0.0,lock_stripping,32,1,0,10000000,sync_on,lock_stripping_p32_w1_i0_t10000000
25.2,398.05825242718447,398.05825242718447,398.05825242718447,2805852.0,2805852.0,2805852.0,118549.0,118549.0,118549.0,0.0,0.0,lock_stripping,32,1,0,10000000,sync_on,lock_stripping_p32_w1_i0_t10000000
25.21,617.6470588235295,0.0,1235.294117647059,2802690.0,2801076.0,2804304.0,123723.0,123703.0,123743.0,0.0,0.0,lock_stripping,32,1,0,10000000,sync_on,lock_stripping_p32_w1_i0_t10000000
25.28,281.55339805825247,252.42718446601944,310.67961165048547,2835132.0,2802344.0,2867920.0,121792.0,119242.0,124342.0,0.0,0.0,lock_stripping,32,1,0,10000000,sync_on,lock_stripping_p32_w1_i0_t10000000
25.3,355.7692307692308,355.7692307692308,355.7692307692308,2806220.0,2806220.0,2806220.0,118900.0,118900.0,118900.0,0.0,0.0,lock_stripping,32,1,0,10000000,sync_on,lock_stripping_p32_w1_i0_t10000000
25.31,593.1372549019608,0.0,1186.2745098039215,2802782.0,2801260.0,2804304.0,123752.5,123703.0,123802.0,0.0,0.0,lock_stripping,32,1,0,10000000,sync_on,lock_stripping_p32_w1_i0_t10000000
25.39,230.76923076923077,201.92307692307693,259.61538461538464,2835214.0,2802384.0,2868044.0,121809.5,119259.0,124360.0,0.0,0.0,lock_stripping,32,1,0,10000000,sync_on,lock_stripping_p32_w1_i0_t10000000
25.41,661.8283187542055,155.33980582524273,1168.3168316831682,2804106.0,2801508.0,2806704.0,122141.0,120413.0,123869.0,0.0,0.0,lock_stripping,32,1,0,10000000,sync_on,lock_stripping_p32_w1_i0_t10000000
25.42,0.0,0.0,0.0,2804304.0,2804304.0,2804304.0,123703.0,123703.0,123703.0,0.0,0.0,lock_stripping,32,1,0,10000000,sync_on,lock_stripping_p32_w1_i0_t10000000
25.49,334.95145631067965,310.67961165048547,359.2233009708738,2835382.0,2802528.0,2868236.0,121827.0,119273.0,124381.0,0.0,0.0,lock_stripping,32,1,0,10000000,sync_on,lock_stripping_p32_w1_i0_t10000000
25.51,558.7759375594899,9.708737864077671,1107.843137254902,2804240.0,2801772.0,2806708.0,122168.5,120413.0,123924.0,0.0,0.0,lock_stripping,32,1,0,10000000,sync_on,lock_stripping_p32_w1_i0_t10000000
25.52,0.0,0.0,0.0,2804304.0,2804304.0,2804304.0,123703.0,123703.0,123703.0,0.0,0.0,lock_stripping,32,1,0,10000000,sync_on,lock_stripping_p32_w1_i0_t10000000
25.59,323.7490664675131,307.6923076923077,339.80582524271847,2835454.0,2802596.0,2868312.0,121846.5,119293.0,124400.0,0.0,0.0,lock_stripping,32,1,0,10000000,sync_on,lock_stripping_p32_w1_i0_t10000000
25.61,0.0,0.0,0.0,2806708.0,2806708.0,2806708.0,120413.0,120413.0,120413.0,0.0,0.0,lock_stripping,32,1,0,10000000,sync_on,lock_stripping_p32_w1_i0_t10000000
25.62,598.0392156862746,0.0,1196.0784313725492,2803206.0,2802108.0,2804304.0,123845.5,123703.0,123988.0,0.0,0.0,lock_stripping,32,1,0,10000000,sync_on,lock_stripping_p32_w1_i0_t10000000
25.69,165.0485436893204,165.0485436893204,165.0485436893204,2868420.0,2868420.0,2868420.0,119306.0,119306.0,119306.0,0.0,0.0,lock_stripping,32,1,0,10000000,sync_on,lock_stripping_p32_w1_i0_t10000000
25.7,233.0097087378641,233.0097087378641,233.0097087378641,2802832.0,2802832.0,2802832.0,125801.0,125801.0,125801.0,0.0,0.0,lock_stripping,32,1,0,10000000,sync_on,lock_stripping_p32_w1_i0_t10000000
25.72,539.2156862745098,0.0,1078.4313725490197,2804522.0,2802336.0,2806708.0,122232.5,120413.0,124052.0,0.0,0.0,lock_stripping,32,1,0,10000000,sync_on,lock_stripping_p32_w1_i0_t10000000
25.73,0.0,0.0,0.0,2804304.0,2804304.0,2804304.0,123703.0,123703.0,123703.0,0.0,0.0,lock_stripping,32,1,0,10000000,sync_on,lock_stripping_p32_w1_i0_t10000000
25.8,293.2692307692308,86.53846153846155,500.0,2835644.0,2802796.0,2868492.0,122796.0,119325.0,126267.0,0.0,0.0,lock_stripping,32,1,0,10000000,sync_on,lock_stripping_p32_w1_i0_t10000000
25.82,578.4313725490197,0.0,1156.8627450980393,2804650.0,2802592.0,2806708.0,122265.5,120413.0,124118.0,0.0,0.0,lock_stripping,32,1,0,10000000,sync_on,lock_stripping_p32_w1_i0_t10000000
25.83,0.0,0.0,0.0,2804304.0,2804304.0,2804304.0,123703.0,123703.0,123703.0,0.0,0.0,lock_stripping,32,1,0,10000000,sync_on,lock_stripping_p32_w1_i0_t10000000
25.9,203.8834951456311,203.8834951456311,203.8834951456311,2868520.0,2868520.0,2868520.0,119337.0,119337.0,119337.0,0.0,0.0,lock_stripping,32,1,0,10000000,sync_on,lock_stripping_p32_w1_i0_t10000000
25.91,0.0,0.0,0.0,2802796.0,2802796.0,2802796.0,126267.0,126267.0,126267.0,0.0,0.0,lock_stripping,32,1,0,10000000,sync_on,lock_stripping_p32_w1_i0_t10000000
25.92,602.9411764705883,0.0,1205.8823529411766,2804776.0,2802844.0,2806708.0,122294.0,120413.0,124175.0,0.0,0.0,lock_stripping,32,1,0,10000000,sync_on,lock_stripping_p32_w1_i0_t10000000
25.93,0.0,0.0,0.0,2804304.0,2804304.0,2804304.0,123703.0,123703.0,123703.0,0.0,0.0,lock_stripping,32,1,0,10000000,sync_on,lock_stripping_p32_w1_i0_t10000000
26.0,446.6019417475728,446.6019417475728,446.6019417475728,2868816.0,2868816.0,2868816.0,120258.0,120258.0,120258.0,0.0,0.0,lock_stripping,32,1,0,10000000,sync_on,lock_stripping_p32_w1_i0_t10000000
26.01,0.0,0.0,0.0,2802796.0,2802796.0,2802796.0,126267.0,126267.0,126267.0,0.0,0.0,lock_stripping,32,1,0,10000000,sync_on,lock_stripping_p32_w1_i0_t10000000
26.02,941.1764705882354,941.1764705882354,941.1764705882354,2803200.0,2803200.0,2803200.0,126063.0,126063.0,126063.0,0.0,0.0,lock_stripping,32,1,0,10000000,sync_on,lock_stripping_p32_w1_i0_t10000000
26.03,0.0,0.0,0.0,2806708.0,2806708.0,2806708.0,120413.0,120413.0,120413.0,0.0,0.0,lock_stripping,32,1,0,10000000,sync_on,lock_stripping_p32_w1_i0_t10000000
26.04,48.54368932038835,48.54368932038835,48.54368932038835,2804380.0,2804380.0,2804380.0,123705.0,123705.0,123705.0,0.0,0.0,lock_stripping,32,1,0,10000000,sync_on,lock_stripping_p32_w1_i0_t10000000
26.11,53.39805825242719,0.0,106.79611650485438,2835698.0,2802796.0,2868600.0,123734.0,121201.0,126267.0,0.0,0.0,lock_stripping,32,1,0,10000000,sync_on,lock_stripping_p32_w1_i0_t10000000
26.12,1099.009900990099,1099.009900990099,1099.009900990099,2802084.0,2802084.0,2802084.0,124277.0,124277.0,124277.0,0.0,0.0,lock_stripping,32,1,0,10000000,sync_on,lock_stripping_p32_w1_i0_t10000000
26.13,0.0,0.0,0.0,2806708.0,2806708.0,2806708.0,120413.0,120413.0,120413.0,0.0,0.0,lock_stripping,32,1,0,10000000,sync_on,lock_stripping_p32_w1_i0_t10000000
26.14,394.2307692307692,394.2307692307692,394.2307692307692,2802912.0,2802912.0,2802912.0,121879.0,121879.0,121879.0,0.0,0.0,lock_stripping,32,1,0,10000000,sync_on,lock_stripping_p32_w1_i0_t10000000
26.21,0.0,0.0,0.0,2835698.0,2802796.0,2868600.0,123734.0,121201.0,126267.0,0.0,0.0,lock_stripping,32,1,0,10000000,sync_on,lock_stripping_p32_w1_i0_t10000000
26.23,626.2135922330098,0.0,1252.4271844660195,2804614.0,2802520.0,2806708.0,122378.0,120418.0,124338.0,0.0,0.0,lock_stripping,32,1,0,10000000,sync_on,lock_stripping_p32_w1_i0_t10000000
26.24,174.75728155339806,174.75728155339806,174.75728155339806,2802960.0,2802960.0,2802960.0,121889.0,121889.0,121889.0,0.0,0.0,lock_stripping,32,1,0,10000000,sync_on,lock_stripping_p32_w1_i0_t10000000
26.31,0.0,0.0,0.0,2868600.0,2868600.0,2868600.0,121201.0,121201.0,121201.0,0.0,0.0,lock_stripping,32,1,0,10000000,sync_on,lock_stripping_p32_w1_i0_t10000000
26.32,0.0,0.0,0.0,2802796.0,2802796.0,2802796.0,126267.0,126267.0,126267.0,0.0,0.0,lock_stripping,32,1,0,10000000,sync_on,lock_stripping_p32_w1_i0_t10000000
26.33,1078.4313725490197,1078.4313725490197,1078.4313725490197,2802748.0,2802748.0,2802748.0,124398.0,124398.0,124398.0,0.0,0.0,lock_stripping,32,1,0,10000000,sync_on,lock_stripping_p32_w1_i0_t10000000
26.34,0.0,0.0,0.0,2806708.0,2806708.0,2806708.0,120418.0,120418.0,120418.0,0.0,0.0,lock_stripping,32,1,0,10000000,sync_on,lock_stripping_p32_w1_i0_t10000000
26.35,427.1844660194175,427.1844660194175,427.1844660194175,2803036.0,2803036.0,2803036.0,121909.0,121909.0,121909.0,0.0,0.0,lock_stripping,32,1,0,10000000,sync_on,lock_stripping_p32_w1_i0_t10000000
26.42,0.0,0.0,0.0,2835698.0,2802796.0,2868600.0,123734.0,121201.0,126267.0,0.0,0.0,lock_stripping,32,1,0,10000000,sync_on,lock_stripping_p32_w1_i0_t10000000
26.43,1019.8019801980197,1019.8019801980197,1019.8019801980197,2803220.0,2803220.0,2803220.0,124453.0,124453.0,124453.0,0.0,0.0,lock_stripping,32,1,0,10000000,sync_on,lock_stripping_p32_w1_i0_t10000000
26.44,346.1538461538462,346.1538461538462,346.1538461538462,2807008.0,2807008.0,2807008.0,120436.0,120436.0,120436.0,0.0,0.0,lock_stripping,32,1,0,10000000,sync_on,lock_stripping_p32_w1_i0_t10000000
26.45,242.71844660194176,242.71844660194176,242.71844660194176,2803200.0,2803200.0,2803200.0,121923.0,121923.0,121923.0,0.0,0.0,lock_stripping,32,1,0,10000000,sync_on,lock_stripping_p32_w1_i0_t10000000
26.52,0.0,0.0,0.0,2868600.0,2868600.0,2868600.0,121201.0,121201.0,121201.0,0.0,0.0,lock_stripping,32,1,0,10000000,sync_on,lock_stripping_p32_w1_i0_t10000000
26.53,622.5490196078432,0.0,1245.0980392156864,2803154.0,2802796.0,2803512.0,125394.0,124521.0,126267.0,0.0,0.0,lock_stripping,32,1,0,10000000,sync_on,lock_stripping_p32_w1_i0_t10000000
26.54,310.67961165048547,310.67961165048547,310.67961165048547,2805376.0,2805376.0,2805376.0,118604.0,118604.0,118604.0,0.0,0.0,lock_stripping,32,1,0,10000000,sync_on,lock_stripping_p32_w1_i0_t10000000
26.55,375.0,375.0,375.0,2803372.0,2803372.0,2803372.0,122190.0,122190.0,122190.0,0.0,0.0,lock_stripping,32,1,0,10000000,sync_on,lock_stripping_p32_w1_i0_t10000000
26.62,0.0,0.0,0.0,2868600.0,2868600.0,2868600.0,121201.0,121201.0,121201.0,0.0,0.0,lock_stripping,32,1,0,10000000,sync_on,lock_stripping_p32_w1_i0_t10000000
26.63,106.79611650485438,106.79611650485438,106.79611650485438,2802888.0,2802888.0,2802888.0,126270.0,126270.0,126270.0,0.0,0.0,lock_stripping,32,1,0,10000000,sync_on,lock_stripping_p32_w1_i0_t10000000
26.64,1254.9019607843138,1254.9019607843138,1254.9019607843138,2803856.0,2803856.0,2803856.0,124583.0,124583.0,124583.0,0.0,0.0,lock_stripping,32,1,0,10000000,sync_on,lock_stripping_p32_w1_i0_t10000000
26.65,300.97087378640776,300.97087378640776,300.97087378640776,2805544.0,2805544.0,2805544.0,118620.0,118620.0,118620.0,0.0,0.0,lock_stripping,32,1,0,10000000,sync_on,lock_stripping_p32_w1_i0_t10000000
26.66,388.3495145631068,388.3495145631068,388.3495145631068,2803696.0,2803696.0,2803696.0,123803.0,123803.0,123803.0,0.0,0.0,lock_stripping,32,1,0,10000000,sync_on,lock_stripping_p32_w1_i0_t10000000
26.73,96.15384615384616,0.0,192.30769230769232,2835948.0,2803296.0,2868600.0,123740.0,121201.0,126279.0,0.0,0.0,lock_stripping,32,1,0,10000000,sync_on,lock_stripping_p32_w1_i0_t10000000
26.74,990.09900990099,990.09900990099,990.09900990099,2804220.0,2804220.0,2804220.0,124641.0,124641.0,124641.0,0.0,0.0,lock_stripping,32,1,0,10000000,sync_on,lock_stripping_p32_w1_i0_t10000000
26.75,326.92307692307696,326.92307692307696,326.92307692307696,2805724.0,2805724.0,2805724.0,118638.0,118638.0,118638.0,0.0,0.0,lock_stripping,32,1,0,10000000,sync_on,lock_stripping_p32_w1_i0_t10000000
26.76,58.25242718446602,58.25242718446602,58.25242718446602,2803836.0,2803836.0,2803836.0,123806.0,123806.0,123806.0,0.0,0.0,lock_stripping,32,1,0,10000000,sync_on,lock_stripping_p32_w1_i0_t10000000
26.83,0.0,0.0,0.0,2868600.0,2868600.0,2868600.0,121201.0,121201.0,121201.0,0.0,0.0,lock_stripping,32,1,0,10000000,sync_on,lock_stripping_p32_w1_i0_t10000000
26.84,1019.8458023986293,951.4563106796116,1088.235294117647,2803194.0,2801824.0,2804564.0,124589.5,124489.0,124690.0,0.0,0.0,lock_stripping,32,1,0,10000000,sync_on,lock_stripping_p32_w1_i0_t10000000
26.85,310.67961165048547,310.67961165048547,310.67961165048547,2805860.0,2805860.0,2805860.0,118656.0,118656.0,118656.0,0.0,0.0,lock_stripping,32,1,0,10000000,sync_on,lock_stripping_p32_w1_i0_t10000000
26.86,0.0,0.0,0.0,2803836.0,2803836.0,2803836.0,123806.0,123806.0,123806.0,0.0,0.0,lock_stripping,32,1,0,10000000,sync_on,lock_stripping_p32_w1_i0_t10000000
26.93,48.07692307692308,48.07692307692308,48.07692307692308,2868616.0,2868616.0,2868616.0,121203.0,121203.0,121203.0,0.0,0.0,lock_stripping,32,1,0,10000000,sync_on,lock_stripping_p32_w1_i0_t10000000
26.94,1141.025641025641,1115.3846153846155,1166.6666666666667,2803528.0,2802256.0,2804800.0,124652.0,124553.0,124751.0,0.0,0.0,lock_stripping,32,1,0,10000000,sync_on,lock_stripping_p32_w1_i0_t10000000
26.96,291.2621359223301,291.2621359223301,291.2621359223301,2806112.0,2806112.0,2806112.0,118669.0,118669.0,118669.0,0.0,0.0,lock_stripping,32,1,0,10000000,sync_on,lock_stripping_p32_w1_i0_t10000000
26.97,0.0,0.0,0.0,2803836.0,2803836.0,2803836.0,123806.0,123806.0,123806.0,0.0,0.0,lock_stripping,32,1,0,10000000,sync_on,lock_stripping_p32_w1_i0_t10000000
27.04,852.5287137508726,126.21359223300972,1215.686274509804,2825545.3333333335,2802796.0,2868828.0,123548.33333333333,121213.0,124819.0,0.0,0.0,lock_stripping,32,1,0,10000000,sync_on,lock_stripping_p32_w1_i0_t10000000
27.06,310.67961165048547,310.67961165048547,310.67961165048547,2806304.0,2806304.0,2806304.0,118687.0,118687.0,118687.0,0.0,0.0,lock_stripping,32,1,0,10000000,sync_on,lock_stripping_p32_w1_i0_t10000000
27.07,0.0,0.0,0.0,2803836.0,2803836.0,2803836.0,123806.0,123806.0,123806.0,0.0,0.0,lock_stripping,32,1,0,10000000,sync_on,lock_stripping_p32_w1_i0_t10000000
27.14,665.4292785075196,252.42718446601944,1078.4313725490197,2836180.0,2805352.0,2867008.0,122129.0,119384.0,124874.0,0.0,0.0,lock_stripping,32,1,0,10000000,sync_on,lock_stripping_p32_w1_i0_t10000000
27.15,1163.4615384615386,1163.4615384615386,1163.4615384615386,2803308.0,2803308.0,2803308.0,124679.0,124679.0,124679.0,0.0,0.0,lock_stripping,32,1,0,10000000,sync_on,lock_stripping_p32_w1_i0_t10000000
27.16,384.61538461538464,384.61538461538464,384.61538461538464,2806784.0,2806784.0,2806784.0,118702.0,118702.0,118702.0,0.0,0.0,lock_stripping,32,1,0,10000000,sync_on,lock_stripping_p32_w1_i0_t10000000
27.17,0.0,0.0,0.0,2803836.0,2803836.0,2803836.0,123806.0,123806.0,123806.0,0.0,0.0,lock_stripping,32,1,0,10000000,sync_on,lock_stripping_p32_w1_i0_t10000000
27.24,153.84615384615384,153.84615384615384,153.84615384615384,2867040.0,2867040.0,2867040.0,119393.0,119393.0,119393.0,0.0,0.0,lock_stripping,32,1,0,10000000,sync_on,lock_stripping_p32_w1_i0_t10000000
27.25,1181.9549602019026,1118.8118811881188,1245.0980392156864,2804836.0,2803840.0,2805832.0,125073.5,124746.0,125401.0,0.0,0.0,lock_stripping,32,1,0,10000000,sync_on,lock_stripping_p32_w1_i0_t10000000
27.27,33.980582524271846,0.0,67.96116504854369,2805320.0,2803836.0,2806804.0,121255.0,118704.0,123806.0,0.0,0.0,lock_stripping,32,1,0,10000000,sync_on,lock_stripping_p32_w1_i0_t10000000
27.35,751.5070753220383,417.4757281553398,1215.686274509804,2825994.6666666665,2804396.0,2867344.0,123786.66666666667,119414.0,126813.0,0.0,0.0,lock_stripping,32,1,0,10000000,sync_on,lock_stripping_p32_w1_i0_t10000000
27.37,67.96116504854369,67.96116504854369,67.96116504854369,2806828.0,2806828.0,2806828.0,118709.0,118709.0,118709.0,0.0,0.0,lock_stripping,32,1,0,10000000,sync_on,lock_stripping_p32_w1_i0_t10000000
27.38,0.0,0.0,0.0,2803836.0,2803836.0,2803836.0,123806.0,123806.0,123806.0,0.0,0.0,lock_stripping,32,1,0,10000000,sync_on,lock_stripping_p32_w1_i0_t10000000
27.45,720.2038878930726,310.67961165048547,1156.8627450980393,2825749.3333333335,2804780.0,2867520.0,123717.66666666667,119431.0,126698.0,0.0,0.0,lock_stripping,32,1,0,10000000,sync_on,lock_stripping_p32_w1_i0_t10000000
27.47,271.84466019417476,271.84466019417476,271.84466019417476,2806996.0,2806996.0,2806996.0,118726.0,118726.0,118726.0,0.0,0.0,lock_stripping,32,1,0,10000000,sync_on,lock_stripping_p32_w1_i0_t10000000
27.48,0.0,0.0,0.0,2803836.0,2803836.0,2803836.0,123806.0,123806.0,123806.0,0.0,0.0,lock_stripping,32,1,0,10000000,sync_on,lock_stripping_p32_w1_i0_t10000000
27.55,864.7756837362778,233.0097087378641,1215.686274509804,2825474.6666666665,2803448.0,2867564.0,120627.33333333333,119450.0,121303.0,0.0,0.0,lock_stripping,32,1,0,10000000,sync_on,lock_stripping_p32_w1_i0_t10000000
27.58,211.53846153846155,211.53846153846155,211.53846153846155,2807092.0,2807092.0,2807092.0,118741.0,118741.0,118741.0,0.0,0.0,lock_stripping,32,1,0,10000000,sync_on,lock_stripping_p32_w1_i0_t10000000
27.59,0.0,0.0,0.0,2803836.0,2803836.0,2803836.0,123806.0,123806.0,123806.0,0.0,0.0,lock_stripping,32,1,0,10000000,sync_on,lock_stripping_p32_w1_i0_t10000000
27.65,1245.0980392156864,1245.0980392156864,1245.0980392156864,2803752.0,2803752.0,2803752.0,121193.0,121193.0,121193.0,0.0,0.0,lock_stripping,32,1,0,10000000,sync_on,lock_stripping_p32_w1_i0_t10000000
27.66,708.9758233390444,368.93203883495147,1049.0196078431372,2836752.0,2805728.0,2867776.0,120872.0,119466.0,122278.0,0.0,0.0,lock_stripping,32,1,0,10000000,sync_on,lock_stripping_p32_w1_i0_t10000000
27.68,407.7669902912622,407.7669902912622,407.7669902912622,2807240.0,2807240.0,2807240.0,118758.0,118758.0,118758.0,0.0,0.0,lock_stripping,32,1,0,10000000,sync_on,lock_stripping_p32_w1_i0_t10000000
27.69,233.0097087378641,233.0097087378641,233.0097087378641,2804280.0,2804280.0,2804280.0,123818.0,123818.0,123818.0,0.0,0.0,lock_stripping,32,1,0,10000000,sync_on,lock_stripping_p32_w1_i0_t10000000
27.76,617.0899900911323,221.15384615384616,901.9607843137255,2826106.6666666665,2804156.0,2867948.0,120926.33333333333,119480.0,121876.0,0.0,0.0,lock_stripping,32,1,0,10000000,sync_on,lock_stripping_p32_w1_i0_t10000000
27.78,165.0485436893204,165.0485436893204,165.0485436893204,2807268.0,2807268.0,2807268.0,118775.0,118775.0,118775.0,0.0,0.0,lock_stripping,32,1,0,10000000,sync_on,lock_stripping_p32_w1_i0_t10000000
27.79,252.42718446601944,252.42718446601944,252.42718446601944,2802552.0,2802552.0,2802552.0,121988.0,121988.0,121988.0,0.0,0.0,lock_stripping,32,1,0,10000000,sync_on,lock_stripping_p32_w1_i0_t10000000
27.86,592.9058925310006,398.05825242718447,776.6990291262136,2825838.6666666665,2804400.0,2868312.0,121967.66666666667,119500.0,123277.0,0.0,0.0,lock_stripping,32,1,0,10000000,sync_on,lock_stripping_p32_w1_i0_t10000000
27.89,377.2404779686333,288.46153846153845,466.0194174757282,2805140.0,2802748.0,2807532.0,120400.5,118794.0,122007.0,0.0,0.0,lock_stripping,32,1,0,10000000,sync_on,lock_stripping_p32_w1_i0_t10000000
27.96,1127.450980392157,1088.235294117647,1166.6666666666667,2803534.0,2803448.0,2803620.0,122341.5,121501.0,123182.0,0.0,0.0,lock_stripping,32,1,0,10000000,sync_on,lock_stripping_p32_w1_i0_t10000000
27.97,368.93203883495147,368.93203883495147,368.93203883495147,2868512.0,2868512.0,2868512.0,119517.0,119517.0,119517.0,0.0,0.0,lock_stripping,32,1,0,10000000,sync_on,lock_stripping_p32_w1_i0_t10000000
27.99,307.6923076923077,307.6923076923077,307.6923076923077,2807720.0,2807720.0,2807720.0,118809.0,118809.0,118809.0,0.0,0.0,lock_stripping,32,1,0,10000000,sync_on,lock_stripping_p32_w1_i0_t10000000
28.0,339.80582524271847,339.80582524271847,339.80582524271847,2803016.0,2803016.0,2803016.0,122022.0,122022.0,122022.0,0.0,0.0,lock_stripping,32,1,0,10000000,sync_on,lock_stripping_p32_w1_i0_t10000000
28.06,764.7058823529412,764.7058823529412,764.7058823529412,2802176.0,2802176.0,2802176.0,121381.0,121381.0,121381.0,0.0,0.0,lock_stripping,32,1,0,10000000,sync_on,lock_stripping_p32_w1_i0_t10000000
28.07,704.6449647820294,252.42718446601944,1156.8627450980393,2836516.0,2804316.0,2868716.0,121463.0,119529.0,123397.0,0.0,0.0,lock_stripping,32,1,0,10000000,sync_on,lock_stripping_p32_w1_i0_t10000000
28.09,359.2233009708738,359.2233009708738,359.2233009708738,2807880.0,2807880.0,2807880.0,118828.0,118828.0,118828.0,0.0,0.0,lock_stripping,32,1,0,10000000,sync_on,lock_stripping_p32_w1_i0_t10000000
28.1,398.05825242718447,398.05825242718447,398.05825242718447,2803240.0,2803240.0,2803240.0,122043.0,122043.0,122043.0,0.0,0.0,lock_stripping,32,1,0,10000000,sync_on,lock_stripping_p32_w1_i0_t10000000
28.16,1194.1747572815534,1194.1747572815534,1194.1747572815534,2803008.0,2803008.0,2803008.0,121575.0,121575.0,121575.0,0.0,0.0,lock_stripping,32,1,0,10000000,sync_on,lock_stripping_p32_w1_i0_t10000000
28.17,630.5444507900248,368.93203883495147,892.1568627450981,2836072.0,2803244.0,2868900.0,121089.5,119547.0,122632.0,0.0,0.0,lock_stripping,32,1,0,10000000,sync_on,lock_stripping_p32_w1_i0_t10000000
28.2,276.6990291262136,252.42718446601944,300.97087378640776,2805782.0,2803500.0,2808064.0,120450.0,118842.0,122058.0,0.0,0.0,lock_stripping,32,1,0,10000000,sync_on,lock_stripping_p32_w1_i0_t10000000
28.27,798.4715947322888,742.5742574257425,854.368932038835,2802926.0,2802248.0,2803604.0,122578.5,121825.0,123332.0,0.0,0.0,lock_stripping,32,1,0,10000000,sync_on,lock_stripping_p32_w1_i0_t10000000
28.28,346.1538461538462,346.1538461538462,346.1538461538462,2869044.0,2869044.0,2869044.0,119570.0,119570.0,119570.0,0.0,0.0,lock_stripping,32,1,0,10000000,sync_on,lock_stripping_p32_w1_i0_t10000000
28.3,417.4757281553398,417.4757281553398,417.4757281553398,2808244.0,2808244.0,2808244.0,118861.0,118861.0,118861.0,0.0,0.0,lock_stripping,32,1,0,10000000,sync_on,lock_stripping_p32_w1_i0_t10000000
28.31,349.5145631067961,349.5145631067961,349.5145631067961,2803640.0,2803640.0,2803640.0,122075.0,122075.0,122075.0,0.0,0.0,lock_stripping,32,1,0,10000000,sync_on,lock_stripping_p32_w1_i0_t10000000
28.37,951.6466780887113,864.0776699029127,1039.2156862745098,2802612.0,2802404.0,2802820.0,122531.0,121542.0,123520.0,0.0,0.0,lock_stripping,32,1,0,10000000,sync_on,lock_stripping_p32_w1_i0_t10000000
28.38,262.1359223300971,262.1359223300971,262.1359223300971,2869096.0,2869096.0,2869096.0,119582.0,119582.0,119582.0,0.0,0.0,lock_stripping,32,1,0,10000000,sync_on,lock_stripping_p32_w1_i0_t10000000
28.4,368.93203883495147,368.93203883495147,368.93203883495147,2808432.0,2808432.0,2808432.0,118876.0,118876.0,118876.0,0.0,0.0,lock_stripping,32,1,0,10000000,sync_on,lock_stripping_p32_w1_i0_t10000000
28.41,288.46153846153845,288.46153846153845,288.46153846153845,2803992.0,2803992.0,2803992.0,122090.0,122090.0,122090.0,0.0,0.0,lock_stripping,32,1,0,10000000,sync_on,lock_stripping_p32_w1_i0_t10000000
28.47,1194.1747572815534,1194.1747572815534,1194.1747572815534,2803032.0,2803032.0,2803032.0,121601.0,121601.0,121601.0,0.0,0.0,lock_stripping,32,1,0,10000000,sync_on,lock_stripping_p32_w1_i0_t10000000
28.48,626.4469753547423,300.97087378640776,951.923076923077,2835518.0,2801764.0,2869272.0,120658.5,119600.0,121717.0,0.0,0.0,lock_stripping,32,1,0,10000000,sync_on,lock_stripping_p32_w1_i0_t10000000
28.5,456.3106796116505,456.3106796116505,456.3106796116505,2808792.0,2808792.0,2808792.0,118895.0,118895.0,118895.0,0.0,0.0,lock_stripping,32,1,0,10000000,sync_on,lock_stripping_p32_w1_i0_t10000000
28.51,427.1844660194175,427.1844660194175,427.1844660194175,2804344.0,2804344.0,2804344.0,122108.0,122108.0,122108.0,0.0,0.0,lock_stripping,32,1,0,10000000,sync_on,lock_stripping_p32_w1_i0_t10000000
28.57,1077.6699029126214,1077.6699029126214,1077.6699029126214,2803544.0,2803544.0,2803544.0,122702.0,122702.0,122702.0,0.0,0.0,lock_stripping,32,1,0,10000000,sync_on,lock_stripping_p32_w1_i0_t10000000
28.58,1068.6274509803923,1068.6274509803923,1068.6274509803923,2802264.0,2802264.0,2802264.0,121778.0,121778.0,121778.0,0.0,0.0,lock_stripping,32,1,0,10000000,sync_on,lock_stripping_p32_w1_i0_t10000000
28.59,475.7281553398058,475.7281553398058,475.7281553398058,2869568.0,2869568.0,2869568.0,119616.0,119616.0,119616.0,0.0,0.0,lock_stripping,32,1,0,10000000,sync_on,lock_stripping_p32_w1_i0_t10000000
28.61,403.84615384615387,403.84615384615387,403.84615384615387,2809100.0,2809100.0,2809100.0,118913.0,118913.0,118913.0,0.0,0.0,lock_stripping,32,1,0,10000000,sync_on,lock_stripping_p32_w1_i0_t10000000
28.62,436.8932038834952,436.8932038834952,436.8932038834952,2804580.0,2804580.0,2804580.0,122122.0,122122.0,122122.0,0.0,0.0,lock_stripping,32,1,0,10000000,sync_on,lock_stripping_p32_w1_i0_t10000000
28.68,921.5686274509806,686.2745098039217,1156.8627450980393,2802624.0,2802300.0,2802948.0,121775.5,121706.0,121845.0,0.0,0.0,lock_stripping,32,1,0,10000000,sync_on,lock_stripping_p32_w1_i0_t10000000
28.69,250.0,250.0,250.0,2869680.0,2869680.0,2869680.0,119631.0,119631.0,119631.0,0.0,0.0,lock_stripping,32,1,0,10000000,sync_on,lock_stripping_p32_w1_i0_t10000000
28.71,213.59223300970876,213.59223300970876,213.59223300970876,2809204.0,2809204.0,2809204.0,118927.0,118927.0,118927.0,0.0,0.0,lock_stripping,32,1,0,10000000,sync_on,lock_stripping_p32_w1_i0_t10000000
28.72,349.5145631067961,349.5145631067961,349.5145631067961,2804724.0,2804724.0,2804724.0,122143.0,122143.0,122143.0,0.0,0.0,lock_stripping,32,1,0,10000000,sync_on,lock_stripping_p32_w1_i0_t10000000
28.78,1122.549019607843,1058.8235294117649,1186.2745098039215,2803346.0,2803024.0,2803668.0,121832.0,121765.0,121899.0,0.0,0.0,lock_stripping,32,1,0,10000000,sync_on,lock_stripping_p32_w1_i0_t10000000
28.79,330.0970873786408,330.0970873786408,330.0970873786408,2870052.0,2870052.0,2870052.0,121465.0,121465.0,121465.0,0.0,0.0,lock_stripping,32,1,0,10000000,sync_on,lock_stripping_p32_w1_i0_t10000000
28.82,281.55339805825247,213.59223300970876,349.5145631067961,2807050.0,2804824.0,2809276.0,120552.0,118947.0,122157.0,0.0,0.0,lock_stripping,32,1,0,10000000,sync_on,lock_stripping_p32_w1_i0_t10000000
28.88,1132.8382838283828,1099.009900990099,1166.6666666666667,2803986.0,2803600.0,2804372.0,122591.0,121827.0,123355.0,0.0,0.0,lock_stripping,32,1,0,10000000,sync_on,lock_stripping_p32_w1_i0_t10000000
28.89,48.54368932038835,48.54368932038835,48.54368932038835,2870064.0,2870064.0,2870064.0,121467.0,121467.0,121467.0,0.0,0.0,lock_stripping,32,1,0,10000000,sync_on,lock_stripping_p32_w1_i0_t10000000
28.92,310.67961165048547,310.67961165048547,310.67961165048547,2809544.0,2809544.0,2809544.0,118962.0,118962.0,118962.0,0.0,0.0,lock_stripping,32,1,0,10000000,sync_on,lock_stripping_p32_w1_i0_t10000000
28.93,446.6019417475728,446.6019417475728,446.6019417475728,2805192.0,2805192.0,2805192.0,122178.0,122178.0,122178.0,0.0,0.0,lock_stripping,32,1,0,10000000,sync_on,lock_stripping_p32_w1_i0_t10000000
28.98,899.4192688499619,693.0693069306931,1105.7692307692307,2803582.0,2803012.0,2804152.0,121933.5,121877.0,121990.0,0.0,0.0,lock_stripping,32,1,0,10000000,sync_on,lock_stripping_p32_w1_i0_t10000000
29.0,0.0,0.0,0.0,2870064.0,2870064.0,2870064.0,121467.0,121467.0,121467.0,0.0,0.0,lock_stripping,32,1,0,10000000,sync_on,lock_stripping_p32_w1_i0_t10000000
29.02,475.7281553398058,475.7281553398058,475.7281553398058,2809664.0,2809664.0,2809664.0,118986.0,118986.0,118986.0,0.0,0.0,lock_stripping,32,1,0,10000000,sync_on,lock_stripping_p32_w1_i0_t10000000
29.03,291.2621359223301,291.2621359223301,291.2621359223301,2805364.0,2805364.0,2805364.0,122196.0,122196.0,122196.0,0.0,0.0,lock_stripping,32,1,0,10000000,sync_on,lock_stripping_p32_w1_i0_t10000000
29.09,1229.1547687035982,1205.8823529411766,1252.4271844660195,2804512.0,2804316.0,2804708.0,121994.0,121940.0,122048.0,0.0,0.0,lock_stripping,32,1,0,10000000,sync_on,lock_stripping_p32_w1_i0_t10000000
29.1,0.0,0.0,0.0,2870064.0,2870064.0,2870064.0,121467.0,121467.0,121467.0,0.0,0.0,lock_stripping,32,1,0,10000000,sync_on,lock_stripping_p32_w1_i0_t10000000
29.12,269.2307692307692,269.2307692307692,269.2307692307692,2809896.0,2809896.0,2809896.0,118999.0,118999.0,118999.0,0.0,0.0,lock_stripping,32,1,0,10000000,sync_on,lock_stripping_p32_w1_i0_t10000000
29.13,230.76923076923077,230.76923076923077,230.76923076923077,2805472.0,2805472.0,2805472.0,122213.0,122213.0,122213.0,0.0,0.0,lock_stripping,32,1,0,10000000,sync_on,lock_stripping_p32_w1_i0_t10000000
29.19,1019.6078431372549,990.1960784313726,1049.0196078431372,2805162.0,2805000.0,2805324.0,122050.5,122000.0,122101.0,0.0,0.0,lock_stripping,32,1,0,10000000,sync_on,lock_stripping_p32_w1_i0_t10000000
29.2,0.0,0.0,0.0,2870064.0,2870064.0,2870064.0,121467.0,121467.0,121467.0,0.0,0.0,lock_stripping,32,1,0,10000000,sync_on,lock_stripping_p32_w1_i0_t10000000
29.23,242.71844660194176,242.71844660194176,242.71844660194176,2809932.0,2809932.0,2809932.0,119017.0,119017.0,119017.0,0.0,0.0,lock_stripping,32,1,0,10000000,sync_on,lock_stripping_p32_w1_i0_t10000000
29.24,252.42718446601944,252.42718446601944,252.42718446601944,2805660.0,2805660.0,2805660.0,122231.0,122231.0,122231.0,0.0,0.0,lock_stripping,32,1,0,10000000,sync_on,lock_stripping_p32_w1_i0_t10000000
29.29,1226.1696757911086,1138.6138613861385,1313.7254901960785,2805834.0,2805716.0,2805952.0,122551.0,122169.0,122933.0,0.0,0.0,lock_stripping,32,1,0,10000000,sync_on,lock_stripping_p32_w1_i0_t10000000
29.31,0.0,0.0,0.0,2870064.0,2870064.0,2870064.0,121467.0,121467.0,121467.0,0.0,0.0,lock_stripping,32,1,0,10000000,sync_on,lock_stripping_p32_w1_i0_t10000000
29.33,271.84466019417476,271.84466019417476,271.84466019417476,2809996.0,2809996.0,2809996.0,119032.0,119032.0,119032.0,0.0,0.0,lock_stripping,32,1,0,10000000,sync_on,lock_stripping_p32_w1_i0_t10000000
29.34,339.80582524271847,339.80582524271847,339.80582524271847,2805776.0,2805776.0,2805776.0,122247.0,122247.0,122247.0,0.0,0.0,lock_stripping,32,1,0,10000000,sync_on,lock_stripping_p32_w1_i0_t10000000
29.39,897.0588235294118,676.4705882352941,1117.6470588235295,2805624.0,2805076.0,2806172.0,122578.0,122095.0,123061.0,0.0,0.0,lock_stripping,32,1,0,10000000,sync_on,lock_stripping_p32_w1_i0_t10000000
29.41,0.0,0.0,0.0,2870064.0,2870064.0,2870064.0,121467.0,121467.0,121467.0,0.0,0.0,lock_stripping,32,1,0,10000000,sync_on,lock_stripping_p32_w1_i0_t10000000
29.43,330.0970873786408,330.0970873786408,330.0970873786408,2810320.0,2810320.0,2810320.0,119047.0,119047.0,119047.0,0.0,0.0,lock_stripping,32,1,0,10000000,sync_on,lock_stripping_p32_w1_i0_t10000000
29.44,300.97087378640776,300.97087378640776,300.97087378640776,2805836.0,2805836.0,2805836.0,122262.0,122262.0,122262.0,0.0,0.0,lock_stripping,32,1,0,10000000,sync_on,lock_stripping_p32_w1_i0_t10000000
29.49,900.990099009901,900.990099009901,900.990099009901,2805580.0,2805580.0,2805580.0,122270.0,122270.0,122270.0,0.0,0.0,lock_stripping,32,1,0,10000000,sync_on,lock_stripping_p32_w1_i0_t10000000
29.5,1057.6923076923078,1057.6923076923078,1057.6923076923078,2805700.0,2805700.0,2805700.0,122142.0,122142.0,122142.0,0.0,0.0,lock_stripping,32,1,0,10000000,sync_on,lock_stripping_p32_w1_i0_t10000000
29.52,0.0,0.0,0.0,2870064.0,2870064.0,2870064.0,121467.0,121467.0,121467.0,0.0,0.0,lock_stripping,32,1,0,10000000,sync_on,lock_stripping_p32_w1_i0_t10000000
29.54,269.2307692307692,269.2307692307692,269.2307692307692,2810424.0,2810424.0,2810424.0,119063.0,119063.0,119063.0,0.0,0.0,lock_stripping,32,1,0,10000000,sync_on,lock_stripping_p32_w1_i0_t10000000
29.55,451.92307692307696,451.92307692307696,451.92307692307696,2806200.0,2806200.0,2806200.0,122284.0,122284.0,122284.0,0.0,0.0,lock_stripping,32,1,0,10000000,sync_on,lock_stripping_p32_w1_i0_t10000000
29.6,1182.3917685886236,1156.8627450980393,1207.9207920792078,2806346.0,2806216.0,2806476.0,122269.5,122205.0,122334.0,0.0,0.0,lock_stripping,32,1,0,10000000,sync_on,lock_stripping_p32_w1_i0_t10000000
29.62,0.0,0.0,0.0,2870064.0,2870064.0,2870064.0,121469.0,121469.0,121469.0,0.0,0.0,lock_stripping,32,1,0,10000000,sync_on,lock_stripping_p32_w1_i0_t10000000
29.64,378.6407766990292,378.6407766990292,378.6407766990292,2810652.0,2810652.0,2810652.0,119078.0,119078.0,119078.0,0.0,0.0,lock_stripping,32,1,0,10000000,sync_on,lock_stripping_p32_w1_i0_t10000000
29.65,485.4368932038835,485.4368932038835,485.4368932038835,2806452.0,2806452.0,2806452.0,122305.0,122305.0,122305.0,0.0,0.0,lock_stripping,32,1,0,10000000,sync_on,lock_stripping_p32_w1_i0_t10000000
29.7,1175.4235674852466,1137.2549019607843,1213.5922330097087,2806884.0,2806856.0,2806912.0,122327.5,122260.0,122395.0,0.0,0.0,lock_stripping,32,1,0,10000000,sync_on,lock_stripping_p32_w1_i0_t10000000
29.72,29.12621359223301,29.12621359223301,29.12621359223301,2870068.0,2870068.0,2870068.0,121470.0,121470.0,121470.0,0.0,0.0,lock_stripping,32,1,0,10000000,sync_on,lock_stripping_p32_w1_i0_t10000000
29.74,203.8834951456311,203.8834951456311,203.8834951456311,2810476.0,2810476.0,2810476.0,120932.0,120932.0,120932.0,0.0,0.0,lock_stripping,32,1,0,10000000,sync_on,lock_stripping_p32_w1_i0_t10000000
29.75,291.2621359223301,291.2621359223301,291.2621359223301,2806508.0,2806508.0,2806508.0,122320.0,122320.0,122320.0,0.0,0.0,lock_stripping,32,1,0,10000000,sync_on,lock_stripping_p32_w1_i0_t10000000
29.8,1207.9207920792078,1138.6138613861385,1277.227722772277,2807306.0,2807280.0,2807332.0,122530.5,122335.0,122726.0,0.0,0.0,lock_stripping,32,1,0,10000000,sync_on,lock_stripping_p32_w1_i0_t10000000
29.82,310.67961165048547,310.67961165048547,310.67961165048547,2870528.0,2870528.0,2870528.0,121486.0,121486.0,121486.0,0.0,0.0,lock_stripping,32,1,0,10000000,sync_on,lock_stripping_p32_w1_i0_t10000000
29.85,0.0,0.0,0.0,2810476.0,2810476.0,2810476.0,120932.0,120932.0,120932.0,0.0,0.0,lock_stripping,32,1,0,10000000,sync_on,lock_stripping_p32_w1_i0_t10000000
29.86,582.5242718446602,582.5242718446602,582.5242718446602,2806924.0,2806924.0,2806924.0,122350.0,122350.0,122350.0,0.0,0.0,lock_stripping,32,1,0,10000000,sync_on,lock_stripping_p32_w1_i0_t10000000
29.9,1299.0196078431372,1264.7058823529412,1333.3333333333335,2808044.0,2807996.0,2808092.0,120578.0,118754.0,122402.0,0.0,0.0,lock_stripping,32,1,0,10000000,sync_on,lock_stripping_p32_w1_i0_t10000000
29.93,213.59223300970876,213.59223300970876,213.59223300970876,2868720.0,2868720.0,2868720.0,119653.0,119653.0,119653.0,0.0,0.0,lock_stripping,32,1,0,10000000,sync_on,lock_stripping_p32_w1_i0_t10000000
29.95,0.0,0.0,0.0,2810476.0,2810476.0,2810476.0,120932.0,120932.0,120932.0,0.0,0.0,lock_stripping,32,1,0,10000000,sync_on,lock_stripping_p32_w1_i0_t10000000
29.96,1203.883495145631,1203.883495145631,1203.883495145631,2807684.0,2807684.0,2807684.0,122425.0,122425.0,122425.0,0.0,0.0,lock_stripping,32,1,0,10000000,sync_on,lock_stripping_p32_w1_i0_t10000000
30.0,1299.0196078431372,1196.0784313725492,1401.9607843137255,2808534.0,2808520.0,2808548.0,120644.5,118820.0,122469.0,0.0,0.0,lock_stripping,32,1,0,10000000,sync_on,lock_stripping_p32_w1_i0_t10000000
30.03,153.84615384615384,153.84615384615384,153.84615384615384,2868816.0,2868816.0,2868816.0,119667.0,119667.0,119667.0,0.0,0.0,lock_stripping,32,1,0,10000000,sync_on,lock_stripping_p32_w1_i0_t10000000
30.05,0.0,0.0,0.0,2810476.0,2810476.0,2810476.0,120932.0,120932.0,120932.0,0.0,0.0,lock_stripping,32,1,0,10000000,sync_on,lock_stripping_p32_w1_i0_t10000000
30.13,213.59223300970876,213.59223300970876,213.59223300970876,2868780.0,2868780.0,2868780.0,119677.0,119677.0,119677.0,0.0,0.0,lock_stripping,32,1,0,10000000,sync_on,lock_stripping_p32_w1_i0_t10000000
30.16,0.0,0.0,0.0,2810476.0,2810476.0,2810476.0,120932.0,120932.0,120932.0,0.0,0.0,lock_stripping,32,1,0,10000000,sync_on,lock_stripping_p32_w1_i0_t10000000
30.26,0.0,0.0,0.0,2810476.0,2810476.0,2810476.0,120932.0,120932.0,120932.0,0.0,0.0,lock_stripping,32,1,0,10000000,sync_on,lock_stripping_p32_w1_i0_t10000000
30.36,0.0,0.0,0.0,2810476.0,2810476.0,2810476.0,120932.0,120932.0,120932.0,0.0,0.0,lock_stripping,32,1,0,10000000,sync_on,lock_stripping_p32_w1_i0_t10000000
30.47,0.0,0.0,0.0,2810476.0,2810476.0,2810476.0,120932.0,120932.0,120932.0,0.0,0.0,lock_stripping,32,1,0,10000000,sync_on,lock_stripping_p32_w1_i0_t10000000
30.57,0.0,0.0,0.0,2810476.0,2810476.0,2810476.0,120932.0,120932.0,120932.0,0.0,0.0,lock_stripping,32,1,0,10000000,sync_on,lock_stripping_p32_w1_i0_t10000000
30.67,38.834951456310684,38.834951456310684,38.834951456310684,2810560.0,2810560.0,2810560.0,120933.0,120933.0,120933.0,0.0,0.0,lock_stripping,32,1,0,10000000,sync_on,lock_stripping_p32_w1_i0_t10000000
30.78,76.92307692307692,76.92307692307692,76.92307692307692,2808784.0,2808784.0,2808784.0,119092.0,119092.0,119092.0,0.0,0.0,lock_stripping,32,1,0,10000000,sync_on,lock_stripping_p32_w1_i0_t10000000
0.1,1265.5153099327858,1223.3009708737866,1310.6796116504854,2738188.0,2677916.0,2785796.0,177369.4,177340.0,177379.0,0.0,0.0,hard,32,3,0,10000000,sync_on,hard_p32_w3_i0_t10000000
0.2,1179.5525140749369,1107.843137254902,1257.4257425742574,2737039.0,2683008.0,2791768.0,175673.75,173627.0,177703.0,0.0,0.0,hard,32,3,0,10000000,sync_on,hard_p32_w3_i0_t10000000
0.21,1088.235294117647,1088.235294117647,1088.235294117647,2769004.0,2769004.0,2769004.0,173662.0,173662.0,173662.0,0.0,0.0,hard,32,3,0,10000000,sync_on,hard_p32_w3_i0_t10000000
0.31,1240.0012816815663,1137.2549019607843,1316.8316831683167,2747337.6,2686596.0,2795772.0,173725.6,173697.0,173735.0,0.0,0.0,hard,32,3,0,10000000,sync_on,hard_p32_w3_i0_t10000000
0.41,1217.3025670312934,1117.6470588235295,1278.8461538461538,2750706.4,2690200.0,2798808.0,173789.8,173755.0,173801.0,0.0,0.0,hard,32,3,0,10000000,sync_on,hard_p32_w3_i0_t10000000
0.51,1295.24364201126,1235.294117647059,1352.9411764705883,2753715.2,2693524.0,2801696.0,173861.4,173829.0,173875.0,0.0,0.0,hard,32,3,0,10000000,sync_on,hard_p32_w3_i0_t10000000
0.61,1392.6010533663305,1313.7254901960785,1533.980582524272,2734958.6666666665,2697348.0,2804656.0,173929.66666666666,173904.0,173943.0,0.0,0.0,hard,32,3,0,10000000,sync_on,hard_p32_w3_i0_t10000000
0.62,1328.5567587752055,1317.3076923076924,1339.8058252427186,2789322.0,2781396.0,2797248.0,173946.5,173942.0,173951.0,0.0,0.0,hard,32,3,0,10000000,sync_on,hard_p32_w3_i0_t10000000
0.71,1250.0,1215.686274509804,1284.3137254901962,2756356.0,2705624.0,2807088.0,173988.0,173966.0,174010.0,0.0,0.0,hard,32,3,0,10000000,sync_on,hard_p32_w3_i0_t10000000
0.72,1225.2021016581295,1182.6923076923078,1277.227722772277,2761534.6666666665,2700532.0,2799972.0,174005.0,174000.0,174011.0,0.0,0.0,hard,32,3,0,10000000,sync_on,hard_p32_w3_i0_t10000000
0.82,1352.5183411676844,1303.921568627451,1427.1844660194176,2761904.0,2702344.0,2809964.0,174065.0,174033.0,174076.0,0.0,0.0,hard,32,3,0,10000000,sync_on,hard_p32_w3_i0_t10000000
0.92,1210.1894155720543,1147.058823529412,1254.9019607843138,2754382.0,2704704.0,2812520.0,174121.0,174091.0,174136.0,0.0,0.0,hard,32,3,0,10000000,sync_on,hard_p32_w3_i0_t10000000
0.93,1291.2621359223301,1291.2621359223301,1291.2621359223301,2804924.0,2804924.0,2804924.0,174133.0,174133.0,174133.0,0.0,0.0,hard,32,3,0,10000000,sync_on,hard_p32_w3_i0_t10000000
1.02,1302.7324791302658,1237.6237623762374,1372.5490196078433,2755986.0,2706660.0,2814176.0,174184.75,174160.0,174201.0,0.0,0.0,hard,32,3,0,10000000,sync_on,hard_p32_w3_i0_t10000000
1.03,1254.9019607843138,1254.9019607843138,1254.9019607843138,2806968.0,2806968.0,2806968.0,174194.0,174194.0,174194.0,0.0,0.0,hard,32,3,0,10000000,sync_on,hard_p32_w3_i0_t10000000
1.12,1333.3333333333335,1274.5098039215686,1392.1568627450981,2711624.0,2708752.0,2714496.0,174262.0,174259.0,174265.0,0.0,0.0,hard,32,3,0,10000000,sync_on,hard_p32_w3_i0_t10000000
1.13,1339.076083507837,1242.7184466019419,1490.1960784313726,2806054.6666666665,2792800.0,2816204.0,174241.66666666666,174216.0,174265.0,0.0,0.0,hard,32,3,0,10000000,sync_on,hard_p32_w3_i0_t10000000
1.22,1117.6470588235295,1117.6470588235295,1117.6470588235295,2716256.0,2716256.0,2716256.0,174327.0,174327.0,174327.0,0.0,0.0,hard,32,3,0,10000000,sync_on,hard_p32_w3_i0_t10000000
1.23,1142.1568627450981,1029.4117647058824,1264.7058823529412,2783229.0,2710268.0,2817724.0,174311.25,174281.0,174328.0,0.0,0.0,hard,32,3,0,10000000,sync_on,hard_p32_w3_i0_t10000000
1.33,1153.7330316742082,1127.450980392157,1196.0784313725492,2771477.6,2712024.0,2819452.0,174428.8,174341.0,174652.0,0.0,0.0,hard,32,3,0,10000000,sync_on,hard_p32_w3_i0_t10000000
1.43,1170.4845399698343,1039.2156862745098,1235.294117647059,2762747.0,2713292.0,2821180.0,173496.0,170674.0,174454.0,0.0,0.0,hard,32,3,0,10000000,sync_on,hard_p32_w3_i0_t10000000
1.44,1264.7058823529412,1264.7058823529412,1264.7058823529412,2814256.0,2814256.0,2814256.0,174458.0,174458.0,174458.0,0.0,0.0,hard,32,3,0,10000000,sync_on,hard_p32_w3_i0_t10000000
1.53,1219.2454539571604,1089.108910891089,1362.7450980392157,2752910.6666666665,2714684.0,2823240.0,172079.66666666666,170748.0,174740.0,0.0,0.0,hard,32,3,0,10000000,sync_on,hard_p32_w3_i0_t10000000
1.54,1265.8848409112757,1145.6310679611652,1386.1386138613861,2807588.0,2799028.0,2816148.0,172633.0,170758.0,174508.0,0.0,0.0,hard,32,3,0,10000000,sync_on,hard_p32_w3_i0_t10000000
1.63,1225.4901960784314,1186.2745098039215,1264.7058823529412,2719596.0,2716728.0,2722464.0,170944.5,170815.0,171074.0,0.0,0.0,hard,32,3,0,10000000,sync_on,hard_p32_w3_i0_t10000000
1.64,1245.0980392156864,1117.6470588235295,1411.764705882353,2814480.0,2801128.0,2824712.0,172123.0,170769.0,174774.0,0.0,0.0,hard,32,3,0,10000000,sync_on,hard_p32_w3_i0_t10000000
1.74,1251.6121821513084,1039.2156862745098,1362.7450980392157,2778011.2,2719276.0,2825824.0,170120.2,167091.0,170903.0,0.0,0.0,hard,32,3,0,10000000,sync_on,hard_p32_w3_i0_t10000000
1.84,1235.0530484230605,1147.058823529412,1343.137254901961,2779729.6,2720472.0,2827944.0,170179.0,167148.0,170957.0,0.0,0.0,hard,32,3,0,10000000,sync_on,hard_p32_w3_i0_t10000000
1.94,1247.466558477664,1147.058823529412,1300.9708737864078,2770950.0,2721956.0,2829488.0,169227.25,163677.0,171223.0,0.0,0.0,hard,32,3,0,10000000,sync_on,hard_p32_w3_i0_t10000000
1.95,1264.7058823529412,1264.7058823529412,1264.7058823529412,2822052.0,2822052.0,2822052.0,171287.0,171287.0,171287.0,0.0,0.0,hard,32,3,0,10000000,sync_on,hard_p32_w3_i0_t10000000
2.04,1299.3269915226817,1297.029702970297,1303.921568627451,2761056.0,2723756.0,2830880.0,166191.0,159727.0,171337.0,0.0,0.0,hard,32,3,0,10000000,sync_on,hard_p32_w3_i0_t10000000
2.05,1377.450980392157,1362.7450980392157,1392.1568627450981,2815548.0,2807596.0,2823500.0,169350.5,167579.0,171122.0,0.0,0.0,hard,32,3,0,10000000,sync_on,hard_p32_w3_i0_t10000000
2.14,1372.5490196078433,1372.5490196078433,1372.5490196078433,2729924.0,2729924.0,2729924.0,167364.0,167364.0,167364.0,0.0,0.0,hard,32,3,0,10000000,sync_on,hard_p32_w3_i0_t10000000
2.15,1371.1006714112084,1192.3076923076924,1460.7843137254904,2798233.0,2725604.0,2832612.0,162651.5,159801.0,167416.0,0.0,0.0,hard,32,3,0,10000000,sync_on,hard_p32_w3_i0_t10000000
2.25,1253.3100368860416,1166.6666666666667,1411.764705882353,2785813.6,2727164.0,2833780.0,161383.8,159841.0,163656.0,0.0,0.0,hard,32,3,0,10000000,sync_on,hard_p32_w3_i0_t10000000
2.35,1245.7656445256175,1137.2549019607843,1362.7450980392157,2787009.6,2728304.0,2835152.0,159964.0,156168.0,163825.0,0.0,0.0,hard,32,3,0,10000000,sync_on,hard_p32_w3_i0_t10000000
2.45,1271.3894747555853,1205.8823529411766,1326.7326732673266,2766201.3333333335,2729148.0,2836360.0,158749.66666666666,156239.0,160019.0,0.0,0.0,hard,32,3,0,10000000,sync_on,hard_p32_w3_i0_t10000000
2.46,1117.6470588235295,1019.6078431372549,1215.686274509804,2820752.0,2812716.0,2828788.0,156247.5,152489.0,160006.0,0.0,0.0,hard,32,3,0,10000000,sync_on,hard_p32_w3_i0_t10000000
2.55,1213.5922330097087,1194.1747572815534,1233.0097087378642,2732004.0,2730060.0,2733948.0,158180.5,156305.0,160056.0,0.0,0.0,hard,32,3,0,10000000,sync_on,hard_p32_w3_i0_t10000000
2.56,1222.2222222222224,1205.8823529411766,1235.294117647059,2827121.3333333335,2813748.0,2837716.0,155126.66666666666,152490.0,160337.0,0.0,0.0,hard,32,3,0,10000000,sync_on,hard_p32_w3_i0_t10000000
2.65,1156.8627450980393,1117.6470588235295,1196.0784313725492,2733124.0,2731052.0,2735196.0,156355.5,152592.0,160119.0,0.0,0.0,hard,32,3,0,10000000,sync_on,hard_p32_w3_i0_t10000000
2.66,1114.2597126645846,1068.6274509803923,1155.3398058252428,2828242.6666666665,2814852.0,2838824.0,153929.66666666666,152555.0,156361.0,0.0,0.0,hard,32,3,0,10000000,sync_on,hard_p32_w3_i0_t10000000
2.75,1148.5148514851485,1148.5148514851485,1148.5148514851485,2736324.0,2736324.0,2736324.0,152647.0,152647.0,152647.0,0.0,0.0,hard,32,3,0,10000000,sync_on,hard_p32_w3_i0_t10000000
2.76,1176.2447172319041,1115.3846153846155,1313.7254901960785,2805005.0,2731808.0,2840132.0,153581.0,148835.0,160180.0,0.0,0.0,hard,32,3,0,10000000,sync_on,hard_p32_w3_i0_t10000000
2.86,1130.4391361466244,1067.9611650485438,1166.6666666666667,2785947.0,2732612.0,2841168.0,152704.25,148899.0,160253.0,0.0,0.0,hard,32,3,0,10000000,sync_on,hard_p32_w3_i0_t10000000
2.87,1245.0980392156864,1245.0980392156864,1245.0980392156864,2816936.0,2816936.0,2816936.0,156482.0,156482.0,156482.0,0.0,0.0,hard,32,3,0,10000000,sync_on,hard_p32_w3_i0_t10000000
2.96,1285.057289281184,1196.0784313725492,1346.5346534653465,2786774.0,2733288.0,2841888.0,151896.5,148966.0,156549.0,0.0,0.0,hard,32,3,0,10000000,sync_on,hard_p32_w3_i0_t10000000
2.97,1039.2156862745098,1039.2156862745098,1039.2156862745098,2817768.0,2817768.0,2817768.0,152760.0,152760.0,152760.0,0.0,0.0,hard,32,3,0,10000000,sync_on,hard_p32_w3_i0_t10000000
3.06,1355.769230769231,1346.1538461538462,1365.3846153846155,2736760.0,2734076.0,2739444.0,150955.5,149066.0,152845.0,0.0,0.0,hard,32,3,0,10000000,sync_on,hard_p32_w3_i0_t10000000
3.07,1376.8225238813475,1333.3333333333335,1450.9803921568628,2831985.3333333335,2818820.0,2842568.0,150315.0,149029.0,152824.0,0.0,0.0,hard,32,3,0,10000000,sync_on,hard_p32_w3_i0_t10000000
3.17,1439.478673848143,1401.9607843137255,1470.5882352941178,2794763.2,2735016.0,2843500.0,150641.0,149094.0,152921.0,0.0,0.0,hard,32,3,0,10000000,sync_on,hard_p32_w3_i0_t10000000
3.27,1328.4082254379284,1257.4257425742574,1388.3495145631068,2795490.4,2735764.0,2844160.0,150715.4,149163.0,152991.0,0.0,0.0,hard,32,3,0,10000000,sync_on,hard_p32_w3_i0_t10000000
3.37,1227.731092436975,1104.7619047619048,1352.9411764705883,2774433.3333333335,2736528.0,2845012.0,149439.33333333334,149276.0,149542.0,0.0,0.0,hard,32,3,0,10000000,sync_on,hard_p32_w3_i0_t10000000
3.38,1265.8221704523394,1227.7227722772277,1303.921568627451,2829240.0,2821288.0,2837192.0,147396.5,145477.0,149316.0,0.0,0.0,hard,32,3,0,10000000,sync_on,hard_p32_w3_i0_t10000000
3.47,1254.9019607843138,1254.9019607843138,1254.9019607843138,2742696.0,2742696.0,2742696.0,149341.0,149341.0,149341.0,0.0,0.0,hard,32,3,0,10000000,sync_on,hard_p32_w3_i0_t10000000
3.48,1231.7009328003046,1186.2745098039215,1274.5098039215686,2810622.0,2737252.0,2845720.0,145559.75,145529.0,145600.0,0.0,0.0,hard,32,3,0,10000000,sync_on,hard_p32_w3_i0_t10000000
3.58,1255.4406911279364,1125.0,1382.3529411764707,2797923.2,2738096.0,2846636.0,145627.6,141858.0,149407.0,0.0,0.0,hard,32,3,0,10000000,sync_on,hard_p32_w3_i0_t10000000
3.68,1357.843137254902,1313.7254901960785,1392.1568627450981,2788624.0,2739108.0,2847128.0,145679.0,141926.0,149465.0,0.0,0.0,hard,32,3,0,10000000,sync_on,hard_p32_w3_i0_t10000000
3.69,1285.7142857142858,1285.7142857142858,1285.7142857142858,2839648.0,2839648.0,2839648.0,145738.0,145738.0,145738.0,0.0,0.0,hard,32,3,0,10000000,sync_on,hard_p32_w3_i0_t10000000
3.78,1260.5076684139003,1166.6666666666667,1323.5294117647059,2789469.0,2739656.0,2848120.0,143860.0,141962.0,145762.0,0.0,0.0,hard,32,3,0,10000000,sync_on,hard_p32_w3_i0_t10000000
3.79,1254.9019607843138,1254.9019607843138,1254.9019607843138,2840336.0,2840336.0,2840336.0,145805.0,145805.0,145805.0,0.0,0.0,hard,32,3,0,10000000,sync_on,hard_p32_w3_i0_t10000000
3.88,1187.8724977668442,1145.6310679611652,1235.294117647059,2778342.6666666665,2740324.0,2848704.0,144704.33333333334,142046.0,146059.0,0.0,0.0,hard,32,3,0,10000000,sync_on,hard_p32_w3_i0_t10000000
3.89,1185.0847134970495,1127.450980392157,1242.7184466019419,2833074.0,2825372.0,2840776.0,142063.0,142031.0,142095.0,0.0,0.0,hard,32,3,0,10000000,sync_on,hard_p32_w3_i0_t10000000
3.98,1029.7029702970297,1029.7029702970297,1029.7029702970297,2746616.0,2746616.0,2746616.0,142111.0,142111.0,142111.0,0.0,0.0,hard,32,3,0,10000000,sync_on,hard_p32_w3_i0_t10000000
3.99,1132.3106736982684,1019.2307692307693,1306.930693069307,2814335.0,2740780.0,2849080.0,142112.5,142079.0,142164.0,0.0,0.0,hard,32,3,0,10000000,sync_on,hard_p32_w3_i0_t10000000
4.08,1254.9019607843138,1254.9019607843138,1254.9019607843138,2747224.0,2747224.0,2747224.0,142173.0,142173.0,142173.0,0.0,0.0,hard,32,3,0,10000000,sync_on,hard_p32_w3_i0_t10000000
4.09,1167.4189477771306,1039.2156862745098,1306.930693069307,2814927.0,2741336.0,2849836.0,142175.0,142145.0,142217.0,0.0,0.0,hard,32,3,0,10000000,sync_on,hard_p32_w3_i0_t10000000
4.19,1024.7524752475247,1000.0000000000001,1049.5049504950493,2744692.0,2741900.0,2747484.0,142228.5,142228.0,142229.0,0.0,0.0,hard,32,3,0,10000000,sync_on,hard_p32_w3_i0_t10000000
4.2,1038.74883286648,1009.5238095238095,1068.6274509803923,2840088.0,2827568.0,2850244.0,142232.0,142202.0,142277.0,0.0,0.0,hard,32,3,0,10000000,sync_on,hard_p32_w3_i0_t10000000
4.29,1121.134992458522,1098.0392156862745,1144.2307692307693,2745232.0,2742404.0,2748060.0,142291.5,142288.0,142295.0,0.0,0.0,hard,32,3,0,10000000,sync_on,hard_p32_w3_i0_t10000000
4.3,1179.1991877657213,1058.8235294117649,1313.7254901960785,2840588.0,2828092.0,2850896.0,142294.33333333334,142263.0,142345.0,0.0,0.0,hard,32,3,0,10000000,sync_on,hard_p32_w3_i0_t10000000
4.39,1176.4705882352941,1176.4705882352941,1176.4705882352941,2748876.0,2748876.0,2748876.0,142349.0,142349.0,142349.0,0.0,0.0,hard,32,3,0,10000000,sync_on,hard_p32_w3_i0_t10000000
4.4,1198.5294117647059,1117.6470588235295,1274.5098039215686,2816639.0,2742852.0,2851700.0,142353.0,142319.0,142402.0,0.0,0.0,hard,32,3,0,10000000,sync_on,hard_p32_w3_i0_t10000000
4.49,1264.7058823529412,1264.7058823529412,1264.7058823529412,2749820.0,2749820.0,2749820.0,142407.0,142407.0,142407.0,0.0,0.0,hard,32,3,0,10000000,sync_on,hard_p32_w3_i0_t10000000
4.5,1253.1547272374296,1235.294117647059,1287.128712871287,2817159.0,2743400.0,2852168.0,142419.0,142385.0,142470.0,0.0,0.0,hard,32,3,0,10000000,sync_on,hard_p32_w3_i0_t10000000
4.59,1166.6666666666667,1166.6666666666667,1166.6666666666667,2750176.0,2750176.0,2750176.0,142470.0,142470.0,142470.0,0.0,0.0,hard,32,3,0,10000000,sync_on,hard_p32_w3_i0_t10000000
4.6,1241.8300653594772,1166.6666666666667,1303.921568627451,2813620.0,2743996.0,2852736.0,142501.33333333334,142455.0,142540.0,0.0,0.0,hard,32,3,0,10000000,sync_on,hard_p32_w3_i0_t10000000
4.61,1203.883495145631,1203.883495145631,1203.883495145631,2829836.0,2829836.0,2829836.0,142461.0,142461.0,142461.0,0.0,0.0,hard,32,3,0,10000000,sync_on,hard_p32_w3_i0_t10000000
4.7,1152.688798291594,1148.5148514851485,1156.8627450980393,2747560.0,2744440.0,2750680.0,142557.5,142540.0,142575.0,0.0,0.0,hard,32,3,0,10000000,sync_on,hard_p32_w3_i0_t10000000
4.71,1146.1161387631976,1088.235294117647,1205.8823529411766,2842649.3333333335,2830184.0,2853188.0,142551.0,142524.0,142601.0,0.0,0.0,hard,32,3,0,10000000,sync_on,hard_p32_w3_i0_t10000000
4.8,1190.3198172472873,1174.7572815533981,1205.8823529411766,2748244.0,2745180.0,2751308.0,142619.5,142599.0,142640.0,0.0,0.0,hard,32,3,0,10000000,sync_on,hard_p32_w3_i0_t10000000
4.81,1254.2991306554984,1166.6666666666667,1411.764705882353,2843269.3333333335,2830680.0,2853776.0,142616.0,142584.0,142676.0,0.0,0.0,hard,32,3,0,10000000,sync_on,hard_p32_w3_i0_t10000000
4.9,1284.3137254901962,1284.3137254901962,1284.3137254901962,2752128.0,2752128.0,2752128.0,142668.0,142668.0,142668.0,0.0,0.0,hard,32,3,0,10000000,sync_on,hard_p32_w3_i0_t10000000
4.91,1351.2182100562998,1297.029702970297,1401.9607843137255,2819400.0,2745864.0,2854464.0,142688.25,142650.0,142745.0,0.0,0.0,hard,32,3,0,10000000,sync_on,hard_p32_w3_i0_t10000000
5.0,1320.3883495145633,1320.3883495145633,1320.3883495145633,2752680.0,2752680.0,2752680.0,142733.0,142733.0,142733.0,0.0,0.0,hard,32,3,0,10000000,sync_on,hard_p32_w3_i0_t10000000
5.01,1348.0392156862745,1274.5098039215686,1382.3529411764707,2819880.0,2746364.0,2854980.0,142761.0,142723.0,142813.0,0.0,0.0,hard,32,3,0,10000000,sync_on,hard_p32_w3_i0_t10000000
5.11,1311.9645916619074,1264.7058823529412,1359.2233009708739,2750128.0,2746896.0,2753360.0,142824.0,142799.0,142849.0,0.0,0.0,hard,32,3,0,10000000,sync_on,hard_p32_w3_i0_t10000000
5.12,1158.4912406585736,1137.2549019607843,1174.7572815533981,2844849.3333333335,2832108.0,2855604.0,142814.66666666666,142785.0,142872.0,0.0,0.0,hard,32,3,0,10000000,sync_on,hard_p32_w3_i0_t10000000
5.21,1175.8994860079956,1116.504854368932,1235.294117647059,2750576.0,2747484.0,2753668.0,142882.5,142857.0,142908.0,0.0,0.0,hard,32,3,0,10000000,sync_on,hard_p32_w3_i0_t10000000
5.22,1236.5550751044755,1123.8095238095239,1343.137254901961,2845293.3333333335,2832604.0,2855972.0,142878.66666666666,142838.0,142952.0,0.0,0.0,hard,32,3,0,10000000,sync_on,hard_p32_w3_i0_t10000000
5.31,1242.5742574257424,1138.6138613861385,1346.5346534653465,2751006.0,2747948.0,2754064.0,142952.0,142933.0,142971.0,0.0,0.0,hard,32,3,0,10000000,sync_on,hard_p32_w3_i0_t10000000
5.32,1098.0392156862747,911.764705882353,1225.4901960784314,2845753.3333333335,2833176.0,2856280.0,142942.0,142896.0,143013.0,0.0,0.0,hard,32,3,0,10000000,sync_on,hard_p32_w3_i0_t10000000
5.41,1211.5384615384617,1211.5384615384617,1211.5384615384617,2754488.0,2754488.0,2754488.0,142995.0,142995.0,142995.0,0.0,0.0,hard,32,3,0,10000000,sync_on,hard_p32_w3_i0_t10000000
5.42,981.3025210084035,401.9607843137255,1209.5238095238096,2821660.0,2748336.0,2856660.0,143002.25,142920.0,143076.0,0.0,0.0,hard,32,3,0,10000000,sync_on,hard_p32_w3_i0_t10000000
5.51,1186.2745098039215,1186.2745098039215,1186.2745098039215,2754916.0,2754916.0,2754916.0,143064.0,143064.0,143064.0,0.0,0.0,hard,32,3,0,10000000,sync_on,hard_p32_w3_i0_t10000000
5.52,1097.7536645726252,1058.2524271844661,1137.2549019607843,2798724.0,2748820.0,2848628.0,143115.0,143094.0,143136.0,0.0,0.0,hard,32,3,0,10000000,sync_on,hard_p32_w3_i0_t10000000
5.53,825.6234532648011,572.8155339805826,1078.4313725490197,2845292.0,2833528.0,2857056.0,142992.0,142948.0,143036.0,0.0,0.0,hard,32,3,0,10000000,sync_on,hard_p32_w3_i0_t10000000
5.62,1156.48201027984,1116.504854368932,1215.686274509804,2784462.6666666665,2749000.0,2849260.0,143855.0,143123.0,145275.0,0.0,0.0,hard,32,3,0,10000000,sync_on,hard_p32_w3_i0_t10000000
5.63,842.948717948718,519.2307692307693,1166.6666666666667,2845584.0,2833708.0,2857460.0,143039.5,142978.0,143101.0,0.0,0.0,hard,32,3,0,10000000,sync_on,hard_p32_w3_i0_t10000000
5.72,1138.6138613861385,1138.6138613861385,1138.6138613861385,2755472.0,2755472.0,2755472.0,144680.0,144680.0,144680.0,0.0,0.0,hard,32,3,0,10000000,sync_on,hard_p32_w3_i0_t10000000
5.73,1102.4072995534848,705.8823529411765,1336.6336633663366,2818990.6666666665,2749392.0,2857864.0,144947.66666666666,143169.0,146458.0,0.0,0.0,hard,32,3,0,10000000,sync_on,hard_p32_w3_i0_t10000000
5.74,500.0,500.0,500.0,2833808.0,2833808.0,2833808.0,143004.0,143004.0,143004.0,0.0,0.0,hard,32,3,0,10000000,sync_on,hard_p32_w3_i0_t10000000
5.82,872.5490196078432,872.5490196078432,872.5490196078432,2755724.0,2755724.0,2755724.0,145650.0,145650.0,145650.0,0.0,0.0,hard,32,3,0,10000000,sync_on,hard_p32_w3_i0_t10000000
5.83,1022.8758169934641,852.9411764705883,1274.5098039215686,2819337.3333333335,2749780.0,2858224.0,145712.33333333334,143241.0,147509.0,0.0,0.0,hard,32,3,0,10000000,sync_on,hard_p32_w3_i0_t10000000
5.84,471.1538461538462,471.1538461538462,471.1538461538462,2834020.0,2834020.0,2834020.0,143031.0,143031.0,143031.0,0.0,0.0,hard,32,3,0,10000000,sync_on,hard_p32_w3_i0_t10000000
5.92,1230.7692307692307,1230.7692307692307,1230.7692307692307,2756132.0,2756132.0,2756132.0,147447.0,147447.0,147447.0,0.0,0.0,hard,32,3,0,10000000,sync_on,hard_p32_w3_i0_t10000000
5.93,1054.0411584100905,833.3333333333334,1194.1747572815534,2819678.6666666665,2750132.0,2858508.0,146796.33333333334,143305.0,149569.0,0.0,0.0,hard,32,3,0,10000000,sync_on,hard_p32_w3_i0_t10000000
5.94,533.9805825242719,533.9805825242719,533.9805825242719,2834268.0,2834268.0,2834268.0,143060.0,143060.0,143060.0,0.0,0.0,hard,32,3,0,10000000,sync_on,hard_p32_w3_i0_t10000000
6.03,905.0066628593186,705.8823529411765,1067.9611650485438,2784082.6666666665,2750504.0,2845428.0,147358.33333333334,143382.0,149575.0,0.0,0.0,hard,32,3,0,10000000,sync_on,hard_p32_w3_i0_t10000000
6.04,1205.8823529411766,1205.8823529411766,1205.8823529411766,2858892.0,2858892.0,2858892.0,143381.0,143381.0,143381.0,0.0,0.0,hard,32,3,0,10000000,sync_on,hard_p32_w3_i0_t10000000
6.05,528.8461538461539,528.8461538461539,528.8461538461539,2834396.0,2834396.0,2834396.0,143092.0,143092.0,143092.0,0.0,0.0,hard,32,3,0,10000000,sync_on,hard_p32_w3_i0_t10000000
6.13,762.3762376237623,762.3762376237623,762.3762376237623,2756556.0,2756556.0,2756556.0,150162.0,150162.0,150162.0,0.0,0.0,hard,32,3,0,10000000,sync_on,hard_p32_w3_i0_t10000000
6.14,1173.043974871502,1048.5436893203885,1245.0980392156864,2819510.6666666665,2750780.0,2859344.0,146177.0,143444.0,151639.0,0.0,0.0,hard,32,3,0,10000000,sync_on,hard_p32_w3_i0_t10000000
6.15,596.1538461538462,596.1538461538462,596.1538461538462,2834584.0,2834584.0,2834584.0,143124.0,143124.0,143124.0,0.0,0.0,hard,32,3,0,10000000,sync_on,hard_p32_w3_i0_t10000000
6.23,970.873786407767,970.873786407767,970.873786407767,2756904.0,2756904.0,2756904.0,151741.0,151741.0,151741.0,0.0,0.0,hard,32,3,0,10000000,sync_on,hard_p32_w3_i0_t10000000
6.24,1038.9301351608606,784.3137254901961,1245.0980392156864,2820412.0,2751204.0,2859616.0,146479.33333333334,143502.0,152422.0,0.0,0.0,hard,32,3,0,10000000,sync_on,hard_p32_w3_i0_t10000000
6.25,692.3076923076924,692.3076923076924,692.3076923076924,2834760.0,2834760.0,2834760.0,143857.0,143857.0,143857.0,0.0,0.0,hard,32,3,0,10000000,sync_on,hard_p32_w3_i0_t10000000
6.33,1019.4174757281554,1019.4174757281554,1019.4174757281554,2748908.0,2748908.0,2748908.0,143470.0,143470.0,143470.0,0.0,0.0,hard,32,3,0,10000000,sync_on,hard_p32_w3_i0_t10000000
6.34,1159.700297044995,952.8301886792453,1320.3883495145633,2819064.0,2745804.0,2860108.0,143537.33333333334,143466.0,143578.0,0.0,0.0,hard,32,3,0,10000000,sync_on,hard_p32_w3_i0_t10000000
6.36,567.3076923076924,567.3076923076924,567.3076923076924,2834996.0,2834996.0,2834996.0,145258.0,145258.0,145258.0,0.0,0.0,hard,32,3,0,10000000,sync_on,hard_p32_w3_i0_t10000000
6.44,1336.5384615384617,1317.3076923076924,1355.769230769231,2803064.0,2754124.0,2852004.0,143592.0,143537.0,143647.0,0.0,0.0,hard,32,3,0,10000000,sync_on,hard_p32_w3_i0_t10000000
6.45,1175.4235674852466,1137.2549019607843,1213.5922330097087,2804702.0,2749036.0,2860368.0,143581.5,143535.0,143628.0,0.0,0.0,hard,32,3,0,10000000,sync_on,hard_p32_w3_i0_t10000000
6.46,0.0,0.0,0.0,2834996.0,2834996.0,2834996.0,145258.0,145258.0,145258.0,0.0,0.0,hard,32,3,0,10000000,sync_on,hard_p32_w3_i0_t10000000
6.54,1168.3168316831682,1168.3168316831682,1168.3168316831682,2756336.0,2756336.0,2756336.0,143592.0,143592.0,143592.0,0.0,0.0,hard,32,3,0,10000000,sync_on,hard_p32_w3_i0_t10000000
6.55,1175.9685962885267,1089.108910891089,1242.7184466019419,2821350.6666666665,2750816.0,2860724.0,143665.66666666666,143599.0,143707.0,0.0,0.0,hard,32,3,0,10000000,sync_on,hard_p32_w3_i0_t10000000
6.57,0.0,0.0,0.0,2834996.0,2834996.0,2834996.0,145258.0,145258.0,145258.0,0.0,0.0,hard,32,3,0,10000000,sync_on,hard_p32_w3_i0_t10000000
6.64,1252.4271844660195,1252.4271844660195,1252.4271844660195,2757480.0,2757480.0,2757480.0,143660.0,143660.0,143660.0,0.0,0.0,hard,32,3,0,10000000,sync_on,hard_p32_w3_i0_t10000000
6.65,1336.6013071895425,1274.5098039215686,1401.9607843137255,2821949.3333333335,2751700.0,2861040.0,143732.33333333334,143664.0,143777.0,0.0,0.0,hard,32,3,0,10000000,sync_on,hard_p32_w3_i0_t10000000
6.67,0.0,0.0,0.0,2834996.0,2834996.0,2834996.0,145258.0,145258.0,145258.0,0.0,0.0,hard,32,3,0,10000000,sync_on,hard_p32_w3_i0_t10000000
6.74,1297.029702970297,1297.029702970297,1297.029702970297,2758584.0,2758584.0,2758584.0,143729.0,143729.0,143729.0,0.0,0.0,hard,32,3,0,10000000,sync_on,hard_p32_w3_i0_t10000000
6.75,1297.3856209150329,1264.7058823529412,1343.137254901961,2822528.0,2752616.0,2861484.0,143804.33333333334,143740.0,143849.0,0.0,0.0,hard,32,3,0,10000000,sync_on,hard_p32_w3_i0_t10000000
6.77,0.0,0.0,0.0,2834996.0,2834996.0,2834996.0,145258.0,145258.0,145258.0,0.0,0.0,hard,32,3,0,10000000,sync_on,hard_p32_w3_i0_t10000000
6.84,1254.9019607843138,1254.9019607843138,1254.9019607843138,2759136.0,2759136.0,2759136.0,143795.0,143795.0,143795.0,0.0,0.0,hard,32,3,0,10000000,sync_on,hard_p32_w3_i0_t10000000
6.85,1255.775577557756,1215.686274509804,1284.3137254901962,2822997.3333333335,2753260.0,2861904.0,143864.33333333334,143789.0,143916.0,0.0,0.0,hard,32,3,0,10000000,sync_on,hard_p32_w3_i0_t10000000
6.88,0.0,0.0,0.0,2834996.0,2834996.0,2834996.0,145258.0,145258.0,145258.0,0.0,0.0,hard,32,3,0,10000000,sync_on,hard_p32_w3_i0_t10000000
6.95,1137.2549019607843,1137.2549019607843,1137.2549019607843,2759608.0,2759608.0,2759608.0,140072.0,140072.0,140072.0,0.0,0.0,hard,32,3,0,10000000,sync_on,hard_p32_w3_i0_t10000000
6.96,1213.1724484665663,1153.8461538461538,1254.9019607843138,2823380.0,2753776.0,2862144.0,143931.33333333334,143853.0,143984.0,0.0,0.0,hard,32,3,0,10000000,sync_on,hard_p32_w3_i0_t10000000
6.98,0.0,0.0,0.0,2834996.0,2834996.0,2834996.0,145258.0,145258.0,145258.0,0.0,0.0,hard,32,3,0,10000000,sync_on,hard_p32_w3_i0_t10000000
7.05,1245.0980392156864,1245.0980392156864,1245.0980392156864,2760044.0,2760044.0,2760044.0,140141.0,140141.0,140141.0,0.0,0.0,hard,32,3,0,10000000,sync_on,hard_p32_w3_i0_t10000000
7.06,1241.6732623488595,1192.3076923076924,1336.6336633663366,2823737.3333333335,2754192.0,2862392.0,143998.33333333334,143913.0,144056.0,0.0,0.0,hard,32,3,0,10000000,sync_on,hard_p32_w3_i0_t10000000
7.08,0.0,0.0,0.0,2834996.0,2834996.0,2834996.0,145258.0,145258.0,145258.0,0.0,0.0,hard,32,3,0,10000000,sync_on,hard_p32_w3_i0_t10000000
7.15,1156.8627450980393,1156.8627450980393,1156.8627450980393,2760344.0,2760344.0,2760344.0,140213.0,140213.0,140213.0,0.0,0.0,hard,32,3,0,10000000,sync_on,hard_p32_w3_i0_t10000000
7.16,1238.562091503268,1039.2156862745098,1392.1568627450981,2824121.3333333335,2754668.0,2862760.0,144066.33333333334,143972.0,144124.0,0.0,0.0,hard,32,3,0,10000000,sync_on,hard_p32_w3_i0_t10000000
7.19,0.0,0.0,0.0,2834996.0,2834996.0,2834996.0,145258.0,145258.0,145258.0,0.0,0.0,hard,32,3,0,10000000,sync_on,hard_p32_w3_i0_t10000000
7.25,1262.1359223300972,1262.1359223300972,1262.1359223300972,2760576.0,2760576.0,2760576.0,140280.0,140280.0,140280.0,0.0,0.0,hard,32,3,0,10000000,sync_on,hard_p32_w3_i0_t10000000
7.26,1264.7058823529412,1254.9019607843138,1274.5098039215686,2805210.0,2754996.0,2855424.0,140332.0,140256.0,140408.0,0.0,0.0,hard,32,3,0,10000000,sync_on,hard_p32_w3_i0_t10000000
7.27,745.0980392156863,745.0980392156863,745.0980392156863,2862972.0,2862972.0,2862972.0,144398.0,144398.0,144398.0,0.0,0.0,hard,32,3,0,10000000,sync_on,hard_p32_w3_i0_t10000000
7.29,9.615384615384615,9.615384615384615,9.615384615384615,2834996.0,2834996.0,2834996.0,145258.0,145258.0,145258.0,0.0,0.0,hard,32,3,0,10000000,sync_on,hard_p32_w3_i0_t10000000
7.36,1151.9607843137255,1088.235294117647,1215.686274509804,2808308.0,2760872.0,2855744.0,138521.0,136697.0,140345.0,0.0,0.0,hard,32,3,0,10000000,sync_on,hard_p32_w3_i0_t10000000
7.37,720.5882352941177,107.84313725490196,1333.3333333333335,2809178.0,2755300.0,2863056.0,142363.0,140328.0,144398.0,0.0,0.0,hard,32,3,0,10000000,sync_on,hard_p32_w3_i0_t10000000
7.4,173.0769230769231,173.0769230769231,173.0769230769231,2835024.0,2835024.0,2835024.0,145578.0,145578.0,145578.0,0.0,0.0,hard,32,3,0,10000000,sync_on,hard_p32_w3_i0_t10000000
7.46,1274.5098039215686,1274.5098039215686,1274.5098039215686,2761236.0,2761236.0,2761236.0,140407.0,140407.0,140407.0,0.0,0.0,hard,32,3,0,10000000,sync_on,hard_p32_w3_i0_t10000000
7.47,811.2116641528406,96.15384615384616,1288.4615384615386,2824961.3333333335,2755632.0,2863104.0,139309.66666666666,136760.0,144407.0,0.0,0.0,hard,32,3,0,10000000,sync_on,hard_p32_w3_i0_t10000000
7.5,384.61538461538464,384.61538461538464,384.61538461538464,2835176.0,2835176.0,2835176.0,147370.0,147370.0,147370.0,0.0,0.0,hard,32,3,0,10000000,sync_on,hard_p32_w3_i0_t10000000
7.56,1019.2307692307693,1019.2307692307693,1019.2307692307693,2761492.0,2761492.0,2761492.0,136688.0,136688.0,136688.0,0.0,0.0,hard,32,3,0,10000000,sync_on,hard_p32_w3_i0_t10000000
7.57,1230.3921568627452,1196.0784313725492,1264.7058823529412,2806242.0,2756020.0,2856464.0,134857.5,132892.0,136823.0,0.0,0.0,hard,32,3,0,10000000,sync_on,hard_p32_w3_i0_t10000000
7.58,174.75728155339806,174.75728155339806,174.75728155339806,2863232.0,2863232.0,2863232.0,140375.0,140375.0,140375.0,0.0,0.0,hard,32,3,0,10000000,sync_on,hard_p32_w3_i0_t10000000
7.6,0.0,0.0,0.0,2835176.0,2835176.0,2835176.0,147370.0,147370.0,147370.0,0.0,0.0,hard,32,3,0,10000000,sync_on,hard_p32_w3_i0_t10000000
7.66,1257.4257425742574,1257.4257425742574,1257.4257425742574,2761740.0,2761740.0,2761740.0,136752.0,136752.0,136752.0,0.0,0.0,hard,32,3,0,10000000,sync_on,hard_p32_w3_i0_t10000000
7.67,1305.1349252572315,1247.5247524752474,1362.7450980392157,2806638.0,2756464.0,2856812.0,134924.0,132953.0,136895.0,0.0,0.0,hard,32,3,0,10000000,sync_on,hard_p32_w3_i0_t10000000
7.68,355.7692307692308,355.7692307692308,355.7692307692308,2863292.0,2863292.0,2863292.0,140393.0,140393.0,140393.0,0.0,0.0,hard,32,3,0,10000000,sync_on,hard_p32_w3_i0_t10000000
7.71,0.0,0.0,0.0,2835176.0,2835176.0,2835176.0,147370.0,147370.0,147370.0,0.0,0.0,hard,32,3,0,10000000,sync_on,hard_p32_w3_i0_t10000000
7.77,1309.3107387661844,1173.076923076923,1445.5445544554455,2809508.0,2761960.0,2857056.0,136894.5,136812.0,136977.0,0.0,0.0,hard,32,3,0,10000000,sync_on,hard_p32_w3_i0_t10000000
7.78,911.3095238095239,375.0,1447.6190476190477,2810114.0,2756692.0,2863536.0,136720.0,133028.0,140412.0,0.0,0.0,hard,32,3,0,10000000,sync_on,hard_p32_w3_i0_t10000000
7.81,0.0,0.0,0.0,2835176.0,2835176.0,2835176.0,147370.0,147370.0,147370.0,0.0,0.0,hard,32,3,0,10000000,sync_on,hard_p32_w3_i0_t10000000
7.87,1539.2156862745098,1539.2156862745098,1539.2156862745098,2762428.0,2762428.0,2762428.0,136887.0,136887.0,136887.0,0.0,0.0,hard,32,3,0,10000000,sync_on,hard_p32_w3_i0_t10000000
7.88,1094.7258187357197,900.990099009901,1288.4615384615386,2807096.0,2756892.0,2857300.0,135060.0,133080.0,137040.0,0.0,0.0,hard,32,3,0,10000000,sync_on,hard_p32_w3_i0_t10000000
7.89,96.15384615384616,96.15384615384616,96.15384615384616,2863616.0,2863616.0,2863616.0,140679.0,140679.0,140679.0,0.0,0.0,hard,32,3,0,10000000,sync_on,hard_p32_w3_i0_t10000000
7.92,0.0,0.0,0.0,2835176.0,2835176.0,2835176.0,147370.0,147370.0,147370.0,0.0,0.0,hard,32,3,0,10000000,sync_on,hard_p32_w3_i0_t10000000
7.97,1407.7669902912621,1407.7669902912621,1407.7669902912621,2762712.0,2762712.0,2762712.0,137119.0,137119.0,137119.0,0.0,0.0,hard,32,3,0,10000000,sync_on,hard_p32_w3_i0_t10000000
7.98,1127.7841233580812,932.0388349514564,1323.5294117647059,2807310.0,2757072.0,2857548.0,135123.5,133141.0,137106.0,0.0,0.0,hard,32,3,0,10000000,sync_on,hard_p32_w3_i0_t10000000
7.99,76.92307692307692,76.92307692307692,76.92307692307692,2863640.0,2863640.0,2863640.0,140686.0,140686.0,140686.0,0.0,0.0,hard,32,3,0,10000000,sync_on,hard_p32_w3_i0_t10000000
8.02,0.0,0.0,0.0,2835176.0,2835176.0,2835176.0,147370.0,147370.0,147370.0,0.0,0.0,hard,32,3,0,10000000,sync_on,hard_p32_w3_i0_t10000000
8.07,831.6831683168316,831.6831683168316,831.6831683168316,2763012.0,2763012.0,2763012.0,138854.0,138854.0,138854.0,0.0,0.0,hard,32,3,0,10000000,sync_on,hard_p32_w3_i0_t10000000
8.08,874.1195507329146,679.6116504854369,1068.6274509803923,2807452.0,2757168.0,2857736.0,135172.0,133174.0,137170.0,0.0,0.0,hard,32,3,0,10000000,sync_on,hard_p32_w3_i0_t10000000
8.1,375.0,375.0,375.0,2863672.0,2863672.0,2863672.0,136671.0,136671.0,136671.0,0.0,0.0,hard,32,3,0,10000000,sync_on,hard_p32_w3_i0_t10000000
8.12,0.0,0.0,0.0,2835176.0,2835176.0,2835176.0,147370.0,147370.0,147370.0,0.0,0.0,hard,32,3,0,10000000,sync_on,hard_p32_w3_i0_t10000000
8.18,1160.95564439368,1156.8627450980393,1165.0485436893205,2809830.0,2761708.0,2857952.0,135265.0,133296.0,137234.0,0.0,0.0,hard,32,3,0,10000000,sync_on,hard_p32_w3_i0_t10000000
8.19,711.5384615384615,711.5384615384615,711.5384615384615,2757328.0,2757328.0,2757328.0,133222.0,133222.0,133222.0,0.0,0.0,hard,32,3,0,10000000,sync_on,hard_p32_w3_i0_t10000000
8.2,288.46153846153845,288.46153846153845,288.46153846153845,2863740.0,2863740.0,2863740.0,136686.0,136686.0,136686.0,0.0,0.0,hard,32,3,0,10000000,sync_on,hard_p32_w3_i0_t10000000
8.23,0.0,0.0,0.0,2835176.0,2835176.0,2835176.0,147370.0,147370.0,147370.0,0.0,0.0,hard,32,3,0,10000000,sync_on,hard_p32_w3_i0_t10000000
8.28,1240.1960784313726,1176.4705882352941,1303.921568627451,2810308.0,2762264.0,2858352.0,135325.5,133361.0,137290.0,0.0,0.0,hard,32,3,0,10000000,sync_on,hard_p32_w3_i0_t10000000
8.29,884.6153846153846,884.6153846153846,884.6153846153846,2757524.0,2757524.0,2757524.0,133260.0,133260.0,133260.0,0.0,0.0,hard,32,3,0,10000000,sync_on,hard_p32_w3_i0_t10000000
8.3,490.3846153846154,490.3846153846154,490.3846153846154,2863896.0,2863896.0,2863896.0,136716.0,136716.0,136716.0,0.0,0.0,hard,32,3,0,10000000,sync_on,hard_p32_w3_i0_t10000000
8.33,0.0,0.0,0.0,2835176.0,2835176.0,2835176.0,147370.0,147370.0,147370.0,0.0,0.0,hard,32,3,0,10000000,sync_on,hard_p32_w3_i0_t10000000
8.38,1166.6666666666667,1166.6666666666667,1166.6666666666667,2762652.0,2762652.0,2762652.0,133423.0,133423.0,133423.0,0.0,0.0,hard,32,3,0,10000000,sync_on,hard_p32_w3_i0_t10000000
8.39,937.7498572244432,699.0291262135922,1176.4705882352941,2808154.0,2757652.0,2858656.0,135327.5,133304.0,137351.0,0.0,0.0,hard,32,3,0,10000000,sync_on,hard_p32_w3_i0_t10000000
8.41,669.9029126213593,669.9029126213593,669.9029126213593,2864016.0,2864016.0,2864016.0,136746.0,136746.0,136746.0,0.0,0.0,hard,32,3,0,10000000,sync_on,hard_p32_w3_i0_t10000000
8.43,0.0,0.0,0.0,2835176.0,2835176.0,2835176.0,147370.0,147370.0,147370.0,0.0,0.0,hard,32,3,0,10000000,sync_on,hard_p32_w3_i0_t10000000
8.48,1158.4158415841584,1158.4158415841584,1158.4158415841584,2763164.0,2763164.0,2763164.0,133473.0,133473.0,133473.0,0.0,0.0,hard,32,3,0,10000000,sync_on,hard_p32_w3_i0_t10000000
8.49,1254.9019607843138,1254.9019607843138,1254.9019607843138,2858892.0,2858892.0,2858892.0,137412.0,137412.0,137412.0,0.0,0.0,hard,32,3,0,10000000,sync_on,hard_p32_w3_i0_t10000000
8.5,855.7692307692308,855.7692307692308,855.7692307692308,2757844.0,2757844.0,2757844.0,133340.0,133340.0,133340.0,0.0,0.0,hard,32,3,0,10000000,sync_on,hard_p32_w3_i0_t10000000
8.51,509.61538461538464,509.61538461538464,509.61538461538464,2864132.0,2864132.0,2864132.0,136777.0,136777.0,136777.0,0.0,0.0,hard,32,3,0,10000000,sync_on,hard_p32_w3_i0_t10000000
8.54,115.38461538461539,115.38461538461539,115.38461538461539,2835192.0,2835192.0,2835192.0,147374.0,147374.0,147374.0,0.0,0.0,hard,32,3,0,10000000,sync_on,hard_p32_w3_i0_t10000000
8.59,1247.0776772247361,1196.0784313725492,1298.076923076923,2811414.0,2763696.0,2859132.0,135511.5,133540.0,137483.0,0.0,0.0,hard,32,3,0,10000000,sync_on,hard_p32_w3_i0_t10000000
8.6,504.8543689320389,504.8543689320389,504.8543689320389,2757936.0,2757936.0,2757936.0,133368.0,133368.0,133368.0,0.0,0.0,hard,32,3,0,10000000,sync_on,hard_p32_w3_i0_t10000000
8.61,471.1538461538462,471.1538461538462,471.1538461538462,2864316.0,2864316.0,2864316.0,136790.0,136790.0,136790.0,0.0,0.0,hard,32,3,0,10000000,sync_on,hard_p32_w3_i0_t10000000
8.64,317.3076923076923,317.3076923076923,317.3076923076923,2835388.0,2835388.0,2835388.0,149226.0,149226.0,149226.0,0.0,0.0,hard,32,3,0,10000000,sync_on,hard_p32_w3_i0_t10000000
8.69,1229.630687226347,1155.3398058252428,1303.921568627451,2811742.0,2764024.0,2859460.0,135575.5,133602.0,137549.0,0.0,0.0,hard,32,3,0,10000000,sync_on,hard_p32_w3_i0_t10000000
8.7,730.7692307692308,730.7692307692308,730.7692307692308,2758092.0,2758092.0,2758092.0,133413.0,133413.0,133413.0,0.0,0.0,hard,32,3,0,10000000,sync_on,hard_p32_w3_i0_t10000000
8.72,317.3076923076923,317.3076923076923,317.3076923076923,2864348.0,2864348.0,2864348.0,136815.0,136815.0,136815.0,0.0,0.0,hard,32,3,0,10000000,sync_on,hard_p32_w3_i0_t10000000
8.75,9.615384615384615,9.615384615384615,9.615384615384615,2835432.0,2835432.0,2835432.0,149461.0,149461.0,149461.0,0.0,0.0,hard,32,3,0,10000000,sync_on,hard_p32_w3_i0_t10000000
8.79,1177.1500679479714,1138.6138613861385,1215.686274509804,2812102.0,2764240.0,2859964.0,133751.5,133665.0,133838.0,0.0,0.0,hard,32,3,0,10000000,sync_on,hard_p32_w3_i0_t10000000
8.81,711.5384615384615,711.5384615384615,711.5384615384615,2758312.0,2758312.0,2758312.0,133447.0,133447.0,133447.0,0.0,0.0,hard,32,3,0,10000000,sync_on,hard_p32_w3_i0_t10000000
8.82,461.53846153846155,461.53846153846155,461.53846153846155,2864484.0,2864484.0,2864484.0,136831.0,136831.0,136831.0,0.0,0.0,hard,32,3,0,10000000,sync_on,hard_p32_w3_i0_t10000000
8.85,0.0,0.0,0.0,2835432.0,2835432.0,2835432.0,149461.0,149461.0,149461.0,0.0,0.0,hard,32,3,0,10000000,sync_on,hard_p32_w3_i0_t10000000
8.89,1226.4150943396228,1226.4150943396228,1226.4150943396228,2764768.0,2764768.0,2764768.0,133727.0,133727.0,133727.0,0.0,0.0,hard,32,3,0,10000000,sync_on,hard_p32_w3_i0_t10000000
8.9,1235.294117647059,1235.294117647059,1235.294117647059,2860292.0,2860292.0,2860292.0,133899.0,133899.0,133899.0,0.0,0.0,hard,32,3,0,10000000,sync_on,hard_p32_w3_i0_t10000000
8.91,572.8155339805826,572.8155339805826,572.8155339805826,2758508.0,2758508.0,2758508.0,133480.0,133480.0,133480.0,0.0,0.0,hard,32,3,0,10000000,sync_on,hard_p32_w3_i0_t10000000
8.93,417.4757281553398,417.4757281553398,417.4757281553398,2864552.0,2864552.0,2864552.0,136856.0,136856.0,136856.0,0.0,0.0,hard,32,3,0,10000000,sync_on,hard_p32_w3_i0_t10000000
8.95,0.0,0.0,0.0,2835432.0,2835432.0,2835432.0,149461.0,149461.0,149461.0,0.0,0.0,hard,32,3,0,10000000,sync_on,hard_p32_w3_i0_t10000000
9.0,1330.921553693831,1277.227722772277,1384.6153846153848,2812908.0,2765236.0,2860580.0,133885.0,133793.0,133977.0,0.0,0.0,hard,32,3,0,10000000,sync_on,hard_p32_w3_i0_t10000000
9.02,884.6153846153846,884.6153846153846,884.6153846153846,2758740.0,2758740.0,2758740.0,133526.0,133526.0,133526.0,0.0,0.0,hard,32,3,0,10000000,sync_on,hard_p32_w3_i0_t10000000
9.03,528.8461538461539,528.8461538461539,528.8461538461539,2864684.0,2864684.0,2864684.0,136887.0,136887.0,136887.0,0.0,0.0,hard,32,3,0,10000000,sync_on,hard_p32_w3_i0_t10000000
9.06,0.0,0.0,0.0,2835432.0,2835432.0,2835432.0,149461.0,149461.0,149461.0,0.0,0.0,hard,32,3,0,10000000,sync_on,hard_p32_w3_i0_t10000000
9.1,1215.686274509804,1205.8823529411766,1225.4901960784314,2813254.0,2765616.0,2860892.0,133950.5,133859.0,134042.0,0.0,0.0,hard,32,3,0,10000000,sync_on,hard_p32_w3_i0_t10000000
9.12,466.0194174757282,466.0194174757282,466.0194174757282,2758808.0,2758808.0,2758808.0,133547.0,133547.0,133547.0,0.0,0.0,hard,32,3,0,10000000,sync_on,hard_p32_w3_i0_t10000000
9.13,615.3846153846154,615.3846153846154,615.3846153846154,2864824.0,2864824.0,2864824.0,136922.0,136922.0,136922.0,0.0,0.0,hard,32,3,0,10000000,sync_on,hard_p32_w3_i0_t10000000
9.16,0.0,0.0,0.0,2835432.0,2835432.0,2835432.0,149461.0,149461.0,149461.0,0.0,0.0,hard,32,3,0,10000000,sync_on,hard_p32_w3_i0_t10000000
9.2,1333.3333333333335,1333.3333333333335,1333.3333333333335,2766012.0,2766012.0,2766012.0,133930.0,133930.0,133930.0,0.0,0.0,hard,32,3,0,10000000,sync_on,hard_p32_w3_i0_t10000000
9.21,1339.622641509434,1339.622641509434,1339.622641509434,2861168.0,2861168.0,2861168.0,134104.0,134104.0,134104.0,0.0,0.0,hard,32,3,0,10000000,sync_on,hard_p32_w3_i0_t10000000
9.22,475.7281553398058,475.7281553398058,475.7281553398058,2758896.0,2758896.0,2758896.0,133582.0,133582.0,133582.0,0.0,0.0,hard,32,3,0,10000000,sync_on,hard_p32_w3_i0_t10000000
9.24,298.0769230769231,298.0769230769231,298.0769230769231,2864868.0,2864868.0,2864868.0,136940.0,136940.0,136940.0,0.0,0.0,hard,32,3,0,10000000,sync_on,hard_p32_w3_i0_t10000000
9.27,0.0,0.0,0.0,2835432.0,2835432.0,2835432.0,149461.0,149461.0,149461.0,0.0,0.0,hard,32,3,0,10000000,sync_on,hard_p32_w3_i0_t10000000
9.3,1203.883495145631,1203.883495145631,1203.883495145631,2766260.0,2766260.0,2766260.0,133992.0,133992.0,133992.0,0.0,0.0,hard,32,3,0,10000000,sync_on,hard_p32_w3_i0_t10000000
9.31,1235.294117647059,1235.294117647059,1235.294117647059,2861624.0,2861624.0,2861624.0,134796.0,134796.0,134796.0,0.0,0.0,hard,32,3,0,10000000,sync_on,hard_p32_w3_i0_t10000000
9.32,480.7692307692308,480.7692307692308,480.7692307692308,2758988.0,2758988.0,2758988.0,133603.0,133603.0,133603.0,0.0,0.0,hard,32,3,0,10000000,sync_on,hard_p32_w3_i0_t10000000
9.34,461.53846153846155,461.53846153846155,461.53846153846155,2864992.0,2864992.0,2864992.0,136968.0,136968.0,136968.0,0.0,0.0,hard,32,3,0,10000000,sync_on,hard_p32_w3_i0_t10000000
9.37,0.0,0.0,0.0,2835432.0,2835432.0,2835432.0,149461.0,149461.0,149461.0,0.0,0.0,hard,32,3,0,10000000,sync_on,hard_p32_w3_i0_t10000000
9.4,1274.5098039215686,1274.5098039215686,1274.5098039215686,2766696.0,2766696.0,2766696.0,134056.0,134056.0,134056.0,0.0,0.0,hard,32,3,0,10000000,sync_on,hard_p32_w3_i0_t10000000
9.41,712.8712871287129,712.8712871287129,712.8712871287129,2861896.0,2861896.0,2861896.0,136064.0,136064.0,136064.0,0.0,0.0,hard,32,3,0,10000000,sync_on,hard_p32_w3_i0_t10000000
9.43,961.5384615384615,961.5384615384615,961.5384615384615,2759212.0,2759212.0,2759212.0,133657.0,133657.0,133657.0,0.0,0.0,hard,32,3,0,10000000,sync_on,hard_p32_w3_i0_t10000000
9.45,730.7692307692308,730.7692307692308,730.7692307692308,2865168.0,2865168.0,2865168.0,136999.0,136999.0,136999.0,0.0,0.0,hard,32,3,0,10000000,sync_on,hard_p32_w3_i0_t10000000
9.47,0.0,0.0,0.0,2835432.0,2835432.0,2835432.0,149461.0,149461.0,149461.0,0.0,0.0,hard,32,3,0,10000000,sync_on,hard_p32_w3_i0_t10000000
9.51,1231.4599106969522,1217.8217821782177,1245.0980392156864,2813780.0,2766932.0,2860628.0,134203.0,134123.0,134283.0,0.0,0.0,hard,32,3,0,10000000,sync_on,hard_p32_w3_i0_t10000000
9.53,640.7766990291262,640.7766990291262,640.7766990291262,2759320.0,2759320.0,2759320.0,133687.0,133687.0,133687.0,0.0,0.0,hard,32,3,0,10000000,sync_on,hard_p32_w3_i0_t10000000
9.55,528.8461538461539,528.8461538461539,528.8461538461539,2865284.0,2865284.0,2865284.0,137025.0,137025.0,137025.0,0.0,0.0,hard,32,3,0,10000000,sync_on,hard_p32_w3_i0_t10000000
9.58,0.0,0.0,0.0,2835432.0,2835432.0,2835432.0,149461.0,149461.0,149461.0,0.0,0.0,hard,32,3,0,10000000,sync_on,hard_p32_w3_i0_t10000000
9.61,1205.8823529411766,1205.8823529411766,1205.8823529411766,2767264.0,2767264.0,2767264.0,134192.0,134192.0,134192.0,0.0,0.0,hard,32,3,0,10000000,sync_on,hard_p32_w3_i0_t10000000
9.62,1097.0873786407767,1097.0873786407767,1097.0873786407767,2860936.0,2860936.0,2860936.0,134338.0,134338.0,134338.0,0.0,0.0,hard,32,3,0,10000000,sync_on,hard_p32_w3_i0_t10000000
9.63,601.9417475728155,601.9417475728155,601.9417475728155,2759432.0,2759432.0,2759432.0,133720.0,133720.0,133720.0,0.0,0.0,hard,32,3,0,10000000,sync_on,hard_p32_w3_i0_t10000000
9.65,519.2307692307693,519.2307692307693,519.2307692307693,2865356.0,2865356.0,2865356.0,137060.0,137060.0,137060.0,0.0,0.0,hard,32,3,0,10000000,sync_on,hard_p32_w3_i0_t10000000
9.68,96.15384615384616,96.15384615384616,96.15384615384616,2835600.0,2835600.0,2835600.0,149462.0,149462.0,149462.0,0.0,0.0,hard,32,3,0,10000000,sync_on,hard_p32_w3_i0_t10000000
9.71,1155.3398058252428,1155.3398058252428,1155.3398058252428,2767652.0,2767652.0,2767652.0,134253.0,134253.0,134253.0,0.0,0.0,hard,32,3,0,10000000,sync_on,hard_p32_w3_i0_t10000000
9.72,1166.6666666666667,1166.6666666666667,1166.6666666666667,2861444.0,2861444.0,2861444.0,134590.0,134590.0,134590.0,0.0,0.0,hard,32,3,0,10000000,sync_on,hard_p32_w3_i0_t10000000
9.74,519.2307692307693,519.2307692307693,519.2307692307693,2759604.0,2759604.0,2759604.0,133752.0,133752.0,133752.0,0.0,0.0,hard,32,3,0,10000000,sync_on,hard_p32_w3_i0_t10000000
9.76,689.3203883495146,689.3203883495146,689.3203883495146,2865592.0,2865592.0,2865592.0,137097.0,137097.0,137097.0,0.0,0.0,hard,32,3,0,10000000,sync_on,hard_p32_w3_i0_t10000000
9.79,211.53846153846155,211.53846153846155,211.53846153846155,2835652.0,2835652.0,2835652.0,151080.0,151080.0,151080.0,0.0,0.0,hard,32,3,0,10000000,sync_on,hard_p32_w3_i0_t10000000
9.81,1196.0784313725492,1196.0784313725492,1196.0784313725492,2767880.0,2767880.0,2767880.0,134314.0,134314.0,134314.0,0.0,0.0,hard,32,3,0,10000000,sync_on,hard_p32_w3_i0_t10000000
9.82,1117.6470588235295,1117.6470588235295,1117.6470588235295,2861900.0,2861900.0,2861900.0,136306.0,136306.0,136306.0,0.0,0.0,hard,32,3,0,10000000,sync_on,hard_p32_w3_i0_t10000000
9.84,864.0776699029127,864.0776699029127,864.0776699029127,2759788.0,2759788.0,2759788.0,133801.0,133801.0,133801.0,0.0,0.0,hard,32,3,0,10000000,sync_on,hard_p32_w3_i0_t10000000
9.86,432.69230769230774,432.69230769230774,432.69230769230774,2865660.0,2865660.0,2865660.0,137116.0,137116.0,137116.0,0.0,0.0,hard,32,3,0,10000000,sync_on,hard_p32_w3_i0_t10000000
9.89,163.46153846153848,163.46153846153848,163.46153846153848,2835704.0,2835704.0,2835704.0,151397.0,151397.0,151397.0,0.0,0.0,hard,32,3,0,10000000,sync_on,hard_p32_w3_i0_t10000000
9.91,1237.6237623762374,1237.6237623762374,1237.6237623762374,2768324.0,2768324.0,2768324.0,134383.0,134383.0,134383.0,0.0,0.0,hard,32,3,0,10000000,sync_on,hard_p32_w3_i0_t10000000
9.92,960.7843137254903,960.7843137254903,960.7843137254903,2861188.0,2861188.0,2861188.0,136350.0,136350.0,136350.0,0.0,0.0,hard,32,3,0,10000000,sync_on,hard_p32_w3_i0_t10000000
9.95,576.9230769230769,576.9230769230769,576.9230769230769,2759956.0,2759956.0,2759956.0,134186.0,134186.0,134186.0,0.0,0.0,hard,32,3,0,10000000,sync_on,hard_p32_w3_i0_t10000000
9.96,461.53846153846155,461.53846153846155,461.53846153846155,2865764.0,2865764.0,2865764.0,137150.0,137150.0,137150.0,0.0,0.0,hard,32,3,0,10000000,sync_on,hard_p32_w3_i0_t10000000
9.99,0.0,0.0,0.0,2835704.0,2835704.0,2835704.0,151397.0,151397.0,151397.0,0.0,0.0,hard,32,3,0,10000000,sync_on,hard_p32_w3_i0_t10000000
10.02,1084.7473604826546,813.7254901960785,1355.769230769231,2814416.0,2768760.0,2860072.0,134499.0,134454.0,134544.0,0.0,0.0,hard,32,3,0,10000000,sync_on,hard_p32_w3_i0_t10000000
10.05,514.5631067961166,514.5631067961166,514.5631067961166,2760232.0,2760232.0,2760232.0,135712.0,135712.0,135712.0,0.0,0.0,hard,32,3,0,10000000,sync_on,hard_p32_w3_i0_t10000000
10.07,634.6153846153846,634.6153846153846,634.6153846153846,2865840.0,2865840.0,2865840.0,137186.0,137186.0,137186.0,0.0,0.0,hard,32,3,0,10000000,sync_on,hard_p32_w3_i0_t10000000
10.1,0.0,0.0,0.0,2835704.0,2835704.0,2835704.0,151397.0,151397.0,151397.0,0.0,0.0,hard,32,3,0,10000000,sync_on,hard_p32_w3_i0_t10000000
10.12,1271.8446601941748,1271.8446601941748,1271.8446601941748,2769044.0,2769044.0,2769044.0,134516.0,134516.0,134516.0,0.0,0.0,hard,32,3,0,10000000,sync_on,hard_p32_w3_i0_t10000000
10.13,1254.9019607843138,1254.9019607843138,1254.9019607843138,2860436.0,2860436.0,2860436.0,134610.0,134610.0,134610.0,0.0,0.0,hard,32,3,0,10000000,sync_on,hard_p32_w3_i0_t10000000
10.15,653.8461538461539,653.8461538461539,653.8461538461539,2758876.0,2758876.0,2758876.0,133896.0,133896.0,133896.0,0.0,0.0,hard,32,3,0,10000000,sync_on,hard_p32_w3_i0_t10000000
10.17,495.1456310679612,495.1456310679612,495.1456310679612,2865988.0,2865988.0,2865988.0,137212.0,137212.0,137212.0,0.0,0.0,hard,32,3,0,10000000,sync_on,hard_p32_w3_i0_t10000000
10.2,0.0,0.0,0.0,2835704.0,2835704.0,2835704.0,151397.0,151397.0,151397.0,0.0,0.0,hard,32,3,0,10000000,sync_on,hard_p32_w3_i0_t10000000
10.22,1148.5148514851485,1148.5148514851485,1148.5148514851485,2769640.0,2769640.0,2769640.0,136148.0,136148.0,136148.0,0.0,0.0,hard,32,3,0,10000000,sync_on,hard_p32_w3_i0_t10000000
10.23,1168.3168316831682,1168.3168316831682,1168.3168316831682,2860992.0,2860992.0,2860992.0,134818.0,134818.0,134818.0,0.0,0.0,hard,32,3,0,10000000,sync_on,hard_p32_w3_i0_t10000000
10.26,533.9805825242719,533.9805825242719,533.9805825242719,2758964.0,2758964.0,2758964.0,133930.0,133930.0,133930.0,0.0,0.0,hard,32,3,0,10000000,sync_on,hard_p32_w3_i0_t10000000
10.28,394.2307692307692,394.2307692307692,394.2307692307692,2866072.0,2866072.0,2866072.0,137225.0,137225.0,137225.0,0.0,0.0,hard,32,3,0,10000000,sync_on,hard_p32_w3_i0_t10000000
10.3,0.0,0.0,0.0,2835704.0,2835704.0,2835704.0,151397.0,151397.0,151397.0,0.0,0.0,hard,32,3,0,10000000,sync_on,hard_p32_w3_i0_t10000000
10.32,872.5490196078432,872.5490196078432,872.5490196078432,2768036.0,2768036.0,2768036.0,134615.0,134615.0,134615.0,0.0,0.0,hard,32,3,0,10000000,sync_on,hard_p32_w3_i0_t10000000
10.33,1211.5384615384617,1211.5384615384617,1211.5384615384617,2861768.0,2861768.0,2861768.0,136569.0,136569.0,136569.0,0.0,0.0,hard,32,3,0,10000000,sync_on,hard_p32_w3_i0_t10000000
10.36,750.0,750.0,750.0,2759144.0,2759144.0,2759144.0,133972.0,133972.0,133972.0,0.0,0.0,hard,32,3,0,10000000,sync_on,hard_p32_w3_i0_t10000000
10.38,557.6923076923077,557.6923076923077,557.6923076923077,2866216.0,2866216.0,2866216.0,137251.0,137251.0,137251.0,0.0,0.0,hard,32,3,0,10000000,sync_on,hard_p32_w3_i0_t10000000
10.41,0.0,0.0,0.0,2835704.0,2835704.0,2835704.0,151397.0,151397.0,151397.0,0.0,0.0,hard,32,3,0,10000000,sync_on,hard_p32_w3_i0_t10000000
10.43,1101.4658290500665,901.9607843137255,1300.9708737864078,2814556.0,2768432.0,2860680.0,135312.5,134677.0,135948.0,0.0,0.0,hard,32,3,0,10000000,sync_on,hard_p32_w3_i0_t10000000
10.46,894.2307692307693,894.2307692307693,894.2307692307693,2759428.0,2759428.0,2759428.0,134016.0,134016.0,134016.0,0.0,0.0,hard,32,3,0,10000000,sync_on,hard_p32_w3_i0_t10000000
10.48,519.2307692307693,519.2307692307693,519.2307692307693,2866416.0,2866416.0,2866416.0,137278.0,137278.0,137278.0,0.0,0.0,hard,32,3,0,10000000,sync_on,hard_p32_w3_i0_t10000000
10.51,0.0,0.0,0.0,2835704.0,2835704.0,2835704.0,151397.0,151397.0,151397.0,0.0,0.0,hard,32,3,0,10000000,sync_on,hard_p32_w3_i0_t10000000
10.53,1049.5049504950493,1049.5049504950493,1049.5049504950493,2768948.0,2768948.0,2768948.0,136562.0,136562.0,136562.0,0.0,0.0,hard,32,3,0,10000000,sync_on,hard_p32_w3_i0_t10000000
10.54,892.1568627450981,892.1568627450981,892.1568627450981,2859600.0,2859600.0,2859600.0,135448.0,135448.0,135448.0,0.0,0.0,hard,32,3,0,10000000,sync_on,hard_p32_w3_i0_t10000000
10.57,699.0291262135922,699.0291262135922,699.0291262135922,2759756.0,2759756.0,2759756.0,134051.0,134051.0,134051.0,0.0,0.0,hard,32,3,0,10000000,sync_on,hard_p32_w3_i0_t10000000
10.59,592.2330097087379,592.2330097087379,592.2330097087379,2866556.0,2866556.0,2866556.0,137310.0,137310.0,137310.0,0.0,0.0,hard,32,3,0,10000000,sync_on,hard_p32_w3_i0_t10000000
10.62,0.0,0.0,0.0,2835704.0,2835704.0,2835704.0,151397.0,151397.0,151397.0,0.0,0.0,hard,32,3,0,10000000,sync_on,hard_p32_w3_i0_t10000000
10.63,882.3529411764706,882.3529411764706,882.3529411764706,2767688.0,2767688.0,2767688.0,136060.0,136060.0,136060.0,0.0,0.0,hard,32,3,0,10000000,sync_on,hard_p32_w3_i0_t10000000
10.64,843.1372549019609,843.1372549019609,843.1372549019609,2858560.0,2858560.0,2858560.0,134867.0,134867.0,134867.0,0.0,0.0,hard,32,3,0,10000000,sync_on,hard_p32_w3_i0_t10000000
10.67,759.6153846153846,759.6153846153846,759.6153846153846,2760000.0,2760000.0,2760000.0,134095.0,134095.0,134095.0,0.0,0.0,hard,32,3,0,10000000,sync_on,hard_p32_w3_i0_t10000000
10.69,913.4615384615385,913.4615384615385,913.4615384615385,2866864.0,2866864.0,2866864.0,137353.0,137353.0,137353.0,0.0,0.0,hard,32,3,0,10000000,sync_on,hard_p32_w3_i0_t10000000
10.72,0.0,0.0,0.0,2835704.0,2835704.0,2835704.0,151397.0,151397.0,151397.0,0.0,0.0,hard,32,3,0,10000000,sync_on,hard_p32_w3_i0_t10000000
10.73,637.2549019607843,637.2549019607843,637.2549019607843,2766340.0,2766340.0,2766340.0,134805.0,134805.0,134805.0,0.0,0.0,hard,32,3,0,10000000,sync_on,hard_p32_w3_i0_t10000000
10.74,1431.372549019608,1431.372549019608,1431.372549019608,2859464.0,2859464.0,2859464.0,135378.0,135378.0,135378.0,0.0,0.0,hard,32,3,0,10000000,sync_on,hard_p32_w3_i0_t10000000
10.77,708.73786407767,708.73786407767,708.73786407767,2760152.0,2760152.0,2760152.0,134141.0,134141.0,134141.0,0.0,0.0,hard,32,3,0,10000000,sync_on,hard_p32_w3_i0_t10000000
10.79,625.0,625.0,625.0,2867008.0,2867008.0,2867008.0,137385.0,137385.0,137385.0,0.0,0.0,hard,32,3,0,10000000,sync_on,hard_p32_w3_i0_t10000000
10.82,134.6153846153846,134.6153846153846,134.6153846153846,2828044.0,2828044.0,2828044.0,143246.0,143246.0,143246.0,0.0,0.0,hard,32,3,0,10000000,sync_on,hard_p32_w3_i0_t10000000
10.84,1106.3677898343803,911.764705882353,1300.9708737864078,2813530.0,2766868.0,2860192.0,136133.0,135437.0,136829.0,0.0,0.0,hard,32,3,0,10000000,sync_on,hard_p32_w3_i0_t10000000
10.88,543.6893203883495,543.6893203883495,543.6893203883495,2760268.0,2760268.0,2760268.0,134172.0,134172.0,134172.0,0.0,0.0,hard,32,3,0,10000000,sync_on,hard_p32_w3_i0_t10000000
10.9,403.84615384615387,403.84615384615387,403.84615384615387,2867144.0,2867144.0,2867144.0,137401.0,137401.0,137401.0,0.0,0.0,hard,32,3,0,10000000,sync_on,hard_p32_w3_i0_t10000000
10.93,471.1538461538462,471.1538461538462,471.1538461538462,2830424.0,2830424.0,2830424.0,143272.0,143272.0,143272.0,0.0,0.0,hard,32,3,0,10000000,sync_on,hard_p32_w3_i0_t10000000
10.94,1039.5554261308484,1009.8039215686275,1069.3069306930693,2813488.0,2767640.0,2859336.0,135908.5,135041.0,136776.0,0.0,0.0,hard,32,3,0,10000000,sync_on,hard_p32_w3_i0_t10000000
10.98,701.9230769230769,701.9230769230769,701.9230769230769,2760492.0,2760492.0,2760492.0,134202.0,134202.0,134202.0,0.0,0.0,hard,32,3,0,10000000,sync_on,hard_p32_w3_i0_t10000000
11.0,605.7692307692308,605.7692307692308,605.7692307692308,2867240.0,2867240.0,2867240.0,137435.0,137435.0,137435.0,0.0,0.0,hard,32,3,0,10000000,sync_on,hard_p32_w3_i0_t10000000
11.03,557.6923076923077,557.6923076923077,557.6923076923077,2832108.0,2832108.0,2832108.0,143302.0,143302.0,143302.0,0.0,0.0,hard,32,3,0,10000000,sync_on,hard_p32_w3_i0_t10000000
11.04,1151.9607843137255,1058.8235294117649,1245.0980392156864,2813326.0,2766548.0,2860104.0,135047.0,134989.0,135105.0,0.0,0.0,hard,32,3,0,10000000,sync_on,hard_p32_w3_i0_t10000000
11.09,461.53846153846155,461.53846153846155,461.53846153846155,2760592.0,2760592.0,2760592.0,134225.0,134225.0,134225.0,0.0,0.0,hard,32,3,0,10000000,sync_on,hard_p32_w3_i0_t10000000
11.11,721.1538461538462,721.1538461538462,721.1538461538462,2867400.0,2867400.0,2867400.0,137478.0,137478.0,137478.0,0.0,0.0,hard,32,3,0,10000000,sync_on,hard_p32_w3_i0_t10000000
11.13,480.7692307692308,480.7692307692308,480.7692307692308,2833640.0,2833640.0,2833640.0,143331.0,143331.0,143331.0,0.0,0.0,hard,32,3,0,10000000,sync_on,hard_p32_w3_i0_t10000000
11.14,1245.0980392156864,1245.0980392156864,1245.0980392156864,2767332.0,2767332.0,2767332.0,135047.0,135047.0,135047.0,0.0,0.0,hard,32,3,0,10000000,sync_on,hard_p32_w3_i0_t10000000
11.15,1205.8823529411766,1205.8823529411766,1205.8823529411766,2861004.0,2861004.0,2861004.0,135167.0,135167.0,135167.0,0.0,0.0,hard,32,3,0,10000000,sync_on,hard_p32_w3_i0_t10000000
11.19,932.0388349514564,932.0388349514564,932.0388349514564,2760944.0,2760944.0,2760944.0,134273.0,134273.0,134273.0,0.0,0.0,hard,32,3,0,10000000,sync_on,hard_p32_w3_i0_t10000000
11.21,582.5242718446602,582.5242718446602,582.5242718446602,2867540.0,2867540.0,2867540.0,137502.0,137502.0,137502.0,0.0,0.0,hard,32,3,0,10000000,sync_on,hard_p32_w3_i0_t10000000
11.24,868.2406702208682,538.4615384615385,1198.019801980198,2801318.0,2767876.0,2834760.0,139342.0,135312.0,143372.0,0.0,0.0,hard,32,3,0,10000000,sync_on,hard_p32_w3_i0_t10000000
11.25,1235.294117647059,1235.294117647059,1235.294117647059,2861816.0,2861816.0,2861816.0,135225.0,135225.0,135225.0,0.0,0.0,hard,32,3,0,10000000,sync_on,hard_p32_w3_i0_t10000000
11.29,855.7692307692308,855.7692307692308,855.7692307692308,2761320.0,2761320.0,2761320.0,134312.0,134312.0,134312.0,0.0,0.0,hard,32,3,0,10000000,sync_on,hard_p32_w3_i0_t10000000
11.31,519.2307692307693,519.2307692307693,519.2307692307693,2867740.0,2867740.0,2867740.0,137532.0,137532.0,137532.0,0.0,0.0,hard,32,3,0,10000000,sync_on,hard_p32_w3_i0_t10000000
11.34,796.4496478202932,524.2718446601942,1068.6274509803923,2801846.0,2768380.0,2835312.0,140199.0,137000.0,143398.0,0.0,0.0,hard,32,3,0,10000000,sync_on,hard_p32_w3_i0_t10000000
11.35,1392.1568627450981,1392.1568627450981,1392.1568627450981,2862472.0,2862472.0,2862472.0,135295.0,135295.0,135295.0,0.0,0.0,hard,32,3,0,10000000,sync_on,hard_p32_w3_i0_t10000000
11.4,538.4615384615385,538.4615384615385,538.4615384615385,2761440.0,2761440.0,2761440.0,134344.0,134344.0,134344.0,0.0,0.0,hard,32,3,0,10000000,sync_on,hard_p32_w3_i0_t10000000
11.42,326.92307692307696,326.92307692307696,326.92307692307696,2867864.0,2867864.0,2867864.0,137551.0,137551.0,137551.0,0.0,0.0,hard,32,3,0,10000000,sync_on,hard_p32_w3_i0_t10000000
11.45,933.0065359477125,750.0,1156.8627450980393,2821989.3333333335,2767132.0,2863076.0,136745.0,131591.0,143437.0,0.0,0.0,hard,32,3,0,10000000,sync_on,hard_p32_w3_i0_t10000000
11.5,776.6990291262136,776.6990291262136,776.6990291262136,2761732.0,2761732.0,2761732.0,134386.0,134386.0,134386.0,0.0,0.0,hard,32,3,0,10000000,sync_on,hard_p32_w3_i0_t10000000
11.52,384.61538461538464,384.61538461538464,384.61538461538464,2867924.0,2867924.0,2867924.0,137574.0,137574.0,137574.0,0.0,0.0,hard,32,3,0,10000000,sync_on,hard_p32_w3_i0_t10000000
11.55,1002.3484748641803,509.61538461538464,1262.1359223300972,2822449.3333333335,2767664.0,2863492.0,135539.0,131500.0,143467.0,0.0,0.0,hard,32,3,0,10000000,sync_on,hard_p32_w3_i0_t10000000
11.6,730.7692307692308,730.7692307692308,730.7692307692308,2762188.0,2762188.0,2762188.0,134983.0,134983.0,134983.0,0.0,0.0,hard,32,3,0,10000000,sync_on,hard_p32_w3_i0_t10000000
11.62,413.46153846153845,413.46153846153845,413.46153846153845,2868044.0,2868044.0,2868044.0,137593.0,137593.0,137593.0,0.0,0.0,hard,32,3,0,10000000,sync_on,hard_p32_w3_i0_t10000000
11.65,981.4391776127927,786.4077669902913,1176.4705882352941,2802368.0,2768196.0,2836540.0,137537.5,131568.0,143507.0,0.0,0.0,hard,32,3,0,10000000,sync_on,hard_p32_w3_i0_t10000000
11.66,1392.1568627450981,1392.1568627450981,1392.1568627450981,2863760.0,2863760.0,2863760.0,131730.0,131730.0,131730.0,0.0,0.0,hard,32,3,0,10000000,sync_on,hard_p32_w3_i0_t10000000
11.71,288.46153846153845,288.46153846153845,288.46153846153845,2762336.0,2762336.0,2762336.0,136283.0,136283.0,136283.0,0.0,0.0,hard,32,3,0,10000000,sync_on,hard_p32_w3_i0_t10000000
11.73,673.0769230769231,673.0769230769231,673.0769230769231,2868248.0,2868248.0,2868248.0,137630.0,137630.0,137630.0,0.0,0.0,hard,32,3,0,10000000,sync_on,hard_p32_w3_i0_t10000000
11.75,1284.3137254901962,1284.3137254901962,1284.3137254901962,2768768.0,2768768.0,2768768.0,133130.0,133130.0,133130.0,0.0,0.0,hard,32,3,0,10000000,sync_on,hard_p32_w3_i0_t10000000
11.76,804.7699849170438,413.46153846153845,1196.0784313725492,2850494.0,2836756.0,2864232.0,137801.0,132075.0,143527.0,0.0,0.0,hard,32,3,0,10000000,sync_on,hard_p32_w3_i0_t10000000
11.81,0.0,0.0,0.0,2762336.0,2762336.0,2762336.0,136283.0,136283.0,136283.0,0.0,0.0,hard,32,3,0,10000000,sync_on,hard_p32_w3_i0_t10000000
11.83,509.61538461538464,509.61538461538464,509.61538461538464,2868340.0,2868340.0,2868340.0,137663.0,137663.0,137663.0,0.0,0.0,hard,32,3,0,10000000,sync_on,hard_p32_w3_i0_t10000000
11.86,811.0914642182489,490.3846153846154,1117.6470588235295,2822610.6666666665,2767256.0,2863572.0,135897.33333333334,131849.0,143551.0,0.0,0.0,hard,32,3,0,10000000,sync_on,hard_p32_w3_i0_t10000000
11.91,0.0,0.0,0.0,2762336.0,2762336.0,2762336.0,136283.0,136283.0,136283.0,0.0,0.0,hard,32,3,0,10000000,sync_on,hard_p32_w3_i0_t10000000
11.94,461.53846153846155,461.53846153846155,461.53846153846155,2868500.0,2868500.0,2868500.0,137678.0,137678.0,137678.0,0.0,0.0,hard,32,3,0,10000000,sync_on,hard_p32_w3_i0_t10000000
11.96,833.0365276346639,471.1538461538462,1176.4705882352941,2823092.0,2768000.0,2864056.0,136957.0,133548.0,143575.0,0.0,0.0,hard,32,3,0,10000000,sync_on,hard_p32_w3_i0_t10000000
12.02,0.0,0.0,0.0,2762336.0,2762336.0,2762336.0,136283.0,136283.0,136283.0,0.0,0.0,hard,32,3,0,10000000,sync_on,hard_p32_w3_i0_t10000000
12.04,673.0769230769231,673.0769230769231,673.0769230769231,2868612.0,2868612.0,2868612.0,137711.0,137711.0,137711.0,0.0,0.0,hard,32,3,0,10000000,sync_on,hard_p32_w3_i0_t10000000
12.06,1137.2549019607843,1137.2549019607843,1137.2549019607843,2766792.0,2766792.0,2766792.0,131779.0,131779.0,131779.0,0.0,0.0,hard,32,3,0,10000000,sync_on,hard_p32_w3_i0_t10000000
12.07,802.5112023898432,682.6923076923077,922.3300970873787,2850354.0,2837608.0,2863100.0,137781.5,131951.0,143612.0,0.0,0.0,hard,32,3,0,10000000,sync_on,hard_p32_w3_i0_t10000000
12.12,300.97087378640776,300.97087378640776,300.97087378640776,2762676.0,2762676.0,2762676.0,136309.0,136309.0,136309.0,0.0,0.0,hard,32,3,0,10000000,sync_on,hard_p32_w3_i0_t10000000
12.14,427.1844660194175,427.1844660194175,427.1844660194175,2868676.0,2868676.0,2868676.0,137743.0,137743.0,137743.0,0.0,0.0,hard,32,3,0,10000000,sync_on,hard_p32_w3_i0_t10000000
12.16,1145.6310679611652,1145.6310679611652,1145.6310679611652,2767388.0,2767388.0,2767388.0,131844.0,131844.0,131844.0,0.0,0.0,hard,32,3,0,10000000,sync_on,hard_p32_w3_i0_t10000000
12.17,904.2927850751953,524.2718446601942,1284.3137254901962,2850844.0,2837808.0,2863880.0,137829.5,132017.0,143642.0,0.0,0.0,hard,32,3,0,10000000,sync_on,hard_p32_w3_i0_t10000000
12.22,576.9230769230769,576.9230769230769,576.9230769230769,2760932.0,2760932.0,2760932.0,134497.0,134497.0,134497.0,0.0,0.0,hard,32,3,0,10000000,sync_on,hard_p32_w3_i0_t10000000
12.25,596.1538461538462,596.1538461538462,596.1538461538462,2868800.0,2868800.0,2868800.0,137780.0,137780.0,137780.0,0.0,0.0,hard,32,3,0,10000000,sync_on,hard_p32_w3_i0_t10000000
12.26,1287.128712871287,1287.128712871287,1287.128712871287,2768680.0,2768680.0,2768680.0,131906.0,131906.0,131906.0,0.0,0.0,hard,32,3,0,10000000,sync_on,hard_p32_w3_i0_t10000000
12.27,1156.8627450980393,1156.8627450980393,1156.8627450980393,2864360.0,2864360.0,2864360.0,132074.0,132074.0,132074.0,0.0,0.0,hard,32,3,0,10000000,sync_on,hard_p32_w3_i0_t10000000
12.28,663.4615384615385,663.4615384615385,663.4615384615385,2838104.0,2838104.0,2838104.0,143674.0,143674.0,143674.0,0.0,0.0,hard,32,3,0,10000000,sync_on,hard_p32_w3_i0_t10000000
12.33,375.0,375.0,375.0,2761076.0,2761076.0,2761076.0,134512.0,134512.0,134512.0,0.0,0.0,hard,32,3,0,10000000,sync_on,hard_p32_w3_i0_t10000000
12.35,500.0,500.0,500.0,2868936.0,2868936.0,2868936.0,137801.0,137801.0,137801.0,0.0,0.0,hard,32,3,0,10000000,sync_on,hard_p32_w3_i0_t10000000
12.37,1257.2586726998493,1254.9019607843138,1259.6153846153848,2817228.0,2769580.0,2864876.0,132062.5,131972.0,132153.0,0.0,0.0,hard,32,3,0,10000000,sync_on,hard_p32_w3_i0_t10000000
12.38,461.53846153846155,461.53846153846155,461.53846153846155,2838296.0,2838296.0,2838296.0,143692.0,143692.0,143692.0,0.0,0.0,hard,32,3,0,10000000,sync_on,hard_p32_w3_i0_t10000000
12.43,471.1538461538462,471.1538461538462,471.1538461538462,2761356.0,2761356.0,2761356.0,134538.0,134538.0,134538.0,0.0,0.0,hard,32,3,0,10000000,sync_on,hard_p32_w3_i0_t10000000
12.46,413.46153846153845,413.46153846153845,413.46153846153845,2869044.0,2869044.0,2869044.0,137830.0,137830.0,137830.0,0.0,0.0,hard,32,3,0,10000000,sync_on,hard_p32_w3_i0_t10000000
12.47,1299.0196078431372,1176.4705882352941,1421.5686274509806,2818044.0,2770032.0,2866056.0,132124.0,132031.0,132217.0,0.0,0.0,hard,32,3,0,10000000,sync_on,hard_p32_w3_i0_t10000000
12.48,826.9230769230769,826.9230769230769,826.9230769230769,2838476.0,2838476.0,2838476.0,143740.0,143740.0,143740.0,0.0,0.0,hard,32,3,0,10000000,sync_on,hard_p32_w3_i0_t10000000
12.54,778.8461538461539,778.8461538461539,778.8461538461539,2761500.0,2761500.0,2761500.0,134578.0,134578.0,134578.0,0.0,0.0,hard,32,3,0,10000000,sync_on,hard_p32_w3_i0_t10000000
12.56,394.2307692307692,394.2307692307692,394.2307692307692,2869148.0,2869148.0,2869148.0,137849.0,137849.0,137849.0,0.0,0.0,hard,32,3,0,10000000,sync_on,hard_p32_w3_i0_t10000000
12.57,1259.6153846153848,1259.6153846153848,1259.6153846153848,2770560.0,2770560.0,2770560.0,132094.0,132094.0,132094.0,0.0,0.0,hard,32,3,0,10000000,sync_on,hard_p32_w3_i0_t10000000
12.58,1313.7254901960785,1313.7254901960785,1313.7254901960785,2866768.0,2866768.0,2866768.0,133918.0,133918.0,133918.0,0.0,0.0,hard,32,3,0,10000000,sync_on,hard_p32_w3_i0_t10000000
12.59,423.0769230769231,423.0769230769231,423.0769230769231,2838740.0,2838740.0,2838740.0,143770.0,143770.0,143770.0,0.0,0.0,hard,32,3,0,10000000,sync_on,hard_p32_w3_i0_t10000000
12.64,411.764705882353,411.764705882353,411.764705882353,2761588.0,2761588.0,2761588.0,134596.0,134596.0,134596.0,0.0,0.0,hard,32,3,0,10000000,sync_on,hard_p32_w3_i0_t10000000
12.66,475.7281553398058,475.7281553398058,475.7281553398058,2869280.0,2869280.0,2869280.0,138633.0,138633.0,138633.0,0.0,0.0,hard,32,3,0,10000000,sync_on,hard_p32_w3_i0_t10000000
12.67,1079.2079207920792,1079.2079207920792,1079.2079207920792,2771940.0,2771940.0,2771940.0,133988.0,133988.0,133988.0,0.0,0.0,hard,32,3,0,10000000,sync_on,hard_p32_w3_i0_t10000000
12.68,735.2941176470589,735.2941176470589,735.2941176470589,2865636.0,2865636.0,2865636.0,132320.0,132320.0,132320.0,0.0,0.0,hard,32,3,0,10000000,sync_on,hard_p32_w3_i0_t10000000
12.69,650.4854368932039,650.4854368932039,650.4854368932039,2838860.0,2838860.0,2838860.0,143806.0,143806.0,143806.0,0.0,0.0,hard,32,3,0,10000000,sync_on,hard_p32_w3_i0_t10000000
12.74,701.9230769230769,701.9230769230769,701.9230769230769,2761908.0,2761908.0,2761908.0,134633.0,134633.0,134633.0,0.0,0.0,hard,32,3,0,10000000,sync_on,hard_p32_w3_i0_t10000000
12.77,144.23076923076923,144.23076923076923,144.23076923076923,2869432.0,2869432.0,2869432.0,139725.0,139725.0,139725.0,0.0,0.0,hard,32,3,0,10000000,sync_on,hard_p32_w3_i0_t10000000
12.78,1198.469006721434,1115.3846153846155,1281.5533980582525,2818750.0,2771012.0,2866488.0,132297.0,132198.0,132396.0,0.0,0.0,hard,32,3,0,10000000,sync_on,hard_p32_w3_i0_t10000000
12.79,519.2307692307693,519.2307692307693,519.2307692307693,2839028.0,2839028.0,2839028.0,143822.0,143822.0,143822.0,0.0,0.0,hard,32,3,0,10000000,sync_on,hard_p32_w3_i0_t10000000
12.85,519.2307692307693,519.2307692307693,519.2307692307693,2762136.0,2762136.0,2762136.0,134657.0,134657.0,134657.0,0.0,0.0,hard,32,3,0,10000000,sync_on,hard_p32_w3_i0_t10000000
12.87,0.0,0.0,0.0,2869432.0,2869432.0,2869432.0,139725.0,139725.0,139725.0,0.0,0.0,hard,32,3,0,10000000,sync_on,hard_p32_w3_i0_t10000000
12.88,1299.0196078431372,1254.9019607843138,1343.137254901961,2819410.0,2771636.0,2867184.0,132368.0,132272.0,132464.0,0.0,0.0,hard,32,3,0,10000000,sync_on,hard_p32_w3_i0_t10000000
12.9,519.2307692307693,519.2307692307693,519.2307692307693,2839172.0,2839172.0,2839172.0,143852.0,143852.0,143852.0,0.0,0.0,hard,32,3,0,10000000,sync_on,hard_p32_w3_i0_t10000000
12.95,750.0,750.0,750.0,2762452.0,2762452.0,2762452.0,134695.0,134695.0,134695.0,0.0,0.0,hard,32,3,0,10000000,sync_on,hard_p32_w3_i0_t10000000
12.97,0.0,0.0,0.0,2869432.0,2869432.0,2869432.0,139725.0,139725.0,139725.0,0.0,0.0,hard,32,3,0,10000000,sync_on,hard_p32_w3_i0_t10000000
12.98,1319.5981362842167,1198.019801980198,1441.1764705882354,2820114.0,2772304.0,2867924.0,132439.0,132343.0,132535.0,0.0,0.0,hard,32,3,0,10000000,sync_on,hard_p32_w3_i0_t10000000
13.0,509.61538461538464,509.61538461538464,509.61538461538464,2839372.0,2839372.0,2839372.0,143883.0,143883.0,143883.0,0.0,0.0,hard,32,3,0,10000000,sync_on,hard_p32_w3_i0_t10000000
13.05,922.3300970873787,922.3300970873787,922.3300970873787,2762640.0,2762640.0,2762640.0,134740.0,134740.0,134740.0,0.0,0.0,hard,32,3,0,10000000,sync_on,hard_p32_w3_i0_t10000000
13.08,676.4705882352941,0.0,1352.9411764705883,2821236.0,2773040.0,2869432.0,136070.5,132416.0,139725.0,0.0,0.0,hard,32,3,0,10000000,sync_on,hard_p32_w3_i0_t10000000
13.09,1366.3366336633662,1366.3366336633662,1366.3366336633662,2868768.0,2868768.0,2868768.0,132597.0,132597.0,132597.0,0.0,0.0,hard,32,3,0,10000000,sync_on,hard_p32_w3_i0_t10000000
13.11,596.1538461538462,596.1538461538462,596.1538461538462,2839636.0,2839636.0,2839636.0,140143.0,140143.0,140143.0,0.0,0.0,hard,32,3,0,10000000,sync_on,hard_p32_w3_i0_t10000000
13.16,504.8543689320389,504.8543689320389,504.8543689320389,2762724.0,2762724.0,2762724.0,134769.0,134769.0,134769.0,0.0,0.0,hard,32,3,0,10000000,sync_on,hard_p32_w3_i0_t10000000
13.18,666.6666666666667,0.0,1333.3333333333335,2821680.0,2773928.0,2869432.0,136104.5,132484.0,139725.0,0.0,0.0,hard,32,3,0,10000000,sync_on,hard_p32_w3_i0_t10000000
13.19,1186.2745098039215,1186.2745098039215,1186.2745098039215,2869288.0,2869288.0,2869288.0,132660.0,132660.0,132660.0,0.0,0.0,hard,32,3,0,10000000,sync_on,hard_p32_w3_i0_t10000000
13.21,805.8252427184467,805.8252427184467,805.8252427184467,2840004.0,2840004.0,2840004.0,140186.0,140186.0,140186.0,0.0,0.0,hard,32,3,0,10000000,sync_on,hard_p32_w3_i0_t10000000
13.26,834.9514563106796,834.9514563106796,834.9514563106796,2763112.0,2763112.0,2763112.0,134811.0,134811.0,134811.0,0.0,0.0,hard,32,3,0,10000000,sync_on,hard_p32_w3_i0_t10000000
13.29,866.0130718954248,0.0,1333.3333333333335,2837942.6666666665,2774716.0,2869680.0,135001.0,132552.0,139725.0,0.0,0.0,hard,32,3,0,10000000,sync_on,hard_p32_w3_i0_t10000000
13.31,475.7281553398058,475.7281553398058,475.7281553398058,2840116.0,2840116.0,2840116.0,140215.0,140215.0,140215.0,0.0,0.0,hard,32,3,0,10000000,sync_on,hard_p32_w3_i0_t10000000
13.36,711.5384615384615,711.5384615384615,711.5384615384615,2763492.0,2763492.0,2763492.0,136695.0,136695.0,136695.0,0.0,0.0,hard,32,3,0,10000000,sync_on,hard_p32_w3_i0_t10000000
13.39,807.9660907267197,0.0,1237.6237623762374,2838294.6666666665,2775220.0,2870232.0,135039.66666666666,132616.0,139725.0,0.0,0.0,hard,32,3,0,10000000,sync_on,hard_p32_w3_i0_t10000000
13.42,644.2307692307693,644.2307692307693,644.2307692307693,2840284.0,2840284.0,2840284.0,140254.0,140254.0,140254.0,0.0,0.0,hard,32,3,0,10000000,sync_on,hard_p32_w3_i0_t10000000
13.49,803.5725617107686,0.0,1303.921568627451,2838652.0,2775764.0,2870760.0,133870.0,129207.0,139725.0,0.0,0.0,hard,32,3,0,10000000,sync_on,hard_p32_w3_i0_t10000000
13.52,384.61538461538464,384.61538461538464,384.61538461538464,2840356.0,2840356.0,2840356.0,140272.0,140272.0,140272.0,0.0,0.0,hard,32,3,0,10000000,sync_on,hard_p32_w3_i0_t10000000
13.59,1127.450980392157,1127.450980392157,1127.450980392157,2776348.0,2776348.0,2776348.0,132982.0,132982.0,132982.0,0.0,0.0,hard,32,3,0,10000000,sync_on,hard_p32_w3_i0_t10000000
13.6,587.3786407766991,0.0,1174.7572815533981,2870286.0,2869432.0,2871140.0,132540.5,125356.0,139725.0,0.0,0.0,hard,32,3,0,10000000,sync_on,hard_p32_w3_i0_t10000000
13.62,466.0194174757282,466.0194174757282,466.0194174757282,2840400.0,2840400.0,2840400.0,140298.0,140298.0,140298.0,0.0,0.0,hard,32,3,0,10000000,sync_on,hard_p32_w3_i0_t10000000
13.69,1237.6237623762374,1237.6237623762374,1237.6237623762374,2776688.0,2776688.0,2776688.0,129008.0,129008.0,129008.0,0.0,0.0,hard,32,3,0,10000000,sync_on,hard_p32_w3_i0_t10000000
13.7,805.0527903469081,384.61538461538464,1225.4901960784314,2869764.0,2867952.0,2871576.0,131657.0,125418.0,137896.0,0.0,0.0,hard,32,3,0,10000000,sync_on,hard_p32_w3_i0_t10000000
13.73,538.4615384615385,538.4615384615385,538.4615384615385,2840580.0,2840580.0,2840580.0,140591.0,140591.0,140591.0,0.0,0.0,hard,32,3,0,10000000,sync_on,hard_p32_w3_i0_t10000000
13.8,1188.9140271493213,1147.058823529412,1230.7692307692307,2824670.0,2777148.0,2872192.0,127275.5,125479.0,129072.0,0.0,0.0,hard,32,3,0,10000000,sync_on,hard_p32_w3_i0_t10000000
13.81,254.12087912087912,17.857142857142858,490.3846153846154,2815866.0,2763680.0,2868052.0,137312.5,136704.0,137921.0,0.0,0.0,hard,32,3,0,10000000,sync_on,hard_p32_w3_i0_t10000000
13.83,567.3076923076924,567.3076923076924,567.3076923076924,2840868.0,2840868.0,2840868.0,136577.0,136577.0,136577.0,0.0,0.0,hard,32,3,0,10000000,sync_on,hard_p32_w3_i0_t10000000
13.9,955.2028732284994,861.3861386138614,1049.0196078431372,2824972.0,2777580.0,2872364.0,128242.0,125537.0,130947.0,0.0,0.0,hard,32,3,0,10000000,sync_on,hard_p32_w3_i0_t10000000
13.91,500.0,500.0,500.0,2868216.0,2868216.0,2868216.0,137949.0,137949.0,137949.0,0.0,0.0,hard,32,3,0,10000000,sync_on,hard_p32_w3_i0_t10000000
13.92,596.1538461538462,596.1538461538462,596.1538461538462,2762064.0,2762064.0,2762064.0,134881.0,134881.0,134881.0,0.0,0.0,hard,32,3,0,10000000,sync_on,hard_p32_w3_i0_t10000000
13.94,480.7692307692308,480.7692307692308,480.7692307692308,2840968.0,2840968.0,2840968.0,136603.0,136603.0,136603.0,0.0,0.0,hard,32,3,0,10000000,sync_on,hard_p32_w3_i0_t10000000
14.0,1077.6699029126214,1077.6699029126214,1077.6699029126214,2776344.0,2776344.0,2776344.0,129162.0,129162.0,129162.0,0.0,0.0,hard,32,3,0,10000000,sync_on,hard_p32_w3_i0_t10000000
14.01,816.3430420711975,466.0194174757282,1166.6666666666667,2870530.0,2868344.0,2872716.0,131792.0,125603.0,137981.0,0.0,0.0,hard,32,3,0,10000000,sync_on,hard_p32_w3_i0_t10000000
14.02,817.3076923076924,817.3076923076924,817.3076923076924,2762412.0,2762412.0,2762412.0,134922.0,134922.0,134922.0,0.0,0.0,hard,32,3,0,10000000,sync_on,hard_p32_w3_i0_t10000000
14.04,711.5384615384615,711.5384615384615,711.5384615384615,2841180.0,2841180.0,2841180.0,136640.0,136640.0,136640.0,0.0,0.0,hard,32,3,0,10000000,sync_on,hard_p32_w3_i0_t10000000
14.1,1156.8627450980393,1156.8627450980393,1156.8627450980393,2776660.0,2776660.0,2776660.0,129226.0,129226.0,129226.0,0.0,0.0,hard,32,3,0,10000000,sync_on,hard_p32_w3_i0_t10000000
14.11,1343.137254901961,1343.137254901961,1343.137254901961,2873236.0,2873236.0,2873236.0,125682.0,125682.0,125682.0,0.0,0.0,hard,32,3,0,10000000,sync_on,hard_p32_w3_i0_t10000000
14.12,793.2692307692308,721.1538461538462,865.3846153846155,2815728.0,2762776.0,2868680.0,136494.0,134966.0,138022.0,0.0,0.0,hard,32,3,0,10000000,sync_on,hard_p32_w3_i0_t10000000
14.14,682.6923076923077,682.6923076923077,682.6923076923077,2841344.0,2841344.0,2841344.0,136679.0,136679.0,136679.0,0.0,0.0,hard,32,3,0,10000000,sync_on,hard_p32_w3_i0_t10000000
14.21,1269.607843137255,1245.0980392156864,1294.1176470588236,2825476.0,2777108.0,2873844.0,127516.5,125741.0,129292.0,0.0,0.0,hard,32,3,0,10000000,sync_on,hard_p32_w3_i0_t10000000
14.22,673.600533130236,644.2307692307693,702.9702970297029,2816040.0,2762968.0,2869112.0,134641.0,134278.0,135004.0,0.0,0.0,hard,32,3,0,10000000,sync_on,hard_p32_w3_i0_t10000000
14.25,679.6116504854369,679.6116504854369,679.6116504854369,2841588.0,2841588.0,2841588.0,136718.0,136718.0,136718.0,0.0,0.0,hard,32,3,0,10000000,sync_on,hard_p32_w3_i0_t10000000
14.31,1267.6089853417095,1127.450980392157,1407.7669902912621,2825982.0,2777520.0,2874444.0,127587.0,125820.0,129354.0,0.0,0.0,hard,32,3,0,10000000,sync_on,hard_p32_w3_i0_t10000000
14.32,601.9417475728155,601.9417475728155,601.9417475728155,2869224.0,2869224.0,2869224.0,134305.0,134305.0,134305.0,0.0,0.0,hard,32,3,0,10000000,sync_on,hard_p32_w3_i0_t10000000
14.33,615.3846153846154,615.3846153846154,615.3846153846154,2763316.0,2763316.0,2763316.0,131261.0,131261.0,131261.0,0.0,0.0,hard,32,3,0,10000000,sync_on,hard_p32_w3_i0_t10000000
14.35,500.00000000000006,500.00000000000006,500.00000000000006,2841676.0,2841676.0,2841676.0,136741.0,136741.0,136741.0,0.0,0.0,hard,32,3,0,10000000,sync_on,hard_p32_w3_i0_t10000000
14.41,1157.8334304018638,1117.6470588235295,1198.019801980198,2826456.0,2778120.0,2874792.0,127651.0,125885.0,129417.0,0.0,0.0,hard,32,3,0,10000000,sync_on,hard_p32_w3_i0_t10000000
14.43,569.0987933634993,451.92307692307696,686.2745098039217,2816432.0,2763456.0,2869408.0,132816.5,131292.0,134341.0,0.0,0.0,hard,32,3,0,10000000,sync_on,hard_p32_w3_i0_t10000000
14.45,500.0,500.0,500.0,2841780.0,2841780.0,2841780.0,136767.0,136767.0,136767.0,0.0,0.0,hard,32,3,0,10000000,sync_on,hard_p32_w3_i0_t10000000
14.51,1388.3495145631068,1388.3495145631068,1388.3495145631068,2778880.0,2778880.0,2778880.0,129493.0,129493.0,129493.0,0.0,0.0,hard,32,3,0,10000000,sync_on,hard_p32_w3_i0_t10000000
14.52,1198.019801980198,1198.019801980198,1198.019801980198,2874980.0,2874980.0,2874980.0,125957.0,125957.0,125957.0,0.0,0.0,hard,32,3,0,10000000,sync_on,hard_p32_w3_i0_t10000000
14.53,509.61538461538464,509.61538461538464,509.61538461538464,2869516.0,2869516.0,2869516.0,134365.0,134365.0,134365.0,0.0,0.0,hard,32,3,0,10000000,sync_on,hard_p32_w3_i0_t10000000
14.54,689.3203883495146,689.3203883495146,689.3203883495146,2763656.0,2763656.0,2763656.0,131333.0,131333.0,131333.0,0.0,0.0,hard,32,3,0,10000000,sync_on,hard_p32_w3_i0_t10000000
14.56,865.3846153846155,865.3846153846155,865.3846153846155,2841960.0,2841960.0,2841960.0,136814.0,136814.0,136814.0,0.0,0.0,hard,32,3,0,10000000,sync_on,hard_p32_w3_i0_t10000000
14.61,1366.3366336633662,1366.3366336633662,1366.3366336633662,2779548.0,2779548.0,2779548.0,129564.0,129564.0,129564.0,0.0,0.0,hard,32,3,0,10000000,sync_on,hard_p32_w3_i0_t10000000
14.62,1225.4901960784314,1225.4901960784314,1225.4901960784314,2875416.0,2875416.0,2875416.0,126023.0,126023.0,126023.0,0.0,0.0,hard,32,3,0,10000000,sync_on,hard_p32_w3_i0_t10000000
14.63,365.3846153846154,365.3846153846154,365.3846153846154,2869580.0,2869580.0,2869580.0,134379.0,134379.0,134379.0,0.0,0.0,hard,32,3,0,10000000,sync_on,hard_p32_w3_i0_t10000000
14.64,884.6153846153846,884.6153846153846,884.6153846153846,2764256.0,2764256.0,2764256.0,133033.0,133033.0,133033.0,0.0,0.0,hard,32,3,0,10000000,sync_on,hard_p32_w3_i0_t10000000
14.66,625.0,625.0,625.0,2842228.0,2842228.0,2842228.0,137105.0,137105.0,137105.0,0.0,0.0,hard,32,3,0,10000000,sync_on,hard_p32_w3_i0_t10000000
14.71,1156.8627450980393,1156.8627450980393,1156.8627450980393,2780040.0,2780040.0,2780040.0,129623.0,129623.0,129623.0,0.0,0.0,hard,32,3,0,10000000,sync_on,hard_p32_w3_i0_t10000000
14.72,1156.8627450980393,1156.8627450980393,1156.8627450980393,2876056.0,2876056.0,2876056.0,126345.0,126345.0,126345.0,0.0,0.0,hard,32,3,0,10000000,sync_on,hard_p32_w3_i0_t10000000
14.74,661.4544436146379,582.5242718446602,740.3846153846155,2816194.0,2762548.0,2869840.0,133218.0,132013.0,134423.0,0.0,0.0,hard,32,3,0,10000000,sync_on,hard_p32_w3_i0_t10000000
14.76,97.0873786407767,97.0873786407767,97.0873786407767,2842252.0,2842252.0,2842252.0,137111.0,137111.0,137111.0,0.0,0.0,hard,32,3,0,10000000,sync_on,hard_p32_w3_i0_t10000000
14.81,1148.5148514851485,1148.5148514851485,1148.5148514851485,2780244.0,2780244.0,2780244.0,129683.0,129683.0,129683.0,0.0,0.0,hard,32,3,0,10000000,sync_on,hard_p32_w3_i0_t10000000
14.82,1362.7450980392157,1362.7450980392157,1362.7450980392157,2876432.0,2876432.0,2876432.0,122373.0,122373.0,122373.0,0.0,0.0,hard,32,3,0,10000000,sync_on,hard_p32_w3_i0_t10000000
14.84,576.9230769230769,576.9230769230769,576.9230769230769,2870008.0,2870008.0,2870008.0,134457.0,134457.0,134457.0,0.0,0.0,hard,32,3,0,10000000,sync_on,hard_p32_w3_i0_t10000000
14.85,509.61538461538464,509.61538461538464,509.61538461538464,2763132.0,2763132.0,2763132.0,133284.0,133284.0,133284.0,0.0,0.0,hard,32,3,0,10000000,sync_on,hard_p32_w3_i0_t10000000
14.87,211.53846153846155,211.53846153846155,211.53846153846155,2842352.0,2842352.0,2842352.0,137121.0,137121.0,137121.0,0.0,0.0,hard,32,3,0,10000000,sync_on,hard_p32_w3_i0_t10000000
14.92,1315.5339805825242,1310.6796116504854,1320.3883495145633,2828824.0,2780752.0,2876896.0,126357.0,122441.0,130273.0,0.0,0.0,hard,32,3,0,10000000,sync_on,hard_p32_w3_i0_t10000000
14.95,655.3398058252428,582.5242718446602,728.1553398058253,2815920.0,2761696.0,2870144.0,133900.5,133323.0,134478.0,0.0,0.0,hard,32,3,0,10000000,sync_on,hard_p32_w3_i0_t10000000
14.97,288.46153846153845,288.46153846153845,288.46153846153845,2842384.0,2842384.0,2842384.0,133098.0,133098.0,133098.0,0.0,0.0,hard,32,3,0,10000000,sync_on,hard_p32_w3_i0_t10000000
15.02,752.4752475247524,752.4752475247524,752.4752475247524,2779212.0,2779212.0,2779212.0,129760.0,129760.0,129760.0,0.0,0.0,hard,32,3,0,10000000,sync_on,hard_p32_w3_i0_t10000000
15.03,1323.5294117647059,1323.5294117647059,1323.5294117647059,2877340.0,2877340.0,2877340.0,122499.0,122499.0,122499.0,0.0,0.0,hard,32,3,0,10000000,sync_on,hard_p32_w3_i0_t10000000
15.05,454.16355489171025,442.3076923076923,466.0194174757282,2815318.0,2760416.0,2870220.0,133006.0,131507.0,134505.0,0.0,0.0,hard,32,3,0,10000000,sync_on,hard_p32_w3_i0_t10000000
15.08,519.2307692307693,519.2307692307693,519.2307692307693,2842488.0,2842488.0,2842488.0,133130.0,133130.0,133130.0,0.0,0.0,hard,32,3,0,10000000,sync_on,hard_p32_w3_i0_t10000000
15.12,1068.6274509803923,1068.6274509803923,1068.6274509803923,2779708.0,2779708.0,2779708.0,129822.0,129822.0,129822.0,0.0,0.0,hard,32,3,0,10000000,sync_on,hard_p32_w3_i0_t10000000
15.13,1215.686274509804,1215.686274509804,1215.686274509804,2877812.0,2877812.0,2877812.0,122572.0,122572.0,122572.0,0.0,0.0,hard,32,3,0,10000000,sync_on,hard_p32_w3_i0_t10000000
15.15,451.92307692307696,451.92307692307696,451.92307692307696,2870356.0,2870356.0,2870356.0,134524.0,134524.0,134524.0,0.0,0.0,hard,32,3,0,10000000,sync_on,hard_p32_w3_i0_t10000000
15.16,644.2307692307693,644.2307692307693,644.2307692307693,2760808.0,2760808.0,2760808.0,131540.0,131540.0,131540.0,0.0,0.0,hard,32,3,0,10000000,sync_on,hard_p32_w3_i0_t10000000
15.18,747.5728155339806,747.5728155339806,747.5728155339806,2842608.0,2842608.0,2842608.0,133173.0,133173.0,133173.0,0.0,0.0,hard,32,3,0,10000000,sync_on,hard_p32_w3_i0_t10000000
15.22,1215.686274509804,1215.686274509804,1215.686274509804,2780060.0,2780060.0,2780060.0,129886.0,129886.0,129886.0,0.0,0.0,hard,32,3,0,10000000,sync_on,hard_p32_w3_i0_t10000000
15.23,1297.029702970297,1297.029702970297,1297.029702970297,2878140.0,2878140.0,2878140.0,122635.0,122635.0,122635.0,0.0,0.0,hard,32,3,0,10000000,sync_on,hard_p32_w3_i0_t10000000
15.26,792.5690814040329,730.7692307692308,854.368932038835,2815992.0,2761380.0,2870604.0,133116.5,131675.0,134558.0,0.0,0.0,hard,32,3,0,10000000,sync_on,hard_p32_w3_i0_t10000000
15.28,436.8932038834952,436.8932038834952,436.8932038834952,2842652.0,2842652.0,2842652.0,133192.0,133192.0,133192.0,0.0,0.0,hard,32,3,0,10000000,sync_on,hard_p32_w3_i0_t10000000
15.33,1336.569579288026,1333.3333333333335,1339.8058252427186,2829744.0,2780968.0,2878520.0,127211.0,123394.0,131028.0,0.0,0.0,hard,32,3,0,10000000,sync_on,hard_p32_w3_i0_t10000000
15.36,663.4615384615386,567.3076923076924,759.6153846153846,2816310.0,2761908.0,2870712.0,134154.0,133481.0,134827.0,0.0,0.0,hard,32,3,0,10000000,sync_on,hard_p32_w3_i0_t10000000
15.39,423.0769230769231,423.0769230769231,423.0769230769231,2842796.0,2842796.0,2842796.0,133215.0,133215.0,133215.0,0.0,0.0,hard,32,3,0,10000000,sync_on,hard_p32_w3_i0_t10000000
15.43,763.5410599883518,762.3762376237623,764.7058823529412,2828358.0,2779880.0,2876836.0,126396.0,122721.0,130071.0,0.0,0.0,hard,32,3,0,10000000,sync_on,hard_p32_w3_i0_t10000000
15.46,368.93203883495147,368.93203883495147,368.93203883495147,2870780.0,2870780.0,2870780.0,136674.0,136674.0,136674.0,0.0,0.0,hard,32,3,0,10000000,sync_on,hard_p32_w3_i0_t10000000
15.47,19.417475728155342,19.417475728155342,19.417475728155342,2761908.0,2761908.0,2761908.0,133481.0,133481.0,133481.0,0.0,0.0,hard,32,3,0,10000000,sync_on,hard_p32_w3_i0_t10000000
15.49,634.6153846153846,634.6153846153846,634.6153846153846,2842936.0,2842936.0,2842936.0,133248.0,133248.0,133248.0,0.0,0.0,hard,32,3,0,10000000,sync_on,hard_p32_w3_i0_t10000000
15.53,1166.6666666666667,1166.6666666666667,1166.6666666666667,2780388.0,2780388.0,2780388.0,126256.0,126256.0,126256.0,0.0,0.0,hard,32,3,0,10000000,sync_on,hard_p32_w3_i0_t10000000
15.54,1225.4901960784314,1225.4901960784314,1225.4901960784314,2877372.0,2877372.0,2877372.0,122785.0,122785.0,122785.0,0.0,0.0,hard,32,3,0,10000000,sync_on,hard_p32_w3_i0_t10000000
15.57,139.42307692307693,0.0,278.84615384615387,2816414.0,2761908.0,2870920.0,135465.0,133481.0,137449.0,0.0,0.0,hard,32,3,0,10000000,sync_on,hard_p32_w3_i0_t10000000
15.59,407.7669902912622,407.7669902912622,407.7669902912622,2843052.0,2843052.0,2843052.0,133272.0,133272.0,133272.0,0.0,0.0,hard,32,3,0,10000000,sync_on,hard_p32_w3_i0_t10000000
15.63,1203.883495145631,1203.883495145631,1203.883495145631,2781000.0,2781000.0,2781000.0,126325.0,126325.0,126325.0,0.0,0.0,hard,32,3,0,10000000,sync_on,hard_p32_w3_i0_t10000000
15.64,1233.0097087378642,1233.0097087378642,1233.0097087378642,2877672.0,2877672.0,2877672.0,122859.0,122859.0,122859.0,0.0,0.0,hard,32,3,0,10000000,sync_on,hard_p32_w3_i0_t10000000
15.67,216.34615384615387,0.0,432.69230769230774,2816474.0,2761908.0,2871040.0,136046.5,133481.0,138612.0,0.0,0.0,hard,32,3,0,10000000,sync_on,hard_p32_w3_i0_t10000000
15.7,663.4615384615385,663.4615384615385,663.4615384615385,2843320.0,2843320.0,2843320.0,133305.0,133305.0,133305.0,0.0,0.0,hard,32,3,0,10000000,sync_on,hard_p32_w3_i0_t10000000
15.73,1277.227722772277,1277.227722772277,1277.227722772277,2781504.0,2781504.0,2781504.0,126392.0,126392.0,126392.0,0.0,0.0,hard,32,3,0,10000000,sync_on,hard_p32_w3_i0_t10000000
15.74,1225.4901960784314,1225.4901960784314,1225.4901960784314,2878028.0,2878028.0,2878028.0,122923.0,122923.0,122923.0,0.0,0.0,hard,32,3,0,10000000,sync_on,hard_p32_w3_i0_t10000000
15.78,206.73076923076925,9.615384615384615,403.84615384615387,2815092.0,2761908.0,2868276.0,134998.0,133481.0,136515.0,0.0,0.0,hard,32,3,0,10000000,sync_on,hard_p32_w3_i0_t10000000
15.8,519.6078431372549,519.6078431372549,519.6078431372549,2843476.0,2843476.0,2843476.0,133340.0,133340.0,133340.0,0.0,0.0,hard,32,3,0,10000000,sync_on,hard_p32_w3_i0_t10000000
15.84,1216.4760165336922,1135.9223300970875,1297.029702970297,2830202.0,2781876.0,2878528.0,122830.5,122681.0,122980.0,0.0,0.0,hard,32,3,0,10000000,sync_on,hard_p32_w3_i0_t10000000
15.88,502.473861090366,490.3846153846154,514.5631067961166,2814024.0,2760492.0,2867556.0,133179.5,131663.0,134696.0,0.0,0.0,hard,32,3,0,10000000,sync_on,hard_p32_w3_i0_t10000000
15.9,528.8461538461539,528.8461538461539,528.8461538461539,2843652.0,2843652.0,2843652.0,133363.0,133363.0,133363.0,0.0,0.0,hard,32,3,0,10000000,sync_on,hard_p32_w3_i0_t10000000
15.94,1235.294117647059,1235.294117647059,1235.294117647059,2782588.0,2782588.0,2782588.0,122742.0,122742.0,122742.0,0.0,0.0,hard,32,3,0,10000000,sync_on,hard_p32_w3_i0_t10000000
15.95,1125.0,1125.0,1125.0,2878788.0,2878788.0,2878788.0,123048.0,123048.0,123048.0,0.0,0.0,hard,32,3,0,10000000,sync_on,hard_p32_w3_i0_t10000000
15.98,461.16504854368935,436.8932038834952,485.4368932038835,2814558.0,2760744.0,2868372.0,133812.5,132898.0,134727.0,0.0,0.0,hard,32,3,0,10000000,sync_on,hard_p32_w3_i0_t10000000
16.01,259.61538461538464,259.61538461538464,259.61538461538464,2843748.0,2843748.0,2843748.0,133390.0,133390.0,133390.0,0.0,0.0,hard,32,3,0,10000000,sync_on,hard_p32_w3_i0_t10000000
16.04,1313.7254901960785,1313.7254901960785,1313.7254901960785,2782916.0,2782916.0,2782916.0,122808.0,122808.0,122808.0,0.0,0.0,hard,32,3,0,10000000,sync_on,hard_p32_w3_i0_t10000000
16.05,1303.921568627451,1303.921568627451,1303.921568627451,2879264.0,2879264.0,2879264.0,125187.0,125187.0,125187.0,0.0,0.0,hard,32,3,0,10000000,sync_on,hard_p32_w3_i0_t10000000
16.09,562.5,500.0,625.0,2814348.0,2759660.0,2869036.0,134104.0,131731.0,136477.0,0.0,0.0,hard,32,3,0,10000000,sync_on,hard_p32_w3_i0_t10000000
16.11,747.5728155339806,747.5728155339806,747.5728155339806,2843904.0,2843904.0,2843904.0,133424.0,133424.0,133424.0,0.0,0.0,hard,32,3,0,10000000,sync_on,hard_p32_w3_i0_t10000000
16.14,1247.5247524752474,1247.5247524752474,1247.5247524752474,2783296.0,2783296.0,2783296.0,124704.0,124704.0,124704.0,0.0,0.0,hard,32,3,0,10000000,sync_on,hard_p32_w3_i0_t10000000
16.15,980.7692307692308,980.7692307692308,980.7692307692308,2879548.0,2879548.0,2879548.0,126759.0,126759.0,126759.0,0.0,0.0,hard,32,3,0,10000000,sync_on,hard_p32_w3_i0_t10000000
16.19,619.3988050784168,403.84615384615387,834.9514563106796,2813982.0,2760188.0,2867776.0,133268.0,131768.0,134768.0,0.0,0.0,hard,32,3,0,10000000,sync_on,hard_p32_w3_i0_t10000000
16.21,846.1538461538462,846.1538461538462,846.1538461538462,2844096.0,2844096.0,2844096.0,133467.0,133467.0,133467.0,0.0,0.0,hard,32,3,0,10000000,sync_on,hard_p32_w3_i0_t10000000
16.24,803.921568627451,803.921568627451,803.921568627451,2781796.0,2781796.0,2781796.0,122904.0,122904.0,122904.0,0.0,0.0,hard,32,3,0,10000000,sync_on,hard_p32_w3_i0_t10000000
16.25,686.2745098039217,686.2745098039217,686.2745098039217,2879756.0,2879756.0,2879756.0,127969.0,127969.0,127969.0,0.0,0.0,hard,32,3,0,10000000,sync_on,hard_p32_w3_i0_t10000000
16.3,644.2307692307693,480.7692307692308,807.6923076923077,2814382.0,2760676.0,2868088.0,133301.5,131806.0,134797.0,0.0,0.0,hard,32,3,0,10000000,sync_on,hard_p32_w3_i0_t10000000
16.32,913.4615384615385,913.4615384615385,913.4615384615385,2844312.0,2844312.0,2844312.0,133505.0,133505.0,133505.0,0.0,0.0,hard,32,3,0,10000000,sync_on,hard_p32_w3_i0_t10000000
16.35,1173.076923076923,1173.076923076923,1173.076923076923,2782108.0,2782108.0,2782108.0,122967.0,122967.0,122967.0,0.0,0.0,hard,32,3,0,10000000,sync_on,hard_p32_w3_i0_t10000000
16.36,1223.3009708737866,1223.3009708737866,1223.3009708737866,2877948.0,2877948.0,2877948.0,124620.0,124620.0,124620.0,0.0,0.0,hard,32,3,0,10000000,sync_on,hard_p32_w3_i0_t10000000
16.4,564.5468392993146,475.2475247524752,653.8461538461539,2814790.0,2760840.0,2868740.0,133328.5,131825.0,134832.0,0.0,0.0,hard,32,3,0,10000000,sync_on,hard_p32_w3_i0_t10000000
16.42,721.1538461538462,721.1538461538462,721.1538461538462,2844632.0,2844632.0,2844632.0,133541.0,133541.0,133541.0,0.0,0.0,hard,32,3,0,10000000,sync_on,hard_p32_w3_i0_t10000000
16.45,1247.5247524752474,1247.5247524752474,1247.5247524752474,2782920.0,2782920.0,2782920.0,123029.0,123029.0,123029.0,0.0,0.0,hard,32,3,0,10000000,sync_on,hard_p32_w3_i0_t10000000
16.46,911.764705882353,911.764705882353,911.764705882353,2877660.0,2877660.0,2877660.0,123274.0,123274.0,123274.0,0.0,0.0,hard,32,3,0,10000000,sync_on,hard_p32_w3_i0_t10000000
16.5,642.4570575056013,631.0679611650486,653.8461538461539,2815292.0,2761388.0,2869196.0,133356.0,131857.0,134855.0,0.0,0.0,hard,32,3,0,10000000,sync_on,hard_p32_w3_i0_t10000000
16.52,669.9029126213593,669.9029126213593,669.9029126213593,2844812.0,2844812.0,2844812.0,133577.0,133577.0,133577.0,0.0,0.0,hard,32,3,0,10000000,sync_on,hard_p32_w3_i0_t10000000
16.55,1269.2307692307693,1269.2307692307693,1269.2307692307693,2783656.0,2783656.0,2783656.0,123084.0,123084.0,123084.0,0.0,0.0,hard,32,3,0,10000000,sync_on,hard_p32_w3_i0_t10000000
16.56,1174.7572815533981,1174.7572815533981,1174.7572815533981,2878796.0,2878796.0,2878796.0,123330.0,123330.0,123330.0,0.0,0.0,hard,32,3,0,10000000,sync_on,hard_p32_w3_i0_t10000000
16.6,427.1844660194175,427.1844660194175,427.1844660194175,2761792.0,2761792.0,2761792.0,131889.0,131889.0,131889.0,0.0,0.0,hard,32,3,0,10000000,sync_on,hard_p32_w3_i0_t10000000
16.61,548.0769230769231,548.0769230769231,548.0769230769231,2869572.0,2869572.0,2869572.0,135825.0,135825.0,135825.0,0.0,0.0,hard,32,3,0,10000000,sync_on,hard_p32_w3_i0_t10000000
16.63,705.8823529411765,705.8823529411765,705.8823529411765,2844964.0,2844964.0,2844964.0,133607.0,133607.0,133607.0,0.0,0.0,hard,32,3,0,10000000,sync_on,hard_p32_w3_i0_t10000000
16.65,1326.7326732673266,1326.7326732673266,1326.7326732673266,2784064.0,2784064.0,2784064.0,123150.0,123150.0,123150.0,0.0,0.0,hard,32,3,0,10000000,sync_on,hard_p32_w3_i0_t10000000
16.66,1392.1568627450981,1392.1568627450981,1392.1568627450981,2879460.0,2879460.0,2879460.0,123389.0,123389.0,123389.0,0.0,0.0,hard,32,3,0,10000000,sync_on,hard_p32_w3_i0_t10000000
16.71,411.9678864824496,134.6153846153846,689.3203883495146,2815950.0,2762252.0,2869648.0,134334.5,131931.0,136738.0,0.0,0.0,hard,32,3,0,10000000,sync_on,hard_p32_w3_i0_t10000000
16.73,592.2330097087379,592.2330097087379,592.2330097087379,2845076.0,2845076.0,2845076.0,133641.0,133641.0,133641.0,0.0,0.0,hard,32,3,0,10000000,sync_on,hard_p32_w3_i0_t10000000
16.75,1215.686274509804,1215.686274509804,1215.686274509804,2784580.0,2784580.0,2784580.0,123216.0,123216.0,123216.0,0.0,0.0,hard,32,3,0,10000000,sync_on,hard_p32_w3_i0_t10000000
16.77,1291.2621359223301,1291.2621359223301,1291.2621359223301,2880304.0,2880304.0,2880304.0,123453.0,123453.0,123453.0,0.0,0.0,hard,32,3,0,10000000,sync_on,hard_p32_w3_i0_t10000000
16.81,393.20388349514565,0.0,786.4077669902913,2816306.0,2762964.0,2869648.0,134351.0,131964.0,136738.0,0.0,0.0,hard,32,3,0,10000000,sync_on,hard_p32_w3_i0_t10000000
16.83,519.2307692307693,519.2307692307693,519.2307692307693,2845160.0,2845160.0,2845160.0,133679.0,133679.0,133679.0,0.0,0.0,hard,32,3,0,10000000,sync_on,hard_p32_w3_i0_t10000000
16.86,1138.6138613861385,1138.6138613861385,1138.6138613861385,2785016.0,2785016.0,2785016.0,123275.0,123275.0,123275.0,0.0,0.0,hard,32,3,0,10000000,sync_on,hard_p32_w3_i0_t10000000
16.87,1267.3267326732673,1267.3267326732673,1267.3267326732673,2880908.0,2880908.0,2880908.0,123529.0,123529.0,123529.0,0.0,0.0,hard,32,3,0,10000000,sync_on,hard_p32_w3_i0_t10000000
16.91,567.3076923076924,567.3076923076924,567.3076923076924,2763580.0,2763580.0,2763580.0,133838.0,133838.0,133838.0,0.0,0.0,hard,32,3,0,10000000,sync_on,hard_p32_w3_i0_t10000000
16.92,0.0,0.0,0.0,2869648.0,2869648.0,2869648.0,136738.0,136738.0,136738.0,0.0,0.0,hard,32,3,0,10000000,sync_on,hard_p32_w3_i0_t10000000
16.94,466.0194174757282,466.0194174757282,466.0194174757282,2845256.0,2845256.0,2845256.0,133703.0,133703.0,133703.0,0.0,0.0,hard,32,3,0,10000000,sync_on,hard_p32_w3_i0_t10000000
16.96,1294.1176470588236,1294.1176470588236,1294.1176470588236,2785508.0,2785508.0,2785508.0,123329.0,123329.0,123329.0,0.0,0.0,hard,32,3,0,10000000,sync_on,hard_p32_w3_i0_t10000000
16.97,1211.5384615384617,1211.5384615384617,1211.5384615384617,2881380.0,2881380.0,2881380.0,123592.0,123592.0,123592.0,0.0,0.0,hard,32,3,0,10000000,sync_on,hard_p32_w3_i0_t10000000
17.02,291.2621359223301,0.0,582.5242718446602,2815986.0,2762324.0,2869648.0,134380.5,132023.0,136738.0,0.0,0.0,hard,32,3,0,10000000,sync_on,hard_p32_w3_i0_t10000000
17.04,548.0769230769231,548.0769230769231,548.0769230769231,2845396.0,2845396.0,2845396.0,133726.0,133726.0,133726.0,0.0,0.0,hard,32,3,0,10000000,sync_on,hard_p32_w3_i0_t10000000
17.06,1174.7572815533981,1174.7572815533981,1174.7572815533981,2785940.0,2785940.0,2785940.0,123390.0,123390.0,123390.0,0.0,0.0,hard,32,3,0,10000000,sync_on,hard_p32_w3_i0_t10000000
17.07,1372.5490196078433,1372.5490196078433,1372.5490196078433,2881932.0,2881932.0,2881932.0,119882.0,119882.0,119882.0,0.0,0.0,hard,32,3,0,10000000,sync_on,hard_p32_w3_i0_t10000000
17.12,283.6538461538462,0.0,567.3076923076924,2816124.0,2762600.0,2869648.0,134397.0,132056.0,136738.0,0.0,0.0,hard,32,3,0,10000000,sync_on,hard_p32_w3_i0_t10000000
17.14,480.7692307692308,480.7692307692308,480.7692307692308,2845472.0,2845472.0,2845472.0,133756.0,133756.0,133756.0,0.0,0.0,hard,32,3,0,10000000,sync_on,hard_p32_w3_i0_t10000000
17.16,1237.6237623762374,1237.6237623762374,1237.6237623762374,2786276.0,2786276.0,2786276.0,123448.0,123448.0,123448.0,0.0,0.0,hard,32,3,0,10000000,sync_on,hard_p32_w3_i0_t10000000
17.18,1225.4901960784314,1225.4901960784314,1225.4901960784314,2882344.0,2882344.0,2882344.0,116165.0,116165.0,116165.0,0.0,0.0,hard,32,3,0,10000000,sync_on,hard_p32_w3_i0_t10000000
17.22,621.3592233009709,621.3592233009709,621.3592233009709,2762988.0,2762988.0,2762988.0,132085.0,132085.0,132085.0,0.0,0.0,hard,32,3,0,10000000,sync_on,hard_p32_w3_i0_t10000000
17.23,0.0,0.0,0.0,2869648.0,2869648.0,2869648.0,136738.0,136738.0,136738.0,0.0,0.0,hard,32,3,0,10000000,sync_on,hard_p32_w3_i0_t10000000
17.25,509.61538461538464,509.61538461538464,509.61538461538464,2845644.0,2845644.0,2845644.0,133783.0,133783.0,133783.0,0.0,0.0,hard,32,3,0,10000000,sync_on,hard_p32_w3_i0_t10000000
17.26,1401.9607843137255,1401.9607843137255,1401.9607843137255,2786660.0,2786660.0,2786660.0,123517.0,123517.0,123517.0,0.0,0.0,hard,32,3,0,10000000,sync_on,hard_p32_w3_i0_t10000000
17.28,1176.4705882352941,1176.4705882352941,1176.4705882352941,2882608.0,2882608.0,2882608.0,116233.0,116233.0,116233.0,0.0,0.0,hard,32,3,0,10000000,sync_on,hard_p32_w3_i0_t10000000
17.33,271.84466019417476,0.0,543.6893203883495,2816506.0,2763364.0,2869648.0,134431.0,132124.0,136738.0,0.0,0.0,hard,32,3,0,10000000,sync_on,hard_p32_w3_i0_t10000000
17.35,563.1067961165049,563.1067961165049,563.1067961165049,2845900.0,2845900.0,2845900.0,133814.0,133814.0,133814.0,0.0,0.0,hard,32,3,0,10000000,sync_on,hard_p32_w3_i0_t10000000
17.36,1178.2178217821781,1178.2178217821781,1178.2178217821781,2787028.0,2787028.0,2787028.0,119804.0,119804.0,119804.0,0.0,0.0,hard,32,3,0,10000000,sync_on,hard_p32_w3_i0_t10000000
17.38,1166.6666666666667,1166.6666666666667,1166.6666666666667,2883124.0,2883124.0,2883124.0,116283.0,116283.0,116283.0,0.0,0.0,hard,32,3,0,10000000,sync_on,hard_p32_w3_i0_t10000000
17.43,903.8461538461539,903.8461538461539,903.8461538461539,2763884.0,2763884.0,2763884.0,132168.0,132168.0,132168.0,0.0,0.0,hard,32,3,0,10000000,sync_on,hard_p32_w3_i0_t10000000
17.44,0.0,0.0,0.0,2869648.0,2869648.0,2869648.0,136738.0,136738.0,136738.0,0.0,0.0,hard,32,3,0,10000000,sync_on,hard_p32_w3_i0_t10000000
17.46,576.9230769230769,576.9230769230769,576.9230769230769,2846036.0,2846036.0,2846036.0,133842.0,133842.0,133842.0,0.0,0.0,hard,32,3,0,10000000,sync_on,hard_p32_w3_i0_t10000000
17.47,1388.3495145631068,1388.3495145631068,1388.3495145631068,2787344.0,2787344.0,2787344.0,119875.0,119875.0,119875.0,0.0,0.0,hard,32,3,0,10000000,sync_on,hard_p32_w3_i0_t10000000
17.48,306.9306930693069,306.9306930693069,306.9306930693069,2883228.0,2883228.0,2883228.0,116306.0,116306.0,116306.0,0.0,0.0,hard,32,3,0,10000000,sync_on,hard_p32_w3_i0_t10000000
17.53,543.6893203883495,543.6893203883495,543.6893203883495,2764164.0,2764164.0,2764164.0,132456.0,132456.0,132456.0,0.0,0.0,hard,32,3,0,10000000,sync_on,hard_p32_w3_i0_t10000000
17.54,105.76923076923077,105.76923076923077,105.76923076923077,2869664.0,2869664.0,2869664.0,136739.0,136739.0,136739.0,0.0,0.0,hard,32,3,0,10000000,sync_on,hard_p32_w3_i0_t10000000
17.56,388.3495145631068,388.3495145631068,388.3495145631068,2846140.0,2846140.0,2846140.0,133863.0,133863.0,133863.0,0.0,0.0,hard,32,3,0,10000000,sync_on,hard_p32_w3_i0_t10000000
17.57,1168.3168316831682,1168.3168316831682,1168.3168316831682,2787572.0,2787572.0,2787572.0,116171.0,116171.0,116171.0,0.0,0.0,hard,32,3,0,10000000,sync_on,hard_p32_w3_i0_t10000000
17.58,529.4117647058824,529.4117647058824,529.4117647058824,2883372.0,2883372.0,2883372.0,116335.0,116335.0,116335.0,0.0,0.0,hard,32,3,0,10000000,sync_on,hard_p32_w3_i0_t10000000
17.64,271.84466019417476,97.0873786407767,446.6019417475728,2817320.0,2764748.0,2869892.0,132591.0,128435.0,136747.0,0.0,0.0,hard,32,3,0,10000000,sync_on,hard_p32_w3_i0_t10000000
17.66,548.0769230769231,548.0769230769231,548.0769230769231,2846244.0,2846244.0,2846244.0,133891.0,133891.0,133891.0,0.0,0.0,hard,32,3,0,10000000,sync_on,hard_p32_w3_i0_t10000000
17.67,1174.7572815533981,1174.7572815533981,1174.7572815533981,2788228.0,2788228.0,2788228.0,116232.0,116232.0,116232.0,0.0,0.0,hard,32,3,0,10000000,sync_on,hard_p32_w3_i0_t10000000
17.68,825.242718446602,825.242718446602,825.242718446602,2883680.0,2883680.0,2883680.0,116378.0,116378.0,116378.0,0.0,0.0,hard,32,3,0,10000000,sync_on,hard_p32_w3_i0_t10000000
17.74,592.2330097087379,592.2330097087379,592.2330097087379,2764944.0,2764944.0,2764944.0,128463.0,128463.0,128463.0,0.0,0.0,hard,32,3,0,10000000,sync_on,hard_p32_w3_i0_t10000000
17.75,346.1538461538462,346.1538461538462,346.1538461538462,2868180.0,2868180.0,2868180.0,134918.0,134918.0,134918.0,0.0,0.0,hard,32,3,0,10000000,sync_on,hard_p32_w3_i0_t10000000
17.77,871.9193427931293,384.61538461538464,1359.2233009708739,2817546.0,2788768.0,2846324.0,125234.0,116559.0,133909.0,0.0,0.0,hard,32,3,0,10000000,sync_on,hard_p32_w3_i0_t10000000
17.79,1048.076923076923,1048.076923076923,1048.076923076923,2883964.0,2883964.0,2883964.0,116431.0,116431.0,116431.0,0.0,0.0,hard,32,3,0,10000000,sync_on,hard_p32_w3_i0_t10000000
17.84,894.2307692307693,894.2307692307693,894.2307692307693,2765648.0,2765648.0,2765648.0,128503.0,128503.0,128503.0,0.0,0.0,hard,32,3,0,10000000,sync_on,hard_p32_w3_i0_t10000000
17.85,471.1538461538462,471.1538461538462,471.1538461538462,2868524.0,2868524.0,2868524.0,134952.0,134952.0,134952.0,0.0,0.0,hard,32,3,0,10000000,sync_on,hard_p32_w3_i0_t10000000
17.87,288.46153846153845,288.46153846153845,288.46153846153845,2846364.0,2846364.0,2846364.0,133927.0,133927.0,133927.0,0.0,0.0,hard,32,3,0,10000000,sync_on,hard_p32_w3_i0_t10000000
17.88,1118.8118811881188,1118.8118811881188,1118.8118811881188,2789392.0,2789392.0,2789392.0,112580.0,112580.0,112580.0,0.0,0.0,hard,32,3,0,10000000,sync_on,hard_p32_w3_i0_t10000000
17.89,932.6923076923077,932.6923076923077,932.6923076923077,2884260.0,2884260.0,2884260.0,116474.0,116474.0,116474.0,0.0,0.0,hard,32,3,0,10000000,sync_on,hard_p32_w3_i0_t10000000
17.95,415.6553398058253,375.0,456.3106796116505,2817316.0,2765892.0,2868740.0,131756.0,128536.0,134976.0,0.0,0.0,hard,32,3,0,10000000,sync_on,hard_p32_w3_i0_t10000000
17.97,572.8155339805826,572.8155339805826,572.8155339805826,2846484.0,2846484.0,2846484.0,133960.0,133960.0,133960.0,0.0,0.0,hard,32,3,0,10000000,sync_on,hard_p32_w3_i0_t10000000
17.98,1254.9019607843138,1254.9019607843138,1254.9019607843138,2789752.0,2789752.0,2789752.0,112649.0,112649.0,112649.0,0.0,0.0,hard,32,3,0,10000000,sync_on,hard_p32_w3_i0_t10000000
18.0,578.4313725490197,578.4313725490197,578.4313725490197,2884336.0,2884336.0,2884336.0,116504.0,116504.0,116504.0,0.0,0.0,hard,32,3,0,10000000,sync_on,hard_p32_w3_i0_t10000000
18.05,807.6923076923077,807.6923076923077,807.6923076923077,2766388.0,2766388.0,2766388.0,128578.0,128578.0,128578.0,0.0,0.0,hard,32,3,0,10000000,sync_on,hard_p32_w3_i0_t10000000
18.06,436.8932038834952,436.8932038834952,436.8932038834952,2869080.0,2869080.0,2869080.0,134991.0,134991.0,134991.0,0.0,0.0,hard,32,3,0,10000000,sync_on,hard_p32_w3_i0_t10000000
18.08,966.3937547600914,596.1538461538462,1336.6336633663366,2818410.0,2790160.0,2846660.0,123352.5,112721.0,133984.0,0.0,0.0,hard,32,3,0,10000000,sync_on,hard_p32_w3_i0_t10000000
18.1,436.8932038834952,436.8932038834952,436.8932038834952,2884440.0,2884440.0,2884440.0,116531.0,116531.0,116531.0,0.0,0.0,hard,32,3,0,10000000,sync_on,hard_p32_w3_i0_t10000000
18.15,718.4466019417476,718.4466019417476,718.4466019417476,2766792.0,2766792.0,2766792.0,128613.0,128613.0,128613.0,0.0,0.0,hard,32,3,0,10000000,sync_on,hard_p32_w3_i0_t10000000
18.16,394.2307692307692,394.2307692307692,394.2307692307692,2869296.0,2869296.0,2869296.0,135016.0,135016.0,135016.0,0.0,0.0,hard,32,3,0,10000000,sync_on,hard_p32_w3_i0_t10000000
18.18,938.631221719457,759.6153846153846,1117.6470588235295,2818658.0,2790496.0,2846820.0,123408.5,112783.0,134034.0,0.0,0.0,hard,32,3,0,10000000,sync_on,hard_p32_w3_i0_t10000000
18.2,786.4077669902913,786.4077669902913,786.4077669902913,2884552.0,2884552.0,2884552.0,116581.0,116581.0,116581.0,0.0,0.0,hard,32,3,0,10000000,sync_on,hard_p32_w3_i0_t10000000
18.26,553.3980582524272,553.3980582524272,553.3980582524272,2767024.0,2767024.0,2767024.0,128640.0,128640.0,128640.0,0.0,0.0,hard,32,3,0,10000000,sync_on,hard_p32_w3_i0_t10000000
18.27,567.3076923076924,567.3076923076924,567.3076923076924,2869676.0,2869676.0,2869676.0,135047.0,135047.0,135047.0,0.0,0.0,hard,32,3,0,10000000,sync_on,hard_p32_w3_i0_t10000000
18.28,1294.1176470588236,1294.1176470588236,1294.1176470588236,2791016.0,2791016.0,2791016.0,112850.0,112850.0,112850.0,0.0,0.0,hard,32,3,0,10000000,sync_on,hard_p32_w3_i0_t10000000
18.29,461.53846153846155,461.53846153846155,461.53846153846155,2846964.0,2846964.0,2846964.0,134053.0,134053.0,134053.0,0.0,0.0,hard,32,3,0,10000000,sync_on,hard_p32_w3_i0_t10000000
18.3,884.6153846153846,884.6153846153846,884.6153846153846,2884908.0,2884908.0,2884908.0,117174.0,117174.0,117174.0,0.0,0.0,hard,32,3,0,10000000,sync_on,hard_p32_w3_i0_t10000000
18.36,663.4615384615385,663.4615384615385,663.4615384615385,2767420.0,2767420.0,2767420.0,128678.0,128678.0,128678.0,0.0,0.0,hard,32,3,0,10000000,sync_on,hard_p32_w3_i0_t10000000
18.37,519.2307692307693,519.2307692307693,519.2307692307693,2869924.0,2869924.0,2869924.0,135080.0,135080.0,135080.0,0.0,0.0,hard,32,3,0,10000000,sync_on,hard_p32_w3_i0_t10000000
18.39,1003.2051282051283,673.0769230769231,1333.3333333333335,2819230.0,2791320.0,2847140.0,123497.5,112912.0,134083.0,0.0,0.0,hard,32,3,0,10000000,sync_on,hard_p32_w3_i0_t10000000
18.41,495.1456310679612,495.1456310679612,495.1456310679612,2885336.0,2885336.0,2885336.0,118482.0,118482.0,118482.0,0.0,0.0,hard,32,3,0,10000000,sync_on,hard_p32_w3_i0_t10000000
18.46,912.621359223301,912.621359223301,912.621359223301,2767804.0,2767804.0,2767804.0,128723.0,128723.0,128723.0,0.0,0.0,hard,32,3,0,10000000,sync_on,hard_p32_w3_i0_t10000000
18.47,543.6893203883495,543.6893203883495,543.6893203883495,2870196.0,2870196.0,2870196.0,136002.0,136002.0,136002.0,0.0,0.0,hard,32,3,0,10000000,sync_on,hard_p32_w3_i0_t10000000
18.49,925.2138806113621,553.3980582524272,1297.029702970297,2819506.0,2791712.0,2847300.0,123549.0,112978.0,134120.0,0.0,0.0,hard,32,3,0,10000000,sync_on,hard_p32_w3_i0_t10000000
18.51,611.6504854368933,611.6504854368933,611.6504854368933,2883660.0,2883660.0,2883660.0,116912.0,116912.0,116912.0,0.0,0.0,hard,32,3,0,10000000,sync_on,hard_p32_w3_i0_t10000000
18.57,778.8461538461539,778.8461538461539,778.8461538461539,2768280.0,2768280.0,2768280.0,128762.0,128762.0,128762.0,0.0,0.0,hard,32,3,0,10000000,sync_on,hard_p32_w3_i0_t10000000
18.58,471.1538461538462,471.1538461538462,471.1538461538462,2868716.0,2868716.0,2868716.0,135129.0,135129.0,135129.0,0.0,0.0,hard,32,3,0,10000000,sync_on,hard_p32_w3_i0_t10000000
18.59,1392.1568627450981,1392.1568627450981,1392.1568627450981,2792016.0,2792016.0,2792016.0,113046.0,113046.0,113046.0,0.0,0.0,hard,32,3,0,10000000,sync_on,hard_p32_w3_i0_t10000000
18.6,394.2307692307692,394.2307692307692,394.2307692307692,2847384.0,2847384.0,2847384.0,134143.0,134143.0,134143.0,0.0,0.0,hard,32,3,0,10000000,sync_on,hard_p32_w3_i0_t10000000
18.61,854.368932038835,854.368932038835,854.368932038835,2884020.0,2884020.0,2884020.0,113205.0,113205.0,113205.0,0.0,0.0,hard,32,3,0,10000000,sync_on,hard_p32_w3_i0_t10000000
18.67,699.0291262135922,699.0291262135922,699.0291262135922,2768676.0,2768676.0,2768676.0,128802.0,128802.0,128802.0,0.0,0.0,hard,32,3,0,10000000,sync_on,hard_p32_w3_i0_t10000000
18.68,682.6923076923077,682.6923076923077,682.6923076923077,2869096.0,2869096.0,2869096.0,135162.0,135162.0,135162.0,0.0,0.0,hard,32,3,0,10000000,sync_on,hard_p32_w3_i0_t10000000
18.69,1259.6153846153848,1259.6153846153848,1259.6153846153848,2792464.0,2792464.0,2792464.0,113116.0,113116.0,113116.0,0.0,0.0,hard,32,3,0,10000000,sync_on,hard_p32_w3_i0_t10000000
18.7,336.53846153846155,336.53846153846155,336.53846153846155,2847456.0,2847456.0,2847456.0,134168.0,134168.0,134168.0,0.0,0.0,hard,32,3,0,10000000,sync_on,hard_p32_w3_i0_t10000000
18.72,378.6407766990292,378.6407766990292,378.6407766990292,2884120.0,2884120.0,2884120.0,109195.0,109195.0,109195.0,0.0,0.0,hard,32,3,0,10000000,sync_on,hard_p32_w3_i0_t10000000
18.77,692.3076923076924,692.3076923076924,692.3076923076924,2769068.0,2769068.0,2769068.0,128845.0,128845.0,128845.0,0.0,0.0,hard,32,3,0,10000000,sync_on,hard_p32_w3_i0_t10000000
18.78,421.56862745098044,421.56862745098044,421.56862745098044,2869428.0,2869428.0,2869428.0,135182.0,135182.0,135182.0,0.0,0.0,hard,32,3,0,10000000,sync_on,hard_p32_w3_i0_t10000000
18.8,871.2164477441463,470.5882352941177,1271.8446601941748,2820236.0,2792904.0,2847568.0,123796.0,113399.0,134193.0,0.0,0.0,hard,32,3,0,10000000,sync_on,hard_p32_w3_i0_t10000000
18.82,932.6923076923077,932.6923076923077,932.6923076923077,2884404.0,2884404.0,2884404.0,109238.0,109238.0,109238.0,0.0,0.0,hard,32,3,0,10000000,sync_on,hard_p32_w3_i0_t10000000
18.88,1019.4174757281554,1019.4174757281554,1019.4174757281554,2769312.0,2769312.0,2769312.0,128890.0,128890.0,128890.0,0.0,0.0,hard,32,3,0,10000000,sync_on,hard_p32_w3_i0_t10000000
18.89,365.3846153846154,365.3846153846154,365.3846153846154,2869644.0,2869644.0,2869644.0,135478.0,135478.0,135478.0,0.0,0.0,hard,32,3,0,10000000,sync_on,hard_p32_w3_i0_t10000000
18.9,1264.7058823529412,1264.7058823529412,1264.7058823529412,2793372.0,2793372.0,2793372.0,109471.0,109471.0,109471.0,0.0,0.0,hard,32,3,0,10000000,sync_on,hard_p32_w3_i0_t10000000
18.91,759.6153846153846,759.6153846153846,759.6153846153846,2847800.0,2847800.0,2847800.0,134231.0,134231.0,134231.0,0.0,0.0,hard,32,3,0,10000000,sync_on,hard_p32_w3_i0_t10000000
18.92,686.2745098039217,686.2745098039217,686.2745098039217,2884680.0,2884680.0,2884680.0,109280.0,109280.0,109280.0,0.0,0.0,hard,32,3,0,10000000,sync_on,hard_p32_w3_i0_t10000000
18.98,495.1456310679612,495.1456310679612,495.1456310679612,2769564.0,2769564.0,2769564.0,128918.0,128918.0,128918.0,0.0,0.0,hard,32,3,0,10000000,sync_on,hard_p32_w3_i0_t10000000
18.99,230.76923076923077,230.76923076923077,230.76923076923077,2869900.0,2869900.0,2869900.0,137063.0,137063.0,137063.0,0.0,0.0,hard,32,3,0,10000000,sync_on,hard_p32_w3_i0_t10000000
19.0,1235.294117647059,1235.294117647059,1235.294117647059,2793732.0,2793732.0,2793732.0,109538.0,109538.0,109538.0,0.0,0.0,hard,32,3,0,10000000,sync_on,hard_p32_w3_i0_t10000000
19.01,269.2307692307692,269.2307692307692,269.2307692307692,2847852.0,2847852.0,2847852.0,134244.0,134244.0,134244.0,0.0,0.0,hard,32,3,0,10000000,sync_on,hard_p32_w3_i0_t10000000
19.03,721.1538461538462,721.1538461538462,721.1538461538462,2884932.0,2884932.0,2884932.0,109315.0,109315.0,109315.0,0.0,0.0,hard,32,3,0,10000000,sync_on,hard_p32_w3_i0_t10000000
19.08,786.4077669902913,786.4077669902913,786.4077669902913,2769876.0,2769876.0,2769876.0,128959.0,128959.0,128959.0,0.0,0.0,hard,32,3,0,10000000,sync_on,hard_p32_w3_i0_t10000000
19.09,0.0,0.0,0.0,2869900.0,2869900.0,2869900.0,137063.0,137063.0,137063.0,0.0,0.0,hard,32,3,0,10000000,sync_on,hard_p32_w3_i0_t10000000
19.1,1266.6666666666667,1266.6666666666667,1266.6666666666667,2794112.0,2794112.0,2794112.0,109860.0,109860.0,109860.0,0.0,0.0,hard,32,3,0,10000000,sync_on,hard_p32_w3_i0_t10000000
19.11,259.61538461538464,259.61538461538464,259.61538461538464,2848004.0,2848004.0,2848004.0,135029.0,135029.0,135029.0,0.0,0.0,hard,32,3,0,10000000,sync_on,hard_p32_w3_i0_t10000000
19.13,660.1941747572816,660.1941747572816,660.1941747572816,2885216.0,2885216.0,2885216.0,109350.0,109350.0,109350.0,0.0,0.0,hard,32,3,0,10000000,sync_on,hard_p32_w3_i0_t10000000
19.19,572.8155339805826,572.8155339805826,572.8155339805826,2770052.0,2770052.0,2770052.0,128987.0,128987.0,128987.0,0.0,0.0,hard,32,3,0,10000000,sync_on,hard_p32_w3_i0_t10000000
19.2,0.0,0.0,0.0,2869900.0,2869900.0,2869900.0,137063.0,137063.0,137063.0,0.0,0.0,hard,32,3,0,10000000,sync_on,hard_p32_w3_i0_t10000000
19.21,1254.9019607843138,1254.9019607843138,1254.9019607843138,2794440.0,2794440.0,2794440.0,105882.0,105882.0,105882.0,0.0,0.0,hard,32,3,0,10000000,sync_on,hard_p32_w3_i0_t10000000
19.22,711.5384615384615,711.5384615384615,711.5384615384615,2848420.0,2848420.0,2848420.0,124415.0,124415.0,124415.0,0.0,0.0,hard,32,3,0,10000000,sync_on,hard_p32_w3_i0_t10000000
19.23,766.990291262136,766.990291262136,766.990291262136,2885588.0,2885588.0,2885588.0,109390.0,109390.0,109390.0,0.0,0.0,hard,32,3,0,10000000,sync_on,hard_p32_w3_i0_t10000000
19.29,596.1538461538462,596.1538461538462,596.1538461538462,2770340.0,2770340.0,2770340.0,129015.0,129015.0,129015.0,0.0,0.0,hard,32,3,0,10000000,sync_on,hard_p32_w3_i0_t10000000
19.3,0.0,0.0,0.0,2869900.0,2869900.0,2869900.0,137063.0,137063.0,137063.0,0.0,0.0,hard,32,3,0,10000000,sync_on,hard_p32_w3_i0_t10000000
19.31,1188.118811881188,1188.118811881188,1188.118811881188,2794800.0,2794800.0,2794800.0,105946.0,105946.0,105946.0,0.0,0.0,hard,32,3,0,10000000,sync_on,hard_p32_w3_i0_t10000000
19.32,711.5384615384615,711.5384615384615,711.5384615384615,2847280.0,2847280.0,2847280.0,134336.0,134336.0,134336.0,0.0,0.0,hard,32,3,0,10000000,sync_on,hard_p32_w3_i0_t10000000
19.34,605.7692307692308,605.7692307692308,605.7692307692308,2885688.0,2885688.0,2885688.0,109427.0,109427.0,109427.0,0.0,0.0,hard,32,3,0,10000000,sync_on,hard_p32_w3_i0_t10000000
19.39,728.1553398058253,728.1553398058253,728.1553398058253,2770608.0,2770608.0,2770608.0,129057.0,129057.0,129057.0,0.0,0.0,hard,32,3,0,10000000,sync_on,hard_p32_w3_i0_t10000000
19.41,578.4313725490197,0.0,1156.8627450980393,2832454.0,2795008.0,2869900.0,121533.5,106004.0,137063.0,0.0,0.0,hard,32,3,0,10000000,sync_on,hard_p32_w3_i0_t10000000
19.43,514.5631067961166,514.5631067961166,514.5631067961166,2847712.0,2847712.0,2847712.0,135337.0,135337.0,135337.0,0.0,0.0,hard,32,3,0,10000000,sync_on,hard_p32_w3_i0_t10000000
19.44,631.0679611650486,631.0679611650486,631.0679611650486,2885784.0,2885784.0,2885784.0,109463.0,109463.0,109463.0,0.0,0.0,hard,32,3,0,10000000,sync_on,hard_p32_w3_i0_t10000000
19.5,592.2330097087379,592.2330097087379,592.2330097087379,2770960.0,2770960.0,2770960.0,129085.0,129085.0,129085.0,0.0,0.0,hard,32,3,0,10000000,sync_on,hard_p32_w3_i0_t10000000
19.51,613.8613861386139,0.0,1227.7227722772277,2832566.0,2795232.0,2869900.0,121566.5,106070.0,137063.0,0.0,0.0,hard,32,3,0,10000000,sync_on,hard_p32_w3_i0_t10000000
19.53,174.75728155339806,174.75728155339806,174.75728155339806,2847756.0,2847756.0,2847756.0,136215.0,136215.0,136215.0,0.0,0.0,hard,32,3,0,10000000,sync_on,hard_p32_w3_i0_t10000000
19.54,825.242718446602,825.242718446602,825.242718446602,2886124.0,2886124.0,2886124.0,109508.0,109508.0,109508.0,0.0,0.0,hard,32,3,0,10000000,sync_on,hard_p32_w3_i0_t10000000
19.6,786.4077669902913,786.4077669902913,786.4077669902913,2771312.0,2771312.0,2771312.0,129201.0,129201.0,129201.0,0.0,0.0,hard,32,3,0,10000000,sync_on,hard_p32_w3_i0_t10000000
19.61,622.5490196078432,0.0,1245.0980392156864,2832690.0,2795480.0,2869900.0,121597.0,106131.0,137063.0,0.0,0.0,hard,32,3,0,10000000,sync_on,hard_p32_w3_i0_t10000000
19.63,0.0,0.0,0.0,2847756.0,2847756.0,2847756.0,136215.0,136215.0,136215.0,0.0,0.0,hard,32,3,0,10000000,sync_on,hard_p32_w3_i0_t10000000
19.65,543.6893203883495,543.6893203883495,543.6893203883495,2886188.0,2886188.0,2886188.0,109540.0,109540.0,109540.0,0.0,0.0,hard,32,3,0,10000000,sync_on,hard_p32_w3_i0_t10000000
19.7,689.3203883495146,689.3203883495146,689.3203883495146,2771792.0,2771792.0,2771792.0,130995.0,130995.0,130995.0,0.0,0.0,hard,32,3,0,10000000,sync_on,hard_p32_w3_i0_t10000000
19.71,1178.2178217821781,1178.2178217821781,1178.2178217821781,2795856.0,2795856.0,2795856.0,106197.0,106197.0,106197.0,0.0,0.0,hard,32,3,0,10000000,sync_on,hard_p32_w3_i0_t10000000
19.72,0.0,0.0,0.0,2869900.0,2869900.0,2869900.0,137063.0,137063.0,137063.0,0.0,0.0,hard,32,3,0,10000000,sync_on,hard_p32_w3_i0_t10000000
19.74,0.0,0.0,0.0,2847756.0,2847756.0,2847756.0,136215.0,136215.0,136215.0,0.0,0.0,hard,32,3,0,10000000,sync_on,hard_p32_w3_i0_t10000000
19.75,500.0,500.0,500.0,2886308.0,2886308.0,2886308.0,109564.0,109564.0,109564.0,0.0,0.0,hard,32,3,0,10000000,sync_on,hard_p32_w3_i0_t10000000
19.8,58.25242718446602,58.25242718446602,58.25242718446602,2771800.0,2771800.0,2771800.0,130996.0,130996.0,130996.0,0.0,0.0,hard,32,3,0,10000000,sync_on,hard_p32_w3_i0_t10000000
19.82,543.6893203883495,0.0,1087.378640776699,2832996.0,2796092.0,2869900.0,121657.5,106252.0,137063.0,0.0,0.0,hard,32,3,0,10000000,sync_on,hard_p32_w3_i0_t10000000
19.84,0.0,0.0,0.0,2847756.0,2847756.0,2847756.0,136215.0,136215.0,136215.0,0.0,0.0,hard,32,3,0,10000000,sync_on,hard_p32_w3_i0_t10000000
19.85,572.8155339805826,572.8155339805826,572.8155339805826,2886488.0,2886488.0,2886488.0,109607.0,109607.0,109607.0,0.0,0.0,hard,32,3,0,10000000,sync_on,hard_p32_w3_i0_t10000000
19.91,0.0,0.0,0.0,2771800.0,2771800.0,2771800.0,130996.0,130996.0,130996.0,0.0,0.0,hard,32,3,0,10000000,sync_on,hard_p32_w3_i0_t10000000
19.92,687.1575507065269,97.0873786407767,1277.227722772277,2833134.0,2796340.0,2869928.0,121696.0,106323.0,137069.0,0.0,0.0,hard,32,3,0,10000000,sync_on,hard_p32_w3_i0_t10000000
19.94,0.0,0.0,0.0,2847756.0,2847756.0,2847756.0,136215.0,136215.0,136215.0,0.0,0.0,hard,32,3,0,10000000,sync_on,hard_p32_w3_i0_t10000000
19.96,815.5339805825244,815.5339805825244,815.5339805825244,2886728.0,2886728.0,2886728.0,109918.0,109918.0,109918.0,0.0,0.0,hard,32,3,0,10000000,sync_on,hard_p32_w3_i0_t10000000
20.01,0.0,0.0,0.0,2771800.0,2771800.0,2771800.0,130996.0,130996.0,130996.0,0.0,0.0,hard,32,3,0,10000000,sync_on,hard_p32_w3_i0_t10000000
20.02,1271.8446601941748,1271.8446601941748,1271.8446601941748,2796652.0,2796652.0,2796652.0,106383.0,106383.0,106383.0,0.0,0.0,hard,32,3,0,10000000,sync_on,hard_p32_w3_i0_t10000000
20.03,730.7692307692308,730.7692307692308,730.7692307692308,2868860.0,2868860.0,2868860.0,135258.0,135258.0,135258.0,0.0,0.0,hard,32,3,0,10000000,sync_on,hard_p32_w3_i0_t10000000
20.05,0.0,0.0,0.0,2847756.0,2847756.0,2847756.0,136215.0,136215.0,136215.0,0.0,0.0,hard,32,3,0,10000000,sync_on,hard_p32_w3_i0_t10000000
20.06,446.6019417475728,446.6019417475728,446.6019417475728,2887032.0,2887032.0,2887032.0,105893.0,105893.0,105893.0,0.0,0.0,hard,32,3,0,10000000,sync_on,hard_p32_w3_i0_t10000000
20.12,572.8155339805826,0.0,1145.6310679611652,2784430.0,2771800.0,2797060.0,118718.5,106440.0,130997.0,0.0,0.0,hard,32,3,0,10000000,sync_on,hard_p32_w3_i0_t10000000
20.13,500.0,500.0,500.0,2868940.0,2868940.0,2868940.0,135286.0,135286.0,135286.0,0.0,0.0,hard,32,3,0,10000000,sync_on,hard_p32_w3_i0_t10000000
20.15,0.0,0.0,0.0,2847756.0,2847756.0,2847756.0,136215.0,136215.0,136215.0,0.0,0.0,hard,32,3,0,10000000,sync_on,hard_p32_w3_i0_t10000000
20.16,912.621359223301,912.621359223301,912.621359223301,2887420.0,2887420.0,2887420.0,105941.0,105941.0,105941.0,0.0,0.0,hard,32,3,0,10000000,sync_on,hard_p32_w3_i0_t10000000
20.22,949.8702297414208,563.1067961165049,1336.6336633663366,2783968.0,2770396.0,2797540.0,115955.5,102730.0,129181.0,0.0,0.0,hard,32,3,0,10000000,sync_on,hard_p32_w3_i0_t10000000
20.23,368.93203883495147,368.93203883495147,368.93203883495147,2869172.0,2869172.0,2869172.0,135301.0,135301.0,135301.0,0.0,0.0,hard,32,3,0,10000000,sync_on,hard_p32_w3_i0_t10000000
20.25,0.0,0.0,0.0,2847756.0,2847756.0,2847756.0,136215.0,136215.0,136215.0,0.0,0.0,hard,32,3,0,10000000,sync_on,hard_p32_w3_i0_t10000000
20.27,807.6923076923077,807.6923076923077,807.6923076923077,2887736.0,2887736.0,2887736.0,105980.0,105980.0,105980.0,0.0,0.0,hard,32,3,0,10000000,sync_on,hard_p32_w3_i0_t10000000
20.32,634.6153846153846,634.6153846153846,634.6153846153846,2770676.0,2770676.0,2770676.0,129213.0,129213.0,129213.0,0.0,0.0,hard,32,3,0,10000000,sync_on,hard_p32_w3_i0_t10000000
20.33,1205.8823529411766,1205.8823529411766,1205.8823529411766,2797768.0,2797768.0,2797768.0,102795.0,102795.0,102795.0,0.0,0.0,hard,32,3,0,10000000,sync_on,hard_p32_w3_i0_t10000000
20.34,557.6923076923077,557.6923076923077,557.6923076923077,2869384.0,2869384.0,2869384.0,135335.0,135335.0,135335.0,0.0,0.0,hard,32,3,0,10000000,sync_on,hard_p32_w3_i0_t10000000
20.36,0.0,0.0,0.0,2847756.0,2847756.0,2847756.0,136215.0,136215.0,136215.0,0.0,0.0,hard,32,3,0,10000000,sync_on,hard_p32_w3_i0_t10000000
20.37,563.1067961165049,563.1067961165049,563.1067961165049,2887820.0,2887820.0,2887820.0,106008.0,106008.0,106008.0,0.0,0.0,hard,32,3,0,10000000,sync_on,hard_p32_w3_i0_t10000000
20.43,1038.8349514563106,786.4077669902913,1291.2621359223301,2784586.0,2771116.0,2798056.0,116060.0,102863.0,129257.0,0.0,0.0,hard,32,3,0,10000000,sync_on,hard_p32_w3_i0_t10000000
20.44,567.3076923076924,567.3076923076924,567.3076923076924,2869984.0,2869984.0,2869984.0,137211.0,137211.0,137211.0,0.0,0.0,hard,32,3,0,10000000,sync_on,hard_p32_w3_i0_t10000000
20.46,298.0769230769231,298.0769230769231,298.0769230769231,2846172.0,2846172.0,2846172.0,134389.0,134389.0,134389.0,0.0,0.0,hard,32,3,0,10000000,sync_on,hard_p32_w3_i0_t10000000
20.47,446.6019417475728,446.6019417475728,446.6019417475728,2887936.0,2887936.0,2887936.0,106044.0,106044.0,106044.0,0.0,0.0,hard,32,3,0,10000000,sync_on,hard_p32_w3_i0_t10000000
20.53,970.873786407767,747.5728155339806,1194.1747572815534,2785020.0,2771524.0,2798516.0,114805.0,99146.0,130464.0,0.0,0.0,hard,32,3,0,10000000,sync_on,hard_p32_w3_i0_t10000000
20.55,0.0,0.0,0.0,2869984.0,2869984.0,2869984.0,137211.0,137211.0,137211.0,0.0,0.0,hard,32,3,0,10000000,sync_on,hard_p32_w3_i0_t10000000
20.57,461.53846153846155,461.53846153846155,461.53846153846155,2846432.0,2846432.0,2846432.0,134408.0,134408.0,134408.0,0.0,0.0,hard,32,3,0,10000000,sync_on,hard_p32_w3_i0_t10000000
20.58,826.9230769230769,826.9230769230769,826.9230769230769,2888168.0,2888168.0,2888168.0,106078.0,106078.0,106078.0,0.0,0.0,hard,32,3,0,10000000,sync_on,hard_p32_w3_i0_t10000000
20.63,876.6968325791855,576.9230769230769,1176.4705882352941,2784448.0,2770148.0,2798748.0,114254.0,99203.0,129305.0,0.0,0.0,hard,32,3,0,10000000,sync_on,hard_p32_w3_i0_t10000000
20.65,0.0,0.0,0.0,2869984.0,2869984.0,2869984.0,137211.0,137211.0,137211.0,0.0,0.0,hard,32,3,0,10000000,sync_on,hard_p32_w3_i0_t10000000
20.67,475.7281553398058,475.7281553398058,475.7281553398058,2846612.0,2846612.0,2846612.0,134435.0,134435.0,134435.0,0.0,0.0,hard,32,3,0,10000000,sync_on,hard_p32_w3_i0_t10000000
20.68,1019.4174757281554,1019.4174757281554,1019.4174757281554,2888544.0,2888544.0,2888544.0,106135.0,106135.0,106135.0,0.0,0.0,hard,32,3,0,10000000,sync_on,hard_p32_w3_i0_t10000000
20.73,1069.3069306930693,1069.3069306930693,1069.3069306930693,2798916.0,2798916.0,2798916.0,99263.0,99263.0,99263.0,0.0,0.0,hard,32,3,0,10000000,sync_on,hard_p32_w3_i0_t10000000
20.74,737.8640776699029,737.8640776699029,737.8640776699029,2770440.0,2770440.0,2770440.0,129347.0,129347.0,129347.0,0.0,0.0,hard,32,3,0,10000000,sync_on,hard_p32_w3_i0_t10000000
20.75,0.0,0.0,0.0,2869984.0,2869984.0,2869984.0,137211.0,137211.0,137211.0,0.0,0.0,hard,32,3,0,10000000,sync_on,hard_p32_w3_i0_t10000000
20.77,596.1538461538462,596.1538461538462,596.1538461538462,2846852.0,2846852.0,2846852.0,134462.0,134462.0,134462.0,0.0,0.0,hard,32,3,0,10000000,sync_on,hard_p32_w3_i0_t10000000
20.78,666.6666666666667,666.6666666666667,666.6666666666667,2888648.0,2888648.0,2888648.0,106439.0,106439.0,106439.0,0.0,0.0,hard,32,3,0,10000000,sync_on,hard_p32_w3_i0_t10000000
20.84,1009.7087378640778,786.4077669902913,1233.0097087378642,2785042.0,2770932.0,2799152.0,114361.5,99338.0,129385.0,0.0,0.0,hard,32,3,0,10000000,sync_on,hard_p32_w3_i0_t10000000
20.86,0.0,0.0,0.0,2869984.0,2869984.0,2869984.0,137211.0,137211.0,137211.0,0.0,0.0,hard,32,3,0,10000000,sync_on,hard_p32_w3_i0_t10000000
20.88,826.9230769230769,826.9230769230769,826.9230769230769,2847288.0,2847288.0,2847288.0,130728.0,130728.0,130728.0,0.0,0.0,hard,32,3,0,10000000,sync_on,hard_p32_w3_i0_t10000000
20.89,625.0,625.0,625.0,2888856.0,2888856.0,2888856.0,102445.0,102445.0,102445.0,0.0,0.0,hard,32,3,0,10000000,sync_on,hard_p32_w3_i0_t10000000
20.94,903.3932519465538,757.2815533980583,1049.5049504950493,2785294.0,2771280.0,2799308.0,114773.5,100126.0,129421.0,0.0,0.0,hard,32,3,0,10000000,sync_on,hard_p32_w3_i0_t10000000
20.96,0.0,0.0,0.0,2869984.0,2869984.0,2869984.0,137211.0,137211.0,137211.0,0.0,0.0,hard,32,3,0,10000000,sync_on,hard_p32_w3_i0_t10000000
20.98,514.5631067961166,514.5631067961166,514.5631067961166,2847576.0,2847576.0,2847576.0,130753.0,130753.0,130753.0,0.0,0.0,hard,32,3,0,10000000,sync_on,hard_p32_w3_i0_t10000000
20.99,1077.6699029126214,1077.6699029126214,1077.6699029126214,2889212.0,2889212.0,2889212.0,102502.0,102502.0,102502.0,0.0,0.0,hard,32,3,0,10000000,sync_on,hard_p32_w3_i0_t10000000
21.04,931.372549019608,931.372549019608,931.372549019608,2799840.0,2799840.0,2799840.0,101280.0,101280.0,101280.0,0.0,0.0,hard,32,3,0,10000000,sync_on,hard_p32_w3_i0_t10000000
21.05,413.46153846153845,413.46153846153845,413.46153846153845,2771376.0,2771376.0,2771376.0,129454.0,129454.0,129454.0,0.0,0.0,hard,32,3,0,10000000,sync_on,hard_p32_w3_i0_t10000000
21.06,0.0,0.0,0.0,2869984.0,2869984.0,2869984.0,137211.0,137211.0,137211.0,0.0,0.0,hard,32,3,0,10000000,sync_on,hard_p32_w3_i0_t10000000
21.09,672.9826546003017,355.7692307692308,990.1960784313726,2868544.0,2847636.0,2889452.0,116663.5,102554.0,130773.0,0.0,0.0,hard,32,3,0,10000000,sync_on,hard_p32_w3_i0_t10000000
21.14,1356.4356435643563,1356.4356435643563,1356.4356435643563,2798432.0,2798432.0,2798432.0,99493.0,99493.0,99493.0,0.0,0.0,hard,32,3,0,10000000,sync_on,hard_p32_w3_i0_t10000000
21.15,776.6990291262136,776.6990291262136,776.6990291262136,2771568.0,2771568.0,2771568.0,129477.0,129477.0,129477.0,0.0,0.0,hard,32,3,0,10000000,sync_on,hard_p32_w3_i0_t10000000
21.17,0.0,0.0,0.0,2869984.0,2869984.0,2869984.0,137211.0,137211.0,137211.0,0.0,0.0,hard,32,3,0,10000000,sync_on,hard_p32_w3_i0_t10000000
21.19,850.7748319641524,740.3846153846155,961.1650485436894,2868844.0,2847944.0,2889744.0,117321.5,102596.0,132047.0,0.0,0.0,hard,32,3,0,10000000,sync_on,hard_p32_w3_i0_t10000000
21.24,1254.9019607843138,1254.9019607843138,1254.9019607843138,2798908.0,2798908.0,2798908.0,99553.0,99553.0,99553.0,0.0,0.0,hard,32,3,0,10000000,sync_on,hard_p32_w3_i0_t10000000
21.25,1038.8349514563108,1038.8349514563108,1038.8349514563108,2772560.0,2772560.0,2772560.0,130256.0,130256.0,130256.0,0.0,0.0,hard,32,3,0,10000000,sync_on,hard_p32_w3_i0_t10000000
21.27,0.0,0.0,0.0,2869984.0,2869984.0,2869984.0,137211.0,137211.0,137211.0,0.0,0.0,hard,32,3,0,10000000,sync_on,hard_p32_w3_i0_t10000000
21.29,548.0769230769231,548.0769230769231,548.0769230769231,2846544.0,2846544.0,2846544.0,130840.0,130840.0,130840.0,0.0,0.0,hard,32,3,0,10000000,sync_on,hard_p32_w3_i0_t10000000
21.3,728.1553398058253,728.1553398058253,728.1553398058253,2890040.0,2890040.0,2890040.0,102632.0,102632.0,102632.0,0.0,0.0,hard,32,3,0,10000000,sync_on,hard_p32_w3_i0_t10000000
21.34,1168.3168316831682,1168.3168316831682,1168.3168316831682,2799244.0,2799244.0,2799244.0,99610.0,99610.0,99610.0,0.0,0.0,hard,32,3,0,10000000,sync_on,hard_p32_w3_i0_t10000000
21.36,423.0769230769231,423.0769230769231,423.0769230769231,2773116.0,2773116.0,2773116.0,131394.0,131394.0,131394.0,0.0,0.0,hard,32,3,0,10000000,sync_on,hard_p32_w3_i0_t10000000
21.38,9.615384615384615,9.615384615384615,9.615384615384615,2869984.0,2869984.0,2869984.0,137211.0,137211.0,137211.0,0.0,0.0,hard,32,3,0,10000000,sync_on,hard_p32_w3_i0_t10000000
21.4,687.0332337565347,471.1538461538462,902.9126213592233,2868596.0,2846984.0,2890208.0,116983.0,102682.0,131284.0,0.0,0.0,hard,32,3,0,10000000,sync_on,hard_p32_w3_i0_t10000000
21.45,1116.504854368932,1116.504854368932,1116.504854368932,2799652.0,2799652.0,2799652.0,99661.0,99661.0,99661.0,0.0,0.0,hard,32,3,0,10000000,sync_on,hard_p32_w3_i0_t10000000
21.46,980.5825242718447,980.5825242718447,980.5825242718447,2771764.0,2771764.0,2771764.0,129597.0,129597.0,129597.0,0.0,0.0,hard,32,3,0,10000000,sync_on,hard_p32_w3_i0_t10000000
21.48,413.46153846153845,413.46153846153845,413.46153846153845,2868412.0,2868412.0,2868412.0,135390.0,135390.0,135390.0,0.0,0.0,hard,32,3,0,10000000,sync_on,hard_p32_w3_i0_t10000000
21.5,619.8838758804493,543.6893203883495,696.0784313725491,2868836.0,2847280.0,2890392.0,117733.0,102722.0,132744.0,0.0,0.0,hard,32,3,0,10000000,sync_on,hard_p32_w3_i0_t10000000
21.55,1284.3137254901962,1284.3137254901962,1284.3137254901962,2799992.0,2799992.0,2799992.0,95959.0,95959.0,95959.0,0.0,0.0,hard,32,3,0,10000000,sync_on,hard_p32_w3_i0_t10000000
21.56,475.7281553398058,475.7281553398058,475.7281553398058,2771836.0,2771836.0,2771836.0,129630.0,129630.0,129630.0,0.0,0.0,hard,32,3,0,10000000,sync_on,hard_p32_w3_i0_t10000000
21.58,514.5631067961166,514.5631067961166,514.5631067961166,2868824.0,2868824.0,2868824.0,135420.0,135420.0,135420.0,0.0,0.0,hard,32,3,0,10000000,sync_on,hard_p32_w3_i0_t10000000
21.6,574.1146230007615,9.615384615384615,1138.6138613861385,2868946.0,2847284.0,2890608.0,117768.5,102793.0,132744.0,0.0,0.0,hard,32,3,0,10000000,sync_on,hard_p32_w3_i0_t10000000
21.65,1307.6923076923078,1307.6923076923078,1307.6923076923078,2800684.0,2800684.0,2800684.0,96535.0,96535.0,96535.0,0.0,0.0,hard,32,3,0,10000000,sync_on,hard_p32_w3_i0_t10000000
21.67,653.8461538461539,653.8461538461539,653.8461538461539,2772256.0,2772256.0,2772256.0,129657.0,129657.0,129657.0,0.0,0.0,hard,32,3,0,10000000,sync_on,hard_p32_w3_i0_t10000000
21.69,596.1538461538462,596.1538461538462,596.1538461538462,2868996.0,2868996.0,2868996.0,135445.0,135445.0,135445.0,0.0,0.0,hard,32,3,0,10000000,sync_on,hard_p32_w3_i0_t10000000
21.7,401.9607843137255,401.9607843137255,401.9607843137255,2890772.0,2890772.0,2890772.0,99022.0,99022.0,99022.0,0.0,0.0,hard,32,3,0,10000000,sync_on,hard_p32_w3_i0_t10000000
21.71,0.0,0.0,0.0,2847284.0,2847284.0,2847284.0,132744.0,132744.0,132744.0,0.0,0.0,hard,32,3,0,10000000,sync_on,hard_p32_w3_i0_t10000000
21.75,762.3762376237623,762.3762376237623,762.3762376237623,2801372.0,2801372.0,2801372.0,97901.0,97901.0,97901.0,0.0,0.0,hard,32,3,0,10000000,sync_on,hard_p32_w3_i0_t10000000
21.77,718.4466019417476,718.4466019417476,718.4466019417476,2772704.0,2772704.0,2772704.0,129691.0,129691.0,129691.0,0.0,0.0,hard,32,3,0,10000000,sync_on,hard_p32_w3_i0_t10000000
21.79,682.6923076923077,682.6923076923077,682.6923076923077,2869284.0,2869284.0,2869284.0,135482.0,135482.0,135482.0,0.0,0.0,hard,32,3,0,10000000,sync_on,hard_p32_w3_i0_t10000000
21.81,362.7450980392157,0.0,725.4901960784314,2869132.0,2847284.0,2890980.0,116226.5,99709.0,132744.0,0.0,0.0,hard,32,3,0,10000000,sync_on,hard_p32_w3_i0_t10000000
21.86,1137.2549019607843,1137.2549019607843,1137.2549019607843,2799820.0,2799820.0,2799820.0,96104.0,96104.0,96104.0,0.0,0.0,hard,32,3,0,10000000,sync_on,hard_p32_w3_i0_t10000000
21.87,524.2718446601942,524.2718446601942,524.2718446601942,2773008.0,2773008.0,2773008.0,129726.0,129726.0,129726.0,0.0,0.0,hard,32,3,0,10000000,sync_on,hard_p32_w3_i0_t10000000
21.89,403.84615384615387,403.84615384615387,403.84615384615387,2869424.0,2869424.0,2869424.0,135506.0,135506.0,135506.0,0.0,0.0,hard,32,3,0,10000000,sync_on,hard_p32_w3_i0_t10000000
21.91,364.07766990291265,0.0,728.1553398058253,2869420.0,2847284.0,2891556.0,116837.0,100930.0,132744.0,0.0,0.0,hard,32,3,0,10000000,sync_on,hard_p32_w3_i0_t10000000
21.96,306.9306930693069,306.9306930693069,306.9306930693069,2799940.0,2799940.0,2799940.0,96122.0,96122.0,96122.0,0.0,0.0,hard,32,3,0,10000000,sync_on,hard_p32_w3_i0_t10000000
21.98,528.8461538461539,528.8461538461539,528.8461538461539,2773132.0,2773132.0,2773132.0,129752.0,129752.0,129752.0,0.0,0.0,hard,32,3,0,10000000,sync_on,hard_p32_w3_i0_t10000000
22.0,398.05825242718447,398.05825242718447,398.05825242718447,2869648.0,2869648.0,2869648.0,135532.0,135532.0,135532.0,0.0,0.0,hard,32,3,0,10000000,sync_on,hard_p32_w3_i0_t10000000
22.01,0.0,0.0,0.0,2891556.0,2891556.0,2891556.0,100930.0,100930.0,100930.0,0.0,0.0,hard,32,3,0,10000000,sync_on,hard_p32_w3_i0_t10000000
22.02,0.0,0.0,0.0,2847284.0,2847284.0,2847284.0,132744.0,132744.0,132744.0,0.0,0.0,hard,32,3,0,10000000,sync_on,hard_p32_w3_i0_t10000000
22.06,421.56862745098044,421.56862745098044,421.56862745098044,2800088.0,2800088.0,2800088.0,96141.0,96141.0,96141.0,0.0,0.0,hard,32,3,0,10000000,sync_on,hard_p32_w3_i0_t10000000
22.08,631.0679611650486,631.0679611650486,631.0679611650486,2773436.0,2773436.0,2773436.0,129789.0,129789.0,129789.0,0.0,0.0,hard,32,3,0,10000000,sync_on,hard_p32_w3_i0_t10000000
22.1,471.1538461538462,471.1538461538462,471.1538461538462,2869948.0,2869948.0,2869948.0,135560.0,135560.0,135560.0,0.0,0.0,hard,32,3,0,10000000,sync_on,hard_p32_w3_i0_t10000000
22.12,163.46153846153848,0.0,326.92307692307696,2869526.0,2847284.0,2891768.0,116848.5,100953.0,132744.0,0.0,0.0,hard,32,3,0,10000000,sync_on,hard_p32_w3_i0_t10000000
22.16,718.4466019417476,718.4466019417476,718.4466019417476,2800248.0,2800248.0,2800248.0,96180.0,96180.0,96180.0,0.0,0.0,hard,32,3,0,10000000,sync_on,hard_p32_w3_i0_t10000000
22.18,1300.9708737864078,1300.9708737864078,1300.9708737864078,2773896.0,2773896.0,2773896.0,130114.0,130114.0,130114.0,0.0,0.0,hard,32,3,0,10000000,sync_on,hard_p32_w3_i0_t10000000
22.2,490.3846153846154,490.3846153846154,490.3846153846154,2870304.0,2870304.0,2870304.0,135587.0,135587.0,135587.0,0.0,0.0,hard,32,3,0,10000000,sync_on,hard_p32_w3_i0_t10000000
22.22,757.2815533980583,757.2815533980583,757.2815533980583,2890064.0,2890064.0,2890064.0,99153.0,99153.0,99153.0,0.0,0.0,hard,32,3,0,10000000,sync_on,hard_p32_w3_i0_t10000000
22.23,0.0,0.0,0.0,2847284.0,2847284.0,2847284.0,132744.0,132744.0,132744.0,0.0,0.0,hard,32,3,0,10000000,sync_on,hard_p32_w3_i0_t10000000
22.27,631.0679611650486,631.0679611650486,631.0679611650486,2800560.0,2800560.0,2800560.0,96210.0,96210.0,96210.0,0.0,0.0,hard,32,3,0,10000000,sync_on,hard_p32_w3_i0_t10000000
22.29,884.6153846153846,884.6153846153846,884.6153846153846,2774144.0,2774144.0,2774144.0,126136.0,126136.0,126136.0,0.0,0.0,hard,32,3,0,10000000,sync_on,hard_p32_w3_i0_t10000000
22.31,689.3203883495146,689.3203883495146,689.3203883495146,2870636.0,2870636.0,2870636.0,135665.0,135665.0,135665.0,0.0,0.0,hard,32,3,0,10000000,sync_on,hard_p32_w3_i0_t10000000
22.32,902.9126213592233,902.9126213592233,902.9126213592233,2890308.0,2890308.0,2890308.0,99194.0,99194.0,99194.0,0.0,0.0,hard,32,3,0,10000000,sync_on,hard_p32_w3_i0_t10000000
22.33,0.0,0.0,0.0,2847284.0,2847284.0,2847284.0,132744.0,132744.0,132744.0,0.0,0.0,hard,32,3,0,10000000,sync_on,hard_p32_w3_i0_t10000000
22.37,519.2307692307693,519.2307692307693,519.2307692307693,2800656.0,2800656.0,2800656.0,96241.0,96241.0,96241.0,0.0,0.0,hard,32,3,0,10000000,sync_on,hard_p32_w3_i0_t10000000
22.39,980.3921568627452,980.3921568627452,980.3921568627452,2774592.0,2774592.0,2774592.0,126189.0,126189.0,126189.0,0.0,0.0,hard,32,3,0,10000000,sync_on,hard_p32_w3_i0_t10000000
22.41,394.2307692307692,394.2307692307692,394.2307692307692,2871008.0,2871008.0,2871008.0,131867.0,131867.0,131867.0,0.0,0.0,hard,32,3,0,10000000,sync_on,hard_p32_w3_i0_t10000000
22.43,423.0769230769231,221.15384615384616,625.0,2869104.0,2847568.0,2890640.0,115991.0,99222.0,132760.0,0.0,0.0,hard,32,3,0,10000000,sync_on,hard_p32_w3_i0_t10000000
22.47,640.7766990291262,640.7766990291262,640.7766990291262,2800928.0,2800928.0,2800928.0,96269.0,96269.0,96269.0,0.0,0.0,hard,32,3,0,10000000,sync_on,hard_p32_w3_i0_t10000000
22.49,892.1568627450981,892.1568627450981,892.1568627450981,2775276.0,2775276.0,2775276.0,126234.0,126234.0,126234.0,0.0,0.0,hard,32,3,0,10000000,sync_on,hard_p32_w3_i0_t10000000
22.52,509.61538461538464,509.61538461538464,509.61538461538464,2871236.0,2871236.0,2871236.0,132380.0,132380.0,132380.0,0.0,0.0,hard,32,3,0,10000000,sync_on,hard_p32_w3_i0_t10000000
22.53,601.9417475728155,601.9417475728155,601.9417475728155,2890788.0,2890788.0,2890788.0,99260.0,99260.0,99260.0,0.0,0.0,hard,32,3,0,10000000,sync_on,hard_p32_w3_i0_t10000000
22.54,298.0769230769231,298.0769230769231,298.0769230769231,2846144.0,2846144.0,2846144.0,132588.0,132588.0,132588.0,0.0,0.0,hard,32,3,0,10000000,sync_on,hard_p32_w3_i0_t10000000
22.58,563.1067961165049,563.1067961165049,563.1067961165049,2801104.0,2801104.0,2801104.0,96301.0,96301.0,96301.0,0.0,0.0,hard,32,3,0,10000000,sync_on,hard_p32_w3_i0_t10000000
22.59,539.2156862745098,539.2156862745098,539.2156862745098,2775344.0,2775344.0,2775344.0,126264.0,126264.0,126264.0,0.0,0.0,hard,32,3,0,10000000,sync_on,hard_p32_w3_i0_t10000000
22.62,553.3980582524272,553.3980582524272,553.3980582524272,2871812.0,2871812.0,2871812.0,133774.0,133774.0,133774.0,0.0,0.0,hard,32,3,0,10000000,sync_on,hard_p32_w3_i0_t10000000
22.63,893.2038834951456,893.2038834951456,893.2038834951456,2890956.0,2890956.0,2890956.0,99310.0,99310.0,99310.0,0.0,0.0,hard,32,3,0,10000000,sync_on,hard_p32_w3_i0_t10000000
22.64,543.6893203883495,543.6893203883495,543.6893203883495,2844680.0,2844680.0,2844680.0,130961.0,130961.0,130961.0,0.0,0.0,hard,32,3,0,10000000,sync_on,hard_p32_w3_i0_t10000000
22.68,417.4757281553398,417.4757281553398,417.4757281553398,2801168.0,2801168.0,2801168.0,96327.0,96327.0,96327.0,0.0,0.0,hard,32,3,0,10000000,sync_on,hard_p32_w3_i0_t10000000
22.69,676.4705882352941,676.4705882352941,676.4705882352941,2775544.0,2775544.0,2775544.0,126294.0,126294.0,126294.0,0.0,0.0,hard,32,3,0,10000000,sync_on,hard_p32_w3_i0_t10000000
22.72,538.4615384615385,538.4615384615385,538.4615384615385,2870544.0,2870544.0,2870544.0,131954.0,131954.0,131954.0,0.0,0.0,hard,32,3,0,10000000,sync_on,hard_p32_w3_i0_t10000000
22.73,922.3300970873787,922.3300970873787,922.3300970873787,2891280.0,2891280.0,2891280.0,99359.0,99359.0,99359.0,0.0,0.0,hard,32,3,0,10000000,sync_on,hard_p32_w3_i0_t10000000
22.75,567.3076923076924,567.3076923076924,567.3076923076924,2845092.0,2845092.0,2845092.0,130999.0,130999.0,130999.0,0.0,0.0,hard,32,3,0,10000000,sync_on,hard_p32_w3_i0_t10000000
22.78,567.3076923076924,567.3076923076924,567.3076923076924,2801256.0,2801256.0,2801256.0,96350.0,96350.0,96350.0,0.0,0.0,hard,32,3,0,10000000,sync_on,hard_p32_w3_i0_t10000000
22.8,708.73786407767,708.73786407767,708.73786407767,2775680.0,2775680.0,2775680.0,126333.0,126333.0,126333.0,0.0,0.0,hard,32,3,0,10000000,sync_on,hard_p32_w3_i0_t10000000
22.83,413.46153846153845,413.46153846153845,413.46153846153845,2870696.0,2870696.0,2870696.0,131981.0,131981.0,131981.0,0.0,0.0,hard,32,3,0,10000000,sync_on,hard_p32_w3_i0_t10000000
22.84,836.5384615384615,836.5384615384615,836.5384615384615,2891556.0,2891556.0,2891556.0,99401.0,99401.0,99401.0,0.0,0.0,hard,32,3,0,10000000,sync_on,hard_p32_w3_i0_t10000000
22.85,519.2307692307693,519.2307692307693,519.2307692307693,2845316.0,2845316.0,2845316.0,131017.0,131017.0,131017.0,0.0,0.0,hard,32,3,0,10000000,sync_on,hard_p32_w3_i0_t10000000
22.89,621.3592233009709,621.3592233009709,621.3592233009709,2801416.0,2801416.0,2801416.0,96390.0,96390.0,96390.0,0.0,0.0,hard,32,3,0,10000000,sync_on,hard_p32_w3_i0_t10000000
22.9,660.1941747572816,660.1941747572816,660.1941747572816,2775812.0,2775812.0,2775812.0,126368.0,126368.0,126368.0,0.0,0.0,hard,32,3,0,10000000,sync_on,hard_p32_w3_i0_t10000000
22.93,320.3883495145631,320.3883495145631,320.3883495145631,2870928.0,2870928.0,2870928.0,132000.0,132000.0,132000.0,0.0,0.0,hard,32,3,0,10000000,sync_on,hard_p32_w3_i0_t10000000
22.94,999.9999999999999,999.9999999999999,999.9999999999999,2891916.0,2891916.0,2891916.0,99455.0,99455.0,99455.0,0.0,0.0,hard,32,3,0,10000000,sync_on,hard_p32_w3_i0_t10000000
22.95,757.2815533980583,757.2815533980583,757.2815533980583,2845916.0,2845916.0,2845916.0,131057.0,131057.0,131057.0,0.0,0.0,hard,32,3,0,10000000,sync_on,hard_p32_w3_i0_t10000000
22.99,446.6019417475728,446.6019417475728,446.6019417475728,2801472.0,2801472.0,2801472.0,96425.0,96425.0,96425.0,0.0,0.0,hard,32,3,0,10000000,sync_on,hard_p32_w3_i0_t10000000
23.0,601.9417475728155,601.9417475728155,601.9417475728155,2776056.0,2776056.0,2776056.0,126396.0,126396.0,126396.0,0.0,0.0,hard,32,3,0,10000000,sync_on,hard_p32_w3_i0_t10000000
23.03,403.84615384615387,403.84615384615387,403.84615384615387,2871292.0,2871292.0,2871292.0,132018.0,132018.0,132018.0,0.0,0.0,hard,32,3,0,10000000,sync_on,hard_p32_w3_i0_t10000000
23.04,711.5384615384615,711.5384615384615,711.5384615384615,2892140.0,2892140.0,2892140.0,99497.0,99497.0,99497.0,0.0,0.0,hard,32,3,0,10000000,sync_on,hard_p32_w3_i0_t10000000
23.06,451.92307692307696,451.92307692307696,451.92307692307696,2846224.0,2846224.0,2846224.0,131085.0,131085.0,131085.0,0.0,0.0,hard,32,3,0,10000000,sync_on,hard_p32_w3_i0_t10000000
23.09,708.73786407767,708.73786407767,708.73786407767,2801804.0,2801804.0,2801804.0,96460.0,96460.0,96460.0,0.0,0.0,hard,32,3,0,10000000,sync_on,hard_p32_w3_i0_t10000000
23.11,461.53846153846155,461.53846153846155,461.53846153846155,2776220.0,2776220.0,2776220.0,126429.0,126429.0,126429.0,0.0,0.0,hard,32,3,0,10000000,sync_on,hard_p32_w3_i0_t10000000
23.14,417.4757281553398,417.4757281553398,417.4757281553398,2871548.0,2871548.0,2871548.0,132037.0,132037.0,132037.0,0.0,0.0,hard,32,3,0,10000000,sync_on,hard_p32_w3_i0_t10000000
23.15,621.3592233009709,621.3592233009709,621.3592233009709,2892356.0,2892356.0,2892356.0,99532.0,99532.0,99532.0,0.0,0.0,hard,32,3,0,10000000,sync_on,hard_p32_w3_i0_t10000000
23.16,611.6504854368933,611.6504854368933,611.6504854368933,2846500.0,2846500.0,2846500.0,131127.0,131127.0,131127.0,0.0,0.0,hard,32,3,0,10000000,sync_on,hard_p32_w3_i0_t10000000
23.2,201.92307692307693,201.92307692307693,201.92307692307693,2801860.0,2801860.0,2801860.0,96469.0,96469.0,96469.0,0.0,0.0,hard,32,3,0,10000000,sync_on,hard_p32_w3_i0_t10000000
23.21,854.368932038835,854.368932038835,854.368932038835,2776752.0,2776752.0,2776752.0,126465.0,126465.0,126465.0,0.0,0.0,hard,32,3,0,10000000,sync_on,hard_p32_w3_i0_t10000000
23.24,576.9230769230769,576.9230769230769,576.9230769230769,2871872.0,2871872.0,2871872.0,132064.0,132064.0,132064.0,0.0,0.0,hard,32,3,0,10000000,sync_on,hard_p32_w3_i0_t10000000
23.25,598.0392156862746,598.0392156862746,598.0392156862746,2892636.0,2892636.0,2892636.0,99565.0,99565.0,99565.0,0.0,0.0,hard,32,3,0,10000000,sync_on,hard_p32_w3_i0_t10000000
23.26,615.3846153846154,615.3846153846154,615.3846153846154,2846972.0,2846972.0,2846972.0,131153.0,131153.0,131153.0,0.0,0.0,hard,32,3,0,10000000,sync_on,hard_p32_w3_i0_t10000000
23.3,368.93203883495147,368.93203883495147,368.93203883495147,2801964.0,2801964.0,2801964.0,96491.0,96491.0,96491.0,0.0,0.0,hard,32,3,0,10000000,sync_on,hard_p32_w3_i0_t10000000
23.31,708.73786407767,708.73786407767,708.73786407767,2777068.0,2777068.0,2777068.0,126494.0,126494.0,126494.0,0.0,0.0,hard,32,3,0,10000000,sync_on,hard_p32_w3_i0_t10000000
23.34,689.3203883495146,689.3203883495146,689.3203883495146,2872200.0,2872200.0,2872200.0,132094.0,132094.0,132094.0,0.0,0.0,hard,32,3,0,10000000,sync_on,hard_p32_w3_i0_t10000000
23.35,621.3592233009709,621.3592233009709,621.3592233009709,2892864.0,2892864.0,2892864.0,99599.0,99599.0,99599.0,0.0,0.0,hard,32,3,0,10000000,sync_on,hard_p32_w3_i0_t10000000
23.37,778.8461538461539,778.8461538461539,778.8461538461539,2847316.0,2847316.0,2847316.0,131197.0,131197.0,131197.0,0.0,0.0,hard,32,3,0,10000000,sync_on,hard_p32_w3_i0_t10000000
23.4,893.2038834951456,893.2038834951456,893.2038834951456,2802236.0,2802236.0,2802236.0,96535.0,96535.0,96535.0,0.0,0.0,hard,32,3,0,10000000,sync_on,hard_p32_w3_i0_t10000000
23.41,509.80392156862746,509.80392156862746,509.80392156862746,2777212.0,2777212.0,2777212.0,126531.0,126531.0,126531.0,0.0,0.0,hard,32,3,0,10000000,sync_on,hard_p32_w3_i0_t10000000
23.45,594.7068707991039,490.3846153846154,699.0291262135922,2882828.0,2872508.0,2893148.0,115876.0,99625.0,132127.0,0.0,0.0,hard,32,3,0,10000000,sync_on,hard_p32_w3_i0_t10000000
23.47,432.69230769230774,432.69230769230774,432.69230769230774,2847576.0,2847576.0,2847576.0,131224.0,131224.0,131224.0,0.0,0.0,hard,32,3,0,10000000,sync_on,hard_p32_w3_i0_t10000000
23.51,673.0769230769231,673.0769230769231,673.0769230769231,2802452.0,2802452.0,2802452.0,96565.0,96565.0,96565.0,0.0,0.0,hard,32,3,0,10000000,sync_on,hard_p32_w3_i0_t10000000
23.52,514.5631067961166,514.5631067961166,514.5631067961166,2777400.0,2777400.0,2777400.0,126556.0,126556.0,126556.0,0.0,0.0,hard,32,3,0,10000000,sync_on,hard_p32_w3_i0_t10000000
23.55,355.7692307692308,355.7692307692308,355.7692307692308,2872688.0,2872688.0,2872688.0,132144.0,132144.0,132144.0,0.0,0.0,hard,32,3,0,10000000,sync_on,hard_p32_w3_i0_t10000000
23.56,394.2307692307692,394.2307692307692,394.2307692307692,2893360.0,2893360.0,2893360.0,99650.0,99650.0,99650.0,0.0,0.0,hard,32,3,0,10000000,sync_on,hard_p32_w3_i0_t10000000
23.57,485.4368932038835,485.4368932038835,485.4368932038835,2848096.0,2848096.0,2848096.0,133088.0,133088.0,133088.0,0.0,0.0,hard,32,3,0,10000000,sync_on,hard_p32_w3_i0_t10000000
23.61,757.2815533980583,757.2815533980583,757.2815533980583,2802824.0,2802824.0,2802824.0,96597.0,96597.0,96597.0,0.0,0.0,hard,32,3,0,10000000,sync_on,hard_p32_w3_i0_t10000000
23.62,701.9230769230769,701.9230769230769,701.9230769230769,2777620.0,2777620.0,2777620.0,126597.0,126597.0,126597.0,0.0,0.0,hard,32,3,0,10000000,sync_on,hard_p32_w3_i0_t10000000
23.66,708.7378640776699,582.5242718446602,834.9514563106796,2883254.0,2873064.0,2893444.0,115935.5,99686.0,132185.0,0.0,0.0,hard,32,3,0,10000000,sync_on,hard_p32_w3_i0_t10000000
23.68,480.7692307692308,480.7692307692308,480.7692307692308,2846680.0,2846680.0,2846680.0,131276.0,131276.0,131276.0,0.0,0.0,hard,32,3,0,10000000,sync_on,hard_p32_w3_i0_t10000000
23.71,631.0679611650486,631.0679611650486,631.0679611650486,2802916.0,2802916.0,2802916.0,96635.0,96635.0,96635.0,0.0,0.0,hard,32,3,0,10000000,sync_on,hard_p32_w3_i0_t10000000
23.73,834.9514563106796,834.9514563106796,834.9514563106796,2777992.0,2777992.0,2777992.0,126641.0,126641.0,126641.0,0.0,0.0,hard,32,3,0,10000000,sync_on,hard_p32_w3_i0_t10000000
23.76,365.3846153846154,365.3846153846154,365.3846153846154,2873328.0,2873328.0,2873328.0,132218.0,132218.0,132218.0,0.0,0.0,hard,32,3,0,10000000,sync_on,hard_p32_w3_i0_t10000000
23.77,563.1067961165049,563.1067961165049,563.1067961165049,2893764.0,2893764.0,2893764.0,99713.0,99713.0,99713.0,0.0,0.0,hard,32,3,0,10000000,sync_on,hard_p32_w3_i0_t10000000
23.78,451.92307692307696,451.92307692307696,451.92307692307696,2846780.0,2846780.0,2846780.0,131301.0,131301.0,131301.0,0.0,0.0,hard,32,3,0,10000000,sync_on,hard_p32_w3_i0_t10000000
23.82,563.1067961165049,563.1067961165049,563.1067961165049,2803092.0,2803092.0,2803092.0,96663.0,96663.0,96663.0,0.0,0.0,hard,32,3,0,10000000,sync_on,hard_p32_w3_i0_t10000000
23.83,825.242718446602,825.242718446602,825.242718446602,2778216.0,2778216.0,2778216.0,126683.0,126683.0,126683.0,0.0,0.0,hard,32,3,0,10000000,sync_on,hard_p32_w3_i0_t10000000
23.86,631.0679611650486,631.0679611650486,631.0679611650486,2873520.0,2873520.0,2873520.0,132255.0,132255.0,132255.0,0.0,0.0,hard,32,3,0,10000000,sync_on,hard_p32_w3_i0_t10000000
23.87,403.84615384615387,403.84615384615387,403.84615384615387,2893848.0,2893848.0,2893848.0,99737.0,99737.0,99737.0,0.0,0.0,hard,32,3,0,10000000,sync_on,hard_p32_w3_i0_t10000000
23.89,825.242718446602,825.242718446602,825.242718446602,2847148.0,2847148.0,2847148.0,131341.0,131341.0,131341.0,0.0,0.0,hard,32,3,0,10000000,sync_on,hard_p32_w3_i0_t10000000
23.92,495.1456310679612,495.1456310679612,495.1456310679612,2803260.0,2803260.0,2803260.0,96692.0,96692.0,96692.0,0.0,0.0,hard,32,3,0,10000000,sync_on,hard_p32_w3_i0_t10000000
23.93,912.621359223301,912.621359223301,912.621359223301,2778568.0,2778568.0,2778568.0,126729.0,126729.0,126729.0,0.0,0.0,hard,32,3,0,10000000,sync_on,hard_p32_w3_i0_t10000000
23.97,647.124719940254,601.9417475728155,692.3076923076924,2884034.0,2874076.0,2893992.0,116026.5,99766.0,132287.0,0.0,0.0,hard,32,3,0,10000000,sync_on,hard_p32_w3_i0_t10000000
23.99,500.0,500.0,500.0,2847608.0,2847608.0,2847608.0,131358.0,131358.0,131358.0,0.0,0.0,hard,32,3,0,10000000,sync_on,hard_p32_w3_i0_t10000000
24.02,480.7692307692308,480.7692307692308,480.7692307692308,2803336.0,2803336.0,2803336.0,96728.0,96728.0,96728.0,0.0,0.0,hard,32,3,0,10000000,sync_on,hard_p32_w3_i0_t10000000
24.03,892.1568627450981,892.1568627450981,892.1568627450981,2778804.0,2778804.0,2778804.0,126763.0,126763.0,126763.0,0.0,0.0,hard,32,3,0,10000000,sync_on,hard_p32_w3_i0_t10000000
24.07,618.6053024645258,567.3076923076924,669.9029126213593,2884232.0,2874356.0,2894108.0,116059.5,99803.0,132316.0,0.0,0.0,hard,32,3,0,10000000,sync_on,hard_p32_w3_i0_t10000000
24.09,567.3076923076924,567.3076923076924,567.3076923076924,2847960.0,2847960.0,2847960.0,131385.0,131385.0,131385.0,0.0,0.0,hard,32,3,0,10000000,sync_on,hard_p32_w3_i0_t10000000
24.12,689.3203883495146,689.3203883495146,689.3203883495146,2803536.0,2803536.0,2803536.0,96770.0,96770.0,96770.0,0.0,0.0,hard,32,3,0,10000000,sync_on,hard_p32_w3_i0_t10000000
24.14,708.73786407767,708.73786407767,708.73786407767,2779132.0,2779132.0,2779132.0,126803.0,126803.0,126803.0,0.0,0.0,hard,32,3,0,10000000,sync_on,hard_p32_w3_i0_t10000000
24.17,514.5631067961166,514.5631067961166,514.5631067961166,2874488.0,2874488.0,2874488.0,134183.0,134183.0,134183.0,0.0,0.0,hard,32,3,0,10000000,sync_on,hard_p32_w3_i0_t10000000
24.18,543.6893203883495,543.6893203883495,543.6893203883495,2894296.0,2894296.0,2894296.0,99827.0,99827.0,99827.0,0.0,0.0,hard,32,3,0,10000000,sync_on,hard_p32_w3_i0_t10000000
24.2,902.9126213592233,902.9126213592233,902.9126213592233,2848304.0,2848304.0,2848304.0,131422.0,131422.0,131422.0,0.0,0.0,hard,32,3,0,10000000,sync_on,hard_p32_w3_i0_t10000000
24.23,388.3495145631068,388.3495145631068,388.3495145631068,2803668.0,2803668.0,2803668.0,96785.0,96785.0,96785.0,0.0,0.0,hard,32,3,0,10000000,sync_on,hard_p32_w3_i0_t10000000
24.24,922.3300970873787,922.3300970873787,922.3300970873787,2779544.0,2779544.0,2779544.0,127914.0,127914.0,127914.0,0.0,0.0,hard,32,3,0,10000000,sync_on,hard_p32_w3_i0_t10000000
24.28,591.2061239731142,211.53846153846155,970.873786407767,2883684.0,2872888.0,2894480.0,116116.5,99877.0,132356.0,0.0,0.0,hard,32,3,0,10000000,sync_on,hard_p32_w3_i0_t10000000
24.3,644.2307692307693,644.2307692307693,644.2307692307693,2848592.0,2848592.0,2848592.0,131453.0,131453.0,131453.0,0.0,0.0,hard,32,3,0,10000000,sync_on,hard_p32_w3_i0_t10000000
24.33,524.2718446601942,524.2718446601942,524.2718446601942,2803896.0,2803896.0,2803896.0,96816.0,96816.0,96816.0,0.0,0.0,hard,32,3,0,10000000,sync_on,hard_p32_w3_i0_t10000000
24.34,245.0980392156863,245.0980392156863,245.0980392156863,2779776.0,2779776.0,2779776.0,128700.0,128700.0,128700.0,0.0,0.0,hard,32,3,0,10000000,sync_on,hard_p32_w3_i0_t10000000
24.38,621.3592233009709,621.3592233009709,621.3592233009709,2873300.0,2873300.0,2873300.0,132384.0,132384.0,132384.0,0.0,0.0,hard,32,3,0,10000000,sync_on,hard_p32_w3_i0_t10000000
24.39,884.6153846153846,884.6153846153846,884.6153846153846,2894736.0,2894736.0,2894736.0,99922.0,99922.0,99922.0,0.0,0.0,hard,32,3,0,10000000,sync_on,hard_p32_w3_i0_t10000000
24.4,427.1844660194175,427.1844660194175,427.1844660194175,2848764.0,2848764.0,2848764.0,131484.0,131484.0,131484.0,0.0,0.0,hard,32,3,0,10000000,sync_on,hard_p32_w3_i0_t10000000
24.43,538.4615384615385,538.4615384615385,538.4615384615385,2804020.0,2804020.0,2804020.0,96834.0,96834.0,96834.0,0.0,0.0,hard,32,3,0,10000000,sync_on,hard_p32_w3_i0_t10000000
24.44,0.0,0.0,0.0,2779776.0,2779776.0,2779776.0,128700.0,128700.0,128700.0,0.0,0.0,hard,32,3,0,10000000,sync_on,hard_p32_w3_i0_t10000000
24.48,326.92307692307696,326.92307692307696,326.92307692307696,2873432.0,2873432.0,2873432.0,132410.0,132410.0,132410.0,0.0,0.0,hard,32,3,0,10000000,sync_on,hard_p32_w3_i0_t10000000
24.49,514.5631067961166,514.5631067961166,514.5631067961166,2894900.0,2894900.0,2894900.0,99951.0,99951.0,99951.0,0.0,0.0,hard,32,3,0,10000000,sync_on,hard_p32_w3_i0_t10000000
24.51,509.61538461538464,509.61538461538464,509.61538461538464,2849108.0,2849108.0,2849108.0,131507.0,131507.0,131507.0,0.0,0.0,hard,32,3,0,10000000,sync_on,hard_p32_w3_i0_t10000000
24.54,660.1941747572816,660.1941747572816,660.1941747572816,2804252.0,2804252.0,2804252.0,96877.0,96877.0,96877.0,0.0,0.0,hard,32,3,0,10000000,sync_on,hard_p32_w3_i0_t10000000
24.55,0.0,0.0,0.0,2779776.0,2779776.0,2779776.0,128700.0,128700.0,128700.0,0.0,0.0,hard,32,3,0,10000000,sync_on,hard_p32_w3_i0_t10000000
24.59,640.7766990291262,466.0194174757282,815.5339805825244,2884284.0,2873492.0,2895076.0,116998.0,101556.0,132440.0,0.0,0.0,hard,32,3,0,10000000,sync_on,hard_p32_w3_i0_t10000000
24.61,500.0,500.0,500.0,2849488.0,2849488.0,2849488.0,131529.0,131529.0,131529.0,0.0,0.0,hard,32,3,0,10000000,sync_on,hard_p32_w3_i0_t10000000
24.64,679.6116504854369,679.6116504854369,679.6116504854369,2804512.0,2804512.0,2804512.0,96907.0,96907.0,96907.0,0.0,0.0,hard,32,3,0,10000000,sync_on,hard_p32_w3_i0_t10000000
24.65,0.0,0.0,0.0,2779776.0,2779776.0,2779776.0,128700.0,128700.0,128700.0,0.0,0.0,hard,32,3,0,10000000,sync_on,hard_p32_w3_i0_t10000000
24.69,637.7427184466019,625.0,650.4854368932039,2883882.0,2874128.0,2893636.0,116243.5,100025.0,132462.0,0.0,0.0,hard,32,3,0,10000000,sync_on,hard_p32_w3_i0_t10000000
24.71,640.7766990291262,640.7766990291262,640.7766990291262,2849840.0,2849840.0,2849840.0,131566.0,131566.0,131566.0,0.0,0.0,hard,32,3,0,10000000,sync_on,hard_p32_w3_i0_t10000000
24.74,372.54901960784315,372.54901960784315,372.54901960784315,2804588.0,2804588.0,2804588.0,96927.0,96927.0,96927.0,0.0,0.0,hard,32,3,0,10000000,sync_on,hard_p32_w3_i0_t10000000
24.75,504.8543689320389,504.8543689320389,504.8543689320389,2778296.0,2778296.0,2778296.0,126882.0,126882.0,126882.0,0.0,0.0,hard,32,3,0,10000000,sync_on,hard_p32_w3_i0_t10000000
24.79,601.9417475728155,601.9417475728155,601.9417475728155,2874416.0,2874416.0,2874416.0,128726.0,128726.0,128726.0,0.0,0.0,hard,32,3,0,10000000,sync_on,hard_p32_w3_i0_t10000000
24.8,942.3076923076924,942.3076923076924,942.3076923076924,2894172.0,2894172.0,2894172.0,100074.0,100074.0,100074.0,0.0,0.0,hard,32,3,0,10000000,sync_on,hard_p32_w3_i0_t10000000
24.82,403.84615384615387,403.84615384615387,403.84615384615387,2850052.0,2850052.0,2850052.0,131582.0,131582.0,131582.0,0.0,0.0,hard,32,3,0,10000000,sync_on,hard_p32_w3_i0_t10000000
24.85,912.621359223301,912.621359223301,912.621359223301,2804856.0,2804856.0,2804856.0,96970.0,96970.0,96970.0,0.0,0.0,hard,32,3,0,10000000,sync_on,hard_p32_w3_i0_t10000000
24.86,941.747572815534,941.747572815534,941.747572815534,2778632.0,2778632.0,2778632.0,126921.0,126921.0,126921.0,0.0,0.0,hard,32,3,0,10000000,sync_on,hard_p32_w3_i0_t10000000
24.9,618.9320388349515,500.0,737.8640776699029,2884644.0,2874728.0,2894560.0,115213.5,101676.0,128751.0,0.0,0.0,hard,32,3,0,10000000,sync_on,hard_p32_w3_i0_t10000000
24.92,519.2307692307693,519.2307692307693,519.2307692307693,2850356.0,2850356.0,2850356.0,131615.0,131615.0,131615.0,0.0,0.0,hard,32,3,0,10000000,sync_on,hard_p32_w3_i0_t10000000
24.95,582.5242718446602,582.5242718446602,582.5242718446602,2804976.0,2804976.0,2804976.0,96998.0,96998.0,96998.0,0.0,0.0,hard,32,3,0,10000000,sync_on,hard_p32_w3_i0_t10000000
24.96,533.9805825242719,533.9805825242719,533.9805825242719,2779024.0,2779024.0,2779024.0,126950.0,126950.0,126950.0,0.0,0.0,hard,32,3,0,10000000,sync_on,hard_p32_w3_i0_t10000000
25.0,514.5631067961165,436.8932038834952,592.2330097087379,2883872.0,2874996.0,2892748.0,114457.5,100135.0,128780.0,0.0,0.0,hard,32,3,0,10000000,sync_on,hard_p32_w3_i0_t10000000
25.02,233.0097087378641,233.0097087378641,233.0097087378641,2850396.0,2850396.0,2850396.0,131634.0,131634.0,131634.0,0.0,0.0,hard,32,3,0,10000000,sync_on,hard_p32_w3_i0_t10000000
25.05,576.9230769230769,576.9230769230769,576.9230769230769,2805096.0,2805096.0,2805096.0,97032.0,97032.0,97032.0,0.0,0.0,hard,32,3,0,10000000,sync_on,hard_p32_w3_i0_t10000000
25.06,1019.4174757281554,1019.4174757281554,1019.4174757281554,2779280.0,2779280.0,2779280.0,127008.0,127008.0,127008.0,0.0,0.0,hard,32,3,0,10000000,sync_on,hard_p32_w3_i0_t10000000
25.11,501.91374159820765,398.05825242718447,605.7692307692308,2884186.0,2875504.0,2892868.0,114482.0,100163.0,128801.0,0.0,0.0,hard,32,3,0,10000000,sync_on,hard_p32_w3_i0_t10000000
25.13,480.7692307692308,480.7692307692308,480.7692307692308,2850636.0,2850636.0,2850636.0,131650.0,131650.0,131650.0,0.0,0.0,hard,32,3,0,10000000,sync_on,hard_p32_w3_i0_t10000000
25.16,582.5242718446602,582.5242718446602,582.5242718446602,2805220.0,2805220.0,2805220.0,97058.0,97058.0,97058.0,0.0,0.0,hard,32,3,0,10000000,sync_on,hard_p32_w3_i0_t10000000
25.17,586.5384615384615,586.5384615384615,586.5384615384615,2779412.0,2779412.0,2779412.0,127042.0,127042.0,127042.0,0.0,0.0,hard,32,3,0,10000000,sync_on,hard_p32_w3_i0_t10000000
25.21,555.2184466019418,485.4368932038835,625.0,2884510.0,2875940.0,2893080.0,114511.0,100195.0,128827.0,0.0,0.0,hard,32,3,0,10000000,sync_on,hard_p32_w3_i0_t10000000
25.23,509.61538461538464,509.61538461538464,509.61538461538464,2850820.0,2850820.0,2850820.0,131685.0,131685.0,131685.0,0.0,0.0,hard,32,3,0,10000000,sync_on,hard_p32_w3_i0_t10000000
25.26,359.2233009708738,359.2233009708738,359.2233009708738,2805300.0,2805300.0,2805300.0,97078.0,97078.0,97078.0,0.0,0.0,hard,32,3,0,10000000,sync_on,hard_p32_w3_i0_t10000000
25.27,689.3203883495146,689.3203883495146,689.3203883495146,2779532.0,2779532.0,2779532.0,127077.0,127077.0,127077.0,0.0,0.0,hard,32,3,0,10000000,sync_on,hard_p32_w3_i0_t10000000
25.31,714.9458551157581,708.73786407767,721.1538461538462,2884858.0,2876384.0,2893332.0,114546.0,100231.0,128861.0,0.0,0.0,hard,32,3,0,10000000,sync_on,hard_p32_w3_i0_t10000000
25.34,582.5242718446602,582.5242718446602,582.5242718446602,2850992.0,2850992.0,2850992.0,131725.0,131725.0,131725.0,0.0,0.0,hard,32,3,0,10000000,sync_on,hard_p32_w3_i0_t10000000
25.36,451.92307692307696,451.92307692307696,451.92307692307696,2805412.0,2805412.0,2805412.0,97102.0,97102.0,97102.0,0.0,0.0,hard,32,3,0,10000000,sync_on,hard_p32_w3_i0_t10000000
25.37,961.1650485436894,961.1650485436894,961.1650485436894,2779720.0,2779720.0,2779720.0,127137.0,127137.0,127137.0,0.0,0.0,hard,32,3,0,10000000,sync_on,hard_p32_w3_i0_t10000000
25.41,456.3106796116505,456.3106796116505,456.3106796116505,2876540.0,2876540.0,2876540.0,128884.0,128884.0,128884.0,0.0,0.0,hard,32,3,0,10000000,sync_on,hard_p32_w3_i0_t10000000
25.42,485.4368932038835,485.4368932038835,485.4368932038835,2893556.0,2893556.0,2893556.0,100261.0,100261.0,100261.0,0.0,0.0,hard,32,3,0,10000000,sync_on,hard_p32_w3_i0_t10000000
25.44,711.5384615384615,711.5384615384615,711.5384615384615,2851400.0,2851400.0,2851400.0,131767.0,131767.0,131767.0,0.0,0.0,hard,32,3,0,10000000,sync_on,hard_p32_w3_i0_t10000000
25.47,650.4854368932039,650.4854368932039,650.4854368932039,2805648.0,2805648.0,2805648.0,97131.0,97131.0,97131.0,0.0,0.0,hard,32,3,0,10000000,sync_on,hard_p32_w3_i0_t10000000
25.48,533.9805825242719,533.9805825242719,533.9805825242719,2779968.0,2779968.0,2779968.0,127167.0,127167.0,127167.0,0.0,0.0,hard,32,3,0,10000000,sync_on,hard_p32_w3_i0_t10000000
25.52,555.4051530993279,524.2718446601942,586.5384615384615,2885310.0,2876916.0,2893704.0,114604.5,100291.0,128918.0,0.0,0.0,hard,32,3,0,10000000,sync_on,hard_p32_w3_i0_t10000000
25.54,563.1067961165049,563.1067961165049,563.1067961165049,2851508.0,2851508.0,2851508.0,131798.0,131798.0,131798.0,0.0,0.0,hard,32,3,0,10000000,sync_on,hard_p32_w3_i0_t10000000
25.57,485.4368932038835,485.4368932038835,485.4368932038835,2805788.0,2805788.0,2805788.0,97161.0,97161.0,97161.0,0.0,0.0,hard,32,3,0,10000000,sync_on,hard_p32_w3_i0_t10000000
25.58,805.8252427184467,805.8252427184467,805.8252427184467,2780312.0,2780312.0,2780312.0,123433.0,123433.0,123433.0,0.0,0.0,hard,32,3,0,10000000,sync_on,hard_p32_w3_i0_t10000000
25.62,491.78491411501125,291.2621359223301,692.3076923076924,2885518.0,2877052.0,2893984.0,114633.5,100330.0,128937.0,0.0,0.0,hard,32,3,0,10000000,sync_on,hard_p32_w3_i0_t10000000
25.65,240.3846153846154,240.3846153846154,240.3846153846154,2851564.0,2851564.0,2851564.0,131814.0,131814.0,131814.0,0.0,0.0,hard,32,3,0,10000000,sync_on,hard_p32_w3_i0_t10000000
25.67,533.9805825242719,533.9805825242719,533.9805825242719,2806012.0,2806012.0,2806012.0,97194.0,97194.0,97194.0,0.0,0.0,hard,32,3,0,10000000,sync_on,hard_p32_w3_i0_t10000000
25.68,786.4077669902913,786.4077669902913,786.4077669902913,2780796.0,2780796.0,2780796.0,123480.0,123480.0,123480.0,0.0,0.0,hard,32,3,0,10000000,sync_on,hard_p32_w3_i0_t10000000
25.73,595.0409289929564,578.4313725490197,611.6504854368933,2885692.0,2877144.0,2894240.0,114672.0,100364.0,128980.0,0.0,0.0,hard,32,3,0,10000000,sync_on,hard_p32_w3_i0_t10000000
25.75,601.9417475728155,601.9417475728155,601.9417475728155,2851804.0,2851804.0,2851804.0,131846.0,131846.0,131846.0,0.0,0.0,hard,32,3,0,10000000,sync_on,hard_p32_w3_i0_t10000000
25.78,586.5384615384615,586.5384615384615,586.5384615384615,2806152.0,2806152.0,2806152.0,97238.0,97238.0,97238.0,0.0,0.0,hard,32,3,0,10000000,sync_on,hard_p32_w3_i0_t10000000
25.79,825.242718446602,825.242718446602,825.242718446602,2781196.0,2781196.0,2781196.0,119741.0,119741.0,119741.0,0.0,0.0,hard,32,3,0,10000000,sync_on,hard_p32_w3_i0_t10000000
25.83,590.0858849887976,442.3076923076923,737.8640776699029,2885908.0,2877236.0,2894580.0,114706.5,100407.0,129006.0,0.0,0.0,hard,32,3,0,10000000,sync_on,hard_p32_w3_i0_t10000000
25.85,442.3076923076923,442.3076923076923,442.3076923076923,2852008.0,2852008.0,2852008.0,131873.0,131873.0,131873.0,0.0,0.0,hard,32,3,0,10000000,sync_on,hard_p32_w3_i0_t10000000
25.88,611.6504854368933,611.6504854368933,611.6504854368933,2806324.0,2806324.0,2806324.0,97615.0,97615.0,97615.0,0.0,0.0,hard,32,3,0,10000000,sync_on,hard_p32_w3_i0_t10000000
25.89,811.8811881188118,811.8811881188118,811.8811881188118,2781652.0,2781652.0,2781652.0,119783.0,119783.0,119783.0,0.0,0.0,hard,32,3,0,10000000,sync_on,hard_p32_w3_i0_t10000000
25.93,554.5182972367438,339.80582524271847,769.2307692307693,2886076.0,2877312.0,2894840.0,114736.0,100445.0,129027.0,0.0,0.0,hard,32,3,0,10000000,sync_on,hard_p32_w3_i0_t10000000
25.96,471.1538461538462,471.1538461538462,471.1538461538462,2852296.0,2852296.0,2852296.0,131900.0,131900.0,131900.0,0.0,0.0,hard,32,3,0,10000000,sync_on,hard_p32_w3_i0_t10000000
25.98,495.1456310679612,495.1456310679612,495.1456310679612,2806864.0,2806864.0,2806864.0,99127.0,99127.0,99127.0,0.0,0.0,hard,32,3,0,10000000,sync_on,hard_p32_w3_i0_t10000000
25.99,990.3846153846155,990.3846153846155,990.3846153846155,2781968.0,2781968.0,2781968.0,119833.0,119833.0,119833.0,0.0,0.0,hard,32,3,0,10000000,sync_on,hard_p32_w3_i0_t10000000
26.04,671.6299477221808,644.2307692307693,699.0291262135922,2886386.0,2877724.0,2895048.0,112884.5,96717.0,129052.0,0.0,0.0,hard,32,3,0,10000000,sync_on,hard_p32_w3_i0_t10000000
26.06,679.6116504854369,679.6116504854369,679.6116504854369,2852664.0,2852664.0,2852664.0,131935.0,131935.0,131935.0,0.0,0.0,hard,32,3,0,10000000,sync_on,hard_p32_w3_i0_t10000000
26.09,757.2815533980583,718.4466019417476,796.1165048543689,2793766.0,2782100.0,2805432.0,108599.0,97324.0,119874.0,0.0,0.0,hard,32,3,0,10000000,sync_on,hard_p32_w3_i0_t10000000
26.14,494.0510184656388,213.59223300970876,774.5098039215687,2886540.0,2877784.0,2895296.0,112911.0,96758.0,129064.0,0.0,0.0,hard,32,3,0,10000000,sync_on,hard_p32_w3_i0_t10000000
26.16,413.46153846153845,413.46153846153845,413.46153846153845,2852832.0,2852832.0,2852832.0,132661.0,132661.0,132661.0,0.0,0.0,hard,32,3,0,10000000,sync_on,hard_p32_w3_i0_t10000000
26.19,538.4615384615385,538.4615384615385,538.4615384615385,2805588.0,2805588.0,2805588.0,97351.0,97351.0,97351.0,0.0,0.0,hard,32,3,0,10000000,sync_on,hard_p32_w3_i0_t10000000
26.2,844.6601941747573,844.6601941747573,844.6601941747573,2782352.0,2782352.0,2782352.0,119924.0,119924.0,119924.0,0.0,0.0,hard,32,3,0,10000000,sync_on,hard_p32_w3_i0_t10000000
26.24,826.1762509335325,807.6923076923077,844.6601941747573,2886964.0,2878152.0,2895776.0,112959.0,96812.0,129106.0,0.0,0.0,hard,32,3,0,10000000,sync_on,hard_p32_w3_i0_t10000000
26.27,242.71844660194176,242.71844660194176,242.71844660194176,2853224.0,2853224.0,2853224.0,133808.0,133808.0,133808.0,0.0,0.0,hard,32,3,0,10000000,sync_on,hard_p32_w3_i0_t10000000
26.29,582.5242718446602,582.5242718446602,582.5242718446602,2805740.0,2805740.0,2805740.0,97378.0,97378.0,97378.0,0.0,0.0,hard,32,3,0,10000000,sync_on,hard_p32_w3_i0_t10000000
26.3,735.2941176470589,735.2941176470589,735.2941176470589,2782524.0,2782524.0,2782524.0,119966.0,119966.0,119966.0,0.0,0.0,hard,32,3,0,10000000,sync_on,hard_p32_w3_i0_t10000000
26.34,730.7692307692308,730.7692307692308,730.7692307692308,2896032.0,2896032.0,2896032.0,96851.0,96851.0,96851.0,0.0,0.0,hard,32,3,0,10000000,sync_on,hard_p32_w3_i0_t10000000
26.35,417.4757281553398,417.4757281553398,417.4757281553398,2878432.0,2878432.0,2878432.0,129131.0,129131.0,129131.0,0.0,0.0,hard,32,3,0,10000000,sync_on,hard_p32_w3_i0_t10000000
26.37,0.0,0.0,0.0,2853224.0,2853224.0,2853224.0,133808.0,133808.0,133808.0,0.0,0.0,hard,32,3,0,10000000,sync_on,hard_p32_w3_i0_t10000000
26.39,699.0291262135922,699.0291262135922,699.0291262135922,2805912.0,2805912.0,2805912.0,97419.0,97419.0,97419.0,0.0,0.0,hard,32,3,0,10000000,sync_on,hard_p32_w3_i0_t10000000
26.4,883.495145631068,883.495145631068,883.495145631068,2782808.0,2782808.0,2782808.0,120018.0,120018.0,120018.0,0.0,0.0,hard,32,3,0,10000000,sync_on,hard_p32_w3_i0_t10000000
26.45,648.3383121732637,442.3076923076923,854.368932038835,2887450.0,2878624.0,2896276.0,113028.0,96895.0,129161.0,0.0,0.0,hard,32,3,0,10000000,sync_on,hard_p32_w3_i0_t10000000
26.48,0.0,0.0,0.0,2853224.0,2853224.0,2853224.0,133808.0,133808.0,133808.0,0.0,0.0,hard,32,3,0,10000000,sync_on,hard_p32_w3_i0_t10000000
26.5,480.7692307692308,480.7692307692308,480.7692307692308,2806072.0,2806072.0,2806072.0,97445.0,97445.0,97445.0,0.0,0.0,hard,32,3,0,10000000,sync_on,hard_p32_w3_i0_t10000000
26.51,728.9719626168225,728.9719626168225,728.9719626168225,2782960.0,2782960.0,2782960.0,120057.0,120057.0,120057.0,0.0,0.0,hard,32,3,0,10000000,sync_on,hard_p32_w3_i0_t10000000
26.55,687.7498572244432,676.4705882352941,699.0291262135922,2887670.0,2878888.0,2896452.0,113067.0,96935.0,129199.0,0.0,0.0,hard,32,3,0,10000000,sync_on,hard_p32_w3_i0_t10000000
26.58,0.0,0.0,0.0,2853224.0,2853224.0,2853224.0,133808.0,133808.0,133808.0,0.0,0.0,hard,32,3,0,10000000,sync_on,hard_p32_w3_i0_t10000000
26.6,533.9805825242719,533.9805825242719,533.9805825242719,2806204.0,2806204.0,2806204.0,97479.0,97479.0,97479.0,0.0,0.0,hard,32,3,0,10000000,sync_on,hard_p32_w3_i0_t10000000
26.61,913.4615384615385,913.4615384615385,913.4615384615385,2783356.0,2783356.0,2783356.0,120371.0,120371.0,120371.0,0.0,0.0,hard,32,3,0,10000000,sync_on,hard_p32_w3_i0_t10000000
26.65,699.0291262135922,699.0291262135922,699.0291262135922,2896660.0,2896660.0,2896660.0,96970.0,96970.0,96970.0,0.0,0.0,hard,32,3,0,10000000,sync_on,hard_p32_w3_i0_t10000000
26.66,427.1844660194175,427.1844660194175,427.1844660194175,2879048.0,2879048.0,2879048.0,129215.0,129215.0,129215.0,0.0,0.0,hard,32,3,0,10000000,sync_on,hard_p32_w3_i0_t10000000
26.68,0.0,0.0,0.0,2853224.0,2853224.0,2853224.0,133808.0,133808.0,133808.0,0.0,0.0,hard,32,3,0,10000000,sync_on,hard_p32_w3_i0_t10000000
26.7,456.3106796116505,456.3106796116505,456.3106796116505,2806392.0,2806392.0,2806392.0,97497.0,97497.0,97497.0,0.0,0.0,hard,32,3,0,10000000,sync_on,hard_p32_w3_i0_t10000000
26.71,227.7227722772277,227.7227722772277,227.7227722772277,2783436.0,2783436.0,2783436.0,120389.0,120389.0,120389.0,0.0,0.0,hard,32,3,0,10000000,sync_on,hard_p32_w3_i0_t10000000
26.76,387.32262882748324,211.53846153846155,563.1067961165049,2887962.0,2879096.0,2896828.0,113116.0,97001.0,129231.0,0.0,0.0,hard,32,3,0,10000000,sync_on,hard_p32_w3_i0_t10000000
26.79,0.0,0.0,0.0,2853224.0,2853224.0,2853224.0,133808.0,133808.0,133808.0,0.0,0.0,hard,32,3,0,10000000,sync_on,hard_p32_w3_i0_t10000000
26.81,446.6019417475728,446.6019417475728,446.6019417475728,2806572.0,2806572.0,2806572.0,97517.0,97517.0,97517.0,0.0,0.0,hard,32,3,0,10000000,sync_on,hard_p32_w3_i0_t10000000
26.82,432.69230769230774,432.69230769230774,432.69230769230774,2783528.0,2783528.0,2783528.0,116635.0,116635.0,116635.0,0.0,0.0,hard,32,3,0,10000000,sync_on,hard_p32_w3_i0_t10000000
26.86,464.2457057505602,365.3846153846154,563.1067961165049,2888168.0,2879356.0,2896980.0,113140.5,97025.0,129256.0,0.0,0.0,hard,32,3,0,10000000,sync_on,hard_p32_w3_i0_t10000000
26.89,0.0,0.0,0.0,2853224.0,2853224.0,2853224.0,133808.0,133808.0,133808.0,0.0,0.0,hard,32,3,0,10000000,sync_on,hard_p32_w3_i0_t10000000
26.91,436.8932038834952,436.8932038834952,436.8932038834952,2806656.0,2806656.0,2806656.0,97551.0,97551.0,97551.0,0.0,0.0,hard,32,3,0,10000000,sync_on,hard_p32_w3_i0_t10000000
26.92,582.5242718446602,582.5242718446602,582.5242718446602,2783904.0,2783904.0,2783904.0,112634.0,112634.0,112634.0,0.0,0.0,hard,32,3,0,10000000,sync_on,hard_p32_w3_i0_t10000000
26.96,368.93203883495147,368.93203883495147,368.93203883495147,2897164.0,2897164.0,2897164.0,97045.0,97045.0,97045.0,0.0,0.0,hard,32,3,0,10000000,sync_on,hard_p32_w3_i0_t10000000
26.97,365.3846153846154,365.3846153846154,365.3846153846154,2879512.0,2879512.0,2879512.0,129269.0,129269.0,129269.0,0.0,0.0,hard,32,3,0,10000000,sync_on,hard_p32_w3_i0_t10000000
26.99,0.0,0.0,0.0,2853224.0,2853224.0,2853224.0,133808.0,133808.0,133808.0,0.0,0.0,hard,32,3,0,10000000,sync_on,hard_p32_w3_i0_t10000000
27.02,531.9268110530247,423.0769230769231,640.7766990291262,2795438.0,2784052.0,2806824.0,105120.0,97578.0,112662.0,0.0,0.0,hard,32,3,0,10000000,sync_on,hard_p32_w3_i0_t10000000
27.07,533.9805825242719,475.7281553398058,592.2330097087379,2888604.0,2879648.0,2897560.0,113189.0,97071.0,129307.0,0.0,0.0,hard,32,3,0,10000000,sync_on,hard_p32_w3_i0_t10000000
27.1,0.0,0.0,0.0,2853224.0,2853224.0,2853224.0,133808.0,133808.0,133808.0,0.0,0.0,hard,32,3,0,10000000,sync_on,hard_p32_w3_i0_t10000000
27.12,563.1067961165049,563.1067961165049,563.1067961165049,2806956.0,2806956.0,2806956.0,97606.0,97606.0,97606.0,0.0,0.0,hard,32,3,0,10000000,sync_on,hard_p32_w3_i0_t10000000
27.13,740.3846153846155,740.3846153846155,740.3846153846155,2784304.0,2784304.0,2784304.0,112704.0,112704.0,112704.0,0.0,0.0,hard,32,3,0,10000000,sync_on,hard_p32_w3_i0_t10000000
27.17,487.6773711725168,436.8932038834952,538.4615384615385,2888804.0,2879896.0,2897712.0,113210.0,97091.0,129329.0,0.0,0.0,hard,32,3,0,10000000,sync_on,hard_p32_w3_i0_t10000000
27.2,339.80582524271847,339.80582524271847,339.80582524271847,2853580.0,2853580.0,2853580.0,133835.0,133835.0,133835.0,0.0,0.0,hard,32,3,0,10000000,sync_on,hard_p32_w3_i0_t10000000
27.22,601.9417475728155,601.9417475728155,601.9417475728155,2807060.0,2807060.0,2807060.0,97636.0,97636.0,97636.0,0.0,0.0,hard,32,3,0,10000000,sync_on,hard_p32_w3_i0_t10000000
27.23,699.0291262135922,699.0291262135922,699.0291262135922,2784432.0,2784432.0,2784432.0,112741.0,112741.0,112741.0,0.0,0.0,hard,32,3,0,10000000,sync_on,hard_p32_w3_i0_t10000000
27.27,721.1538461538462,721.1538461538462,721.1538461538462,2897952.0,2897952.0,2897952.0,97127.0,97127.0,97127.0,0.0,0.0,hard,32,3,0,10000000,sync_on,hard_p32_w3_i0_t10000000
27.28,368.93203883495147,368.93203883495147,368.93203883495147,2880028.0,2880028.0,2880028.0,129347.0,129347.0,129347.0,0.0,0.0,hard,32,3,0,10000000,sync_on,hard_p32_w3_i0_t10000000
27.3,461.53846153846155,461.53846153846155,461.53846153846155,2851956.0,2851956.0,2851956.0,132004.0,132004.0,132004.0,0.0,0.0,hard,32,3,0,10000000,sync_on,hard_p32_w3_i0_t10000000
27.32,769.2307692307693,769.2307692307693,769.2307692307693,2807408.0,2807408.0,2807408.0,97680.0,97680.0,97680.0,0.0,0.0,hard,32,3,0,10000000,sync_on,hard_p32_w3_i0_t10000000
27.33,310.67961165048547,310.67961165048547,310.67961165048547,2784492.0,2784492.0,2784492.0,113028.0,113028.0,113028.0,0.0,0.0,hard,32,3,0,10000000,sync_on,hard_p32_w3_i0_t10000000
27.38,504.8543689320389,427.1844660194175,582.5242718446602,2889164.0,2880160.0,2898168.0,113259.0,97148.0,129370.0,0.0,0.0,hard,32,3,0,10000000,sync_on,hard_p32_w3_i0_t10000000
27.41,557.6923076923077,557.6923076923077,557.6923076923077,2852216.0,2852216.0,2852216.0,132037.0,132037.0,132037.0,0.0,0.0,hard,32,3,0,10000000,sync_on,hard_p32_w3_i0_t10000000
27.43,359.2233009708738,359.2233009708738,359.2233009708738,2807464.0,2807464.0,2807464.0,97704.0,97704.0,97704.0,0.0,0.0,hard,32,3,0,10000000,sync_on,hard_p32_w3_i0_t10000000
27.44,653.8461538461539,653.8461538461539,653.8461538461539,2784908.0,2784908.0,2784908.0,109023.0,109023.0,109023.0,0.0,0.0,hard,32,3,0,10000000,sync_on,hard_p32_w3_i0_t10000000
27.48,733.0097087378641,621.3592233009709,844.6601941747573,2889466.0,2880540.0,2898392.0,113297.0,97192.0,129402.0,0.0,0.0,hard,32,3,0,10000000,sync_on,hard_p32_w3_i0_t10000000
27.51,615.3846153846154,615.3846153846154,615.3846153846154,2852504.0,2852504.0,2852504.0,132063.0,132063.0,132063.0,0.0,0.0,hard,32,3,0,10000000,sync_on,hard_p32_w3_i0_t10000000
27.53,514.5631067961166,514.5631067961166,514.5631067961166,2807588.0,2807588.0,2807588.0,97736.0,97736.0,97736.0,0.0,0.0,hard,32,3,0,10000000,sync_on,hard_p32_w3_i0_t10000000
27.54,553.3980582524272,553.3980582524272,553.3980582524272,2785012.0,2785012.0,2785012.0,109055.0,109055.0,109055.0,0.0,0.0,hard,32,3,0,10000000,sync_on,hard_p32_w3_i0_t10000000
27.58,647.0588235294118,647.0588235294118,647.0588235294118,2898708.0,2898708.0,2898708.0,97226.0,97226.0,97226.0,0.0,0.0,hard,32,3,0,10000000,sync_on,hard_p32_w3_i0_t10000000
27.59,394.2307692307692,394.2307692307692,394.2307692307692,2880704.0,2880704.0,2880704.0,129427.0,129427.0,129427.0,0.0,0.0,hard,32,3,0,10000000,sync_on,hard_p32_w3_i0_t10000000
27.61,504.8543689320389,504.8543689320389,504.8543689320389,2852744.0,2852744.0,2852744.0,132090.0,132090.0,132090.0,0.0,0.0,hard,32,3,0,10000000,sync_on,hard_p32_w3_i0_t10000000
27.63,563.1067961165049,563.1067961165049,563.1067961165049,2807768.0,2807768.0,2807768.0,97772.0,97772.0,97772.0,0.0,0.0,hard,32,3,0,10000000,sync_on,hard_p32_w3_i0_t10000000
27.64,466.0194174757282,466.0194174757282,466.0194174757282,2785224.0,2785224.0,2785224.0,109085.0,109085.0,109085.0,0.0,0.0,hard,32,3,0,10000000,sync_on,hard_p32_w3_i0_t10000000
27.68,543.6893203883495,543.6893203883495,543.6893203883495,2898928.0,2898928.0,2898928.0,97246.0,97246.0,97246.0,0.0,0.0,hard,32,3,0,10000000,sync_on,hard_p32_w3_i0_t10000000
27.69,456.3106796116505,456.3106796116505,456.3106796116505,2880940.0,2880940.0,2880940.0,129449.0,129449.0,129449.0,0.0,0.0,hard,32,3,0,10000000,sync_on,hard_p32_w3_i0_t10000000
27.72,557.6923076923077,557.6923076923077,557.6923076923077,2853028.0,2853028.0,2853028.0,132229.0,132229.0,132229.0,0.0,0.0,hard,32,3,0,10000000,sync_on,hard_p32_w3_i0_t10000000
27.74,576.9230769230769,576.9230769230769,576.9230769230769,2807964.0,2807964.0,2807964.0,98599.0,98599.0,98599.0,0.0,0.0,hard,32,3,0,10000000,sync_on,hard_p32_w3_i0_t10000000
27.75,394.2307692307692,394.2307692307692,394.2307692307692,2785408.0,2785408.0,2785408.0,109104.0,109104.0,109104.0,0.0,0.0,hard,32,3,0,10000000,sync_on,hard_p32_w3_i0_t10000000
27.79,366.0380881254668,135.92233009708738,596.1538461538462,2890060.0,2881104.0,2899016.0,113370.0,97253.0,129487.0,0.0,0.0,hard,32,3,0,10000000,sync_on,hard_p32_w3_i0_t10000000
27.82,689.3203883495146,689.3203883495146,689.3203883495146,2853408.0,2853408.0,2853408.0,134002.0,134002.0,134002.0,0.0,0.0,hard,32,3,0,10000000,sync_on,hard_p32_w3_i0_t10000000
27.84,339.80582524271847,339.80582524271847,339.80582524271847,2808108.0,2808108.0,2808108.0,97797.0,97797.0,97797.0,0.0,0.0,hard,32,3,0,10000000,sync_on,hard_p32_w3_i0_t10000000
27.85,601.9417475728155,601.9417475728155,601.9417475728155,2785488.0,2785488.0,2785488.0,109153.0,109153.0,109153.0,0.0,0.0,hard,32,3,0,10000000,sync_on,hard_p32_w3_i0_t10000000
27.89,0.0,0.0,0.0,2899016.0,2899016.0,2899016.0,97253.0,97253.0,97253.0,0.0,0.0,hard,32,3,0,10000000,sync_on,hard_p32_w3_i0_t10000000
27.9,572.8155339805826,572.8155339805826,572.8155339805826,2881444.0,2881444.0,2881444.0,129504.0,129504.0,129504.0,0.0,0.0,hard,32,3,0,10000000,sync_on,hard_p32_w3_i0_t10000000
27.93,509.61538461538464,509.61538461538464,509.61538461538464,2851976.0,2851976.0,2851976.0,133360.0,133360.0,133360.0,0.0,0.0,hard,32,3,0,10000000,sync_on,hard_p32_w3_i0_t10000000
27.94,524.2718446601942,524.2718446601942,524.2718446601942,2806380.0,2806380.0,2806380.0,97824.0,97824.0,97824.0,0.0,0.0,hard,32,3,0,10000000,sync_on,hard_p32_w3_i0_t10000000
27.95,980.5825242718447,980.5825242718447,980.5825242718447,2785844.0,2785844.0,2785844.0,109202.0,109202.0,109202.0,0.0,0.0,hard,32,3,0,10000000,sync_on,hard_p32_w3_i0_t10000000
27.99,0.0,0.0,0.0,2899016.0,2899016.0,2899016.0,97253.0,97253.0,97253.0,0.0,0.0,hard,32,3,0,10000000,sync_on,hard_p32_w3_i0_t10000000
28.0,586.5384615384615,586.5384615384615,586.5384615384615,2881592.0,2881592.0,2881592.0,129541.0,129541.0,129541.0,0.0,0.0,hard,32,3,0,10000000,sync_on,hard_p32_w3_i0_t10000000
28.03,145.63106796116506,145.63106796116506,145.63106796116506,2852240.0,2852240.0,2852240.0,134030.0,134030.0,134030.0,0.0,0.0,hard,32,3,0,10000000,sync_on,hard_p32_w3_i0_t10000000
28.05,711.8313344755378,637.2549019607843,786.4077669902913,2796446.0,2786144.0,2806748.0,103544.5,97864.0,109225.0,0.0,0.0,hard,32,3,0,10000000,sync_on,hard_p32_w3_i0_t10000000
28.1,300.97087378640776,300.97087378640776,300.97087378640776,2899072.0,2899072.0,2899072.0,97264.0,97264.0,97264.0,0.0,0.0,hard,32,3,0,10000000,sync_on,hard_p32_w3_i0_t10000000
28.11,298.0769230769231,298.0769230769231,298.0769230769231,2881648.0,2881648.0,2881648.0,129560.0,129560.0,129560.0,0.0,0.0,hard,32,3,0,10000000,sync_on,hard_p32_w3_i0_t10000000
28.13,0.0,0.0,0.0,2852240.0,2852240.0,2852240.0,134030.0,134030.0,134030.0,0.0,0.0,hard,32,3,0,10000000,sync_on,hard_p32_w3_i0_t10000000
28.15,615.3846153846154,615.3846153846154,615.3846153846154,2807080.0,2807080.0,2807080.0,97891.0,97891.0,97891.0,0.0,0.0,hard,32,3,0,10000000,sync_on,hard_p32_w3_i0_t10000000
28.16,607.843137254902,607.843137254902,607.843137254902,2786280.0,2786280.0,2786280.0,109268.0,109268.0,109268.0,0.0,0.0,hard,32,3,0,10000000,sync_on,hard_p32_w3_i0_t10000000
28.2,757.2815533980583,757.2815533980583,757.2815533980583,2899480.0,2899480.0,2899480.0,97297.0,97297.0,97297.0,0.0,0.0,hard,32,3,0,10000000,sync_on,hard_p32_w3_i0_t10000000
28.21,524.2718446601942,524.2718446601942,524.2718446601942,2882044.0,2882044.0,2882044.0,129587.0,129587.0,129587.0,0.0,0.0,hard,32,3,0,10000000,sync_on,hard_p32_w3_i0_t10000000
28.24,893.2038834951456,893.2038834951456,893.2038834951456,2850940.0,2850940.0,2850940.0,132246.0,132246.0,132246.0,0.0,0.0,hard,32,3,0,10000000,sync_on,hard_p32_w3_i0_t10000000
28.25,611.6504854368933,611.6504854368933,611.6504854368933,2807308.0,2807308.0,2807308.0,97921.0,97921.0,97921.0,0.0,0.0,hard,32,3,0,10000000,sync_on,hard_p32_w3_i0_t10000000
28.26,990.2912621359224,990.2912621359224,990.2912621359224,2786736.0,2786736.0,2786736.0,109315.0,109315.0,109315.0,0.0,0.0,hard,32,3,0,10000000,sync_on,hard_p32_w3_i0_t10000000
28.3,631.0679611650486,631.0679611650486,631.0679611650486,2899736.0,2899736.0,2899736.0,97321.0,97321.0,97321.0,0.0,0.0,hard,32,3,0,10000000,sync_on,hard_p32_w3_i0_t10000000
28.31,490.3846153846154,490.3846153846154,490.3846153846154,2882296.0,2882296.0,2882296.0,129609.0,129609.0,129609.0,0.0,0.0,hard,32,3,0,10000000,sync_on,hard_p32_w3_i0_t10000000
28.34,1280.3738317757009,1280.3738317757009,1280.3738317757009,2852008.0,2852008.0,2852008.0,128536.0,128536.0,128536.0,0.0,0.0,hard,32,3,0,10000000,sync_on,hard_p32_w3_i0_t10000000
28.36,322.16206123973114,9.708737864077671,634.6153846153846,2797124.0,2786940.0,2807308.0,103635.0,97921.0,109349.0,0.0,0.0,hard,32,3,0,10000000,sync_on,hard_p32_w3_i0_t10000000
28.41,443.9413741598208,339.80582524271847,548.0769230769231,2891162.0,2882404.0,2899920.0,113487.5,97355.0,129620.0,0.0,0.0,hard,32,3,0,10000000,sync_on,hard_p32_w3_i0_t10000000
28.45,1352.9411764705883,1352.9411764705883,1352.9411764705883,2852664.0,2852664.0,2852664.0,128602.0,128602.0,128602.0,0.0,0.0,hard,32,3,0,10000000,sync_on,hard_p32_w3_i0_t10000000
28.46,0.0,0.0,0.0,2807308.0,2807308.0,2807308.0,97921.0,97921.0,97921.0,0.0,0.0,hard,32,3,0,10000000,sync_on,hard_p32_w3_i0_t10000000
28.47,922.3300970873787,922.3300970873787,922.3300970873787,2787196.0,2787196.0,2787196.0,109389.0,109389.0,109389.0,0.0,0.0,hard,32,3,0,10000000,sync_on,hard_p32_w3_i0_t10000000
28.51,572.8155339805826,572.8155339805826,572.8155339805826,2900064.0,2900064.0,2900064.0,97383.0,97383.0,97383.0,0.0,0.0,hard,32,3,0,10000000,sync_on,hard_p32_w3_i0_t10000000
28.52,242.71844660194176,242.71844660194176,242.71844660194176,2882460.0,2882460.0,2882460.0,129634.0,129634.0,129634.0,0.0,0.0,hard,32,3,0,10000000,sync_on,hard_p32_w3_i0_t10000000
28.55,1343.137254901961,1343.137254901961,1343.137254901961,2853220.0,2853220.0,2853220.0,128668.0,128668.0,128668.0,0.0,0.0,hard,32,3,0,10000000,sync_on,hard_p32_w3_i0_t10000000
28.56,0.0,0.0,0.0,2807308.0,2807308.0,2807308.0,97921.0,97921.0,97921.0,0.0,0.0,hard,32,3,0,10000000,sync_on,hard_p32_w3_i0_t10000000
28.57,650.4854368932039,650.4854368932039,650.4854368932039,2787308.0,2787308.0,2787308.0,109428.0,109428.0,109428.0,0.0,0.0,hard,32,3,0,10000000,sync_on,hard_p32_w3_i0_t10000000
28.61,427.1844660194175,427.1844660194175,427.1844660194175,2900156.0,2900156.0,2900156.0,97405.0,97405.0,97405.0,0.0,0.0,hard,32,3,0,10000000,sync_on,hard_p32_w3_i0_t10000000
28.62,711.5384615384615,711.5384615384615,711.5384615384615,2882764.0,2882764.0,2882764.0,129669.0,129669.0,129669.0,0.0,0.0,hard,32,3,0,10000000,sync_on,hard_p32_w3_i0_t10000000
28.65,1225.4901960784314,1225.4901960784314,1225.4901960784314,2853992.0,2853992.0,2853992.0,128729.0,128729.0,128729.0,0.0,0.0,hard,32,3,0,10000000,sync_on,hard_p32_w3_i0_t10000000
28.67,417.4757281553399,174.75728155339806,660.1941747572816,2797368.0,2787388.0,2807348.0,103697.0,97933.0,109461.0,0.0,0.0,hard,32,3,0,10000000,sync_on,hard_p32_w3_i0_t10000000
28.72,504.8543689320389,504.8543689320389,504.8543689320389,2900336.0,2900336.0,2900336.0,97442.0,97442.0,97442.0,0.0,0.0,hard,32,3,0,10000000,sync_on,hard_p32_w3_i0_t10000000
28.73,548.0769230769231,548.0769230769231,548.0769230769231,2882952.0,2882952.0,2882952.0,129698.0,129698.0,129698.0,0.0,0.0,hard,32,3,0,10000000,sync_on,hard_p32_w3_i0_t10000000
28.75,1306.930693069307,1306.930693069307,1306.930693069307,2854388.0,2854388.0,2854388.0,128795.0,128795.0,128795.0,0.0,0.0,hard,32,3,0,10000000,sync_on,hard_p32_w3_i0_t10000000
28.77,442.3076923076923,442.3076923076923,442.3076923076923,2807644.0,2807644.0,2807644.0,97953.0,97953.0,97953.0,0.0,0.0,hard,32,3,0,10000000,sync_on,hard_p32_w3_i0_t10000000
28.78,519.2307692307693,519.2307692307693,519.2307692307693,2787584.0,2787584.0,2787584.0,105707.0,105707.0,105707.0,0.0,0.0,hard,32,3,0,10000000,sync_on,hard_p32_w3_i0_t10000000
28.82,423.0769230769231,423.0769230769231,423.0769230769231,2900396.0,2900396.0,2900396.0,97464.0,97464.0,97464.0,0.0,0.0,hard,32,3,0,10000000,sync_on,hard_p32_w3_i0_t10000000
28.83,495.1456310679612,495.1456310679612,495.1456310679612,2883096.0,2883096.0,2883096.0,129718.0,129718.0,129718.0,0.0,0.0,hard,32,3,0,10000000,sync_on,hard_p32_w3_i0_t10000000
28.85,1271.8446601941748,1271.8446601941748,1271.8446601941748,2854816.0,2854816.0,2854816.0,128862.0,128862.0,128862.0,0.0,0.0,hard,32,3,0,10000000,sync_on,hard_p32_w3_i0_t10000000
28.87,349.5145631067961,349.5145631067961,349.5145631067961,2807708.0,2807708.0,2807708.0,97975.0,97975.0,97975.0,0.0,0.0,hard,32,3,0,10000000,sync_on,hard_p32_w3_i0_t10000000
28.88,737.8640776699029,737.8640776699029,737.8640776699029,2787764.0,2787764.0,2787764.0,105754.0,105754.0,105754.0,0.0,0.0,hard,32,3,0,10000000,sync_on,hard_p32_w3_i0_t10000000
28.92,485.4368932038835,485.4368932038835,485.4368932038835,2900560.0,2900560.0,2900560.0,97500.0,97500.0,97500.0,0.0,0.0,hard,32,3,0,10000000,sync_on,hard_p32_w3_i0_t10000000
28.93,407.7669902912622,407.7669902912622,407.7669902912622,2883212.0,2883212.0,2883212.0,129744.0,129744.0,129744.0,0.0,0.0,hard,32,3,0,10000000,sync_on,hard_p32_w3_i0_t10000000
28.95,1297.029702970297,1297.029702970297,1297.029702970297,2855412.0,2855412.0,2855412.0,128938.0,128938.0,128938.0,0.0,0.0,hard,32,3,0,10000000,sync_on,hard_p32_w3_i0_t10000000
28.98,834.9514563106798,708.73786407767,961.1650485436894,2798050.0,2788092.0,2808008.0,101911.0,98012.0,105810.0,0.0,0.0,hard,32,3,0,10000000,sync_on,hard_p32_w3_i0_t10000000
29.03,533.9805825242719,533.9805825242719,533.9805825242719,2900700.0,2900700.0,2900700.0,98036.0,98036.0,98036.0,0.0,0.0,hard,32,3,0,10000000,sync_on,hard_p32_w3_i0_t10000000
29.04,788.4615384615385,788.4615384615385,788.4615384615385,2883384.0,2883384.0,2883384.0,129785.0,129785.0,129785.0,0.0,0.0,hard,32,3,0,10000000,sync_on,hard_p32_w3_i0_t10000000
29.06,1105.7692307692307,1105.7692307692307,1105.7692307692307,2855848.0,2855848.0,2855848.0,128997.0,128997.0,128997.0,0.0,0.0,hard,32,3,0,10000000,sync_on,hard_p32_w3_i0_t10000000
29.08,533.9805825242719,533.9805825242719,533.9805825242719,2808392.0,2808392.0,2808392.0,98043.0,98043.0,98043.0,0.0,0.0,hard,32,3,0,10000000,sync_on,hard_p32_w3_i0_t10000000
29.09,788.4615384615385,788.4615384615385,788.4615384615385,2788328.0,2788328.0,2788328.0,105857.0,105857.0,105857.0,0.0,0.0,hard,32,3,0,10000000,sync_on,hard_p32_w3_i0_t10000000
29.13,475.7281553398058,475.7281553398058,475.7281553398058,2900960.0,2900960.0,2900960.0,99388.0,99388.0,99388.0,0.0,0.0,hard,32,3,0,10000000,sync_on,hard_p32_w3_i0_t10000000
29.14,291.2621359223301,291.2621359223301,291.2621359223301,2883496.0,2883496.0,2883496.0,129800.0,129800.0,129800.0,0.0,0.0,hard,32,3,0,10000000,sync_on,hard_p32_w3_i0_t10000000
29.16,1188.118811881188,1188.118811881188,1188.118811881188,2856224.0,2856224.0,2856224.0,129064.0,129064.0,129064.0,0.0,0.0,hard,32,3,0,10000000,sync_on,hard_p32_w3_i0_t10000000
29.18,766.990291262136,766.990291262136,766.990291262136,2808576.0,2808576.0,2808576.0,98077.0,98077.0,98077.0,0.0,0.0,hard,32,3,0,10000000,sync_on,hard_p32_w3_i0_t10000000
29.19,689.3203883495146,689.3203883495146,689.3203883495146,2788476.0,2788476.0,2788476.0,105879.0,105879.0,105879.0,0.0,0.0,hard,32,3,0,10000000,sync_on,hard_p32_w3_i0_t10000000
29.23,557.6923076923077,557.6923076923077,557.6923076923077,2899408.0,2899408.0,2899408.0,97569.0,97569.0,97569.0,0.0,0.0,hard,32,3,0,10000000,sync_on,hard_p32_w3_i0_t10000000
29.24,548.0769230769231,548.0769230769231,548.0769230769231,2883668.0,2883668.0,2883668.0,131019.0,131019.0,131019.0,0.0,0.0,hard,32,3,0,10000000,sync_on,hard_p32_w3_i0_t10000000
29.26,1048.5436893203885,1048.5436893203885,1048.5436893203885,2856588.0,2856588.0,2856588.0,129116.0,129116.0,129116.0,0.0,0.0,hard,32,3,0,10000000,sync_on,hard_p32_w3_i0_t10000000
29.29,520.4562594268477,413.46153846153845,627.4509803921569,2798612.0,2788584.0,2808640.0,102007.0,98105.0,105909.0,0.0,0.0,hard,32,3,0,10000000,sync_on,hard_p32_w3_i0_t10000000
29.34,388.3495145631068,388.3495145631068,388.3495145631068,2899604.0,2899604.0,2899604.0,97587.0,97587.0,97587.0,0.0,0.0,hard,32,3,0,10000000,sync_on,hard_p32_w3_i0_t10000000
29.35,76.92307692307692,76.92307692307692,76.92307692307692,2883812.0,2883812.0,2883812.0,131655.0,131655.0,131655.0,0.0,0.0,hard,32,3,0,10000000,sync_on,hard_p32_w3_i0_t10000000
29.36,1098.0392156862745,1098.0392156862745,1098.0392156862745,2857228.0,2857228.0,2857228.0,130711.0,130711.0,130711.0,0.0,0.0,hard,32,3,0,10000000,sync_on,hard_p32_w3_i0_t10000000
29.39,582.5242718446602,582.5242718446602,582.5242718446602,2809052.0,2809052.0,2809052.0,98132.0,98132.0,98132.0,0.0,0.0,hard,32,3,0,10000000,sync_on,hard_p32_w3_i0_t10000000
29.4,913.4615384615385,913.4615384615385,913.4615384615385,2788716.0,2788716.0,2788716.0,105961.0,105961.0,105961.0,0.0,0.0,hard,32,3,0,10000000,sync_on,hard_p32_w3_i0_t10000000
29.44,378.6407766990292,378.6407766990292,378.6407766990292,2899964.0,2899964.0,2899964.0,97607.0,97607.0,97607.0,0.0,0.0,hard,32,3,0,10000000,sync_on,hard_p32_w3_i0_t10000000
29.45,0.0,0.0,0.0,2883812.0,2883812.0,2883812.0,131655.0,131655.0,131655.0,0.0,0.0,hard,32,3,0,10000000,sync_on,hard_p32_w3_i0_t10000000
29.47,852.9411764705883,852.9411764705883,852.9411764705883,2855868.0,2855868.0,2855868.0,129211.0,129211.0,129211.0,0.0,0.0,hard,32,3,0,10000000,sync_on,hard_p32_w3_i0_t10000000
29.49,866.6666666666667,866.6666666666667,866.6666666666667,2809372.0,2809372.0,2809372.0,98178.0,98178.0,98178.0,0.0,0.0,hard,32,3,0,10000000,sync_on,hard_p32_w3_i0_t10000000
29.5,656.8627450980392,656.8627450980392,656.8627450980392,2788856.0,2788856.0,2788856.0,105998.0,105998.0,105998.0,0.0,0.0,hard,32,3,0,10000000,sync_on,hard_p32_w3_i0_t10000000
29.54,533.9805825242719,533.9805825242719,533.9805825242719,2900152.0,2900152.0,2900152.0,97629.0,97629.0,97629.0,0.0,0.0,hard,32,3,0,10000000,sync_on,hard_p32_w3_i0_t10000000
29.55,0.0,0.0,0.0,2883812.0,2883812.0,2883812.0,131655.0,131655.0,131655.0,0.0,0.0,hard,32,3,0,10000000,sync_on,hard_p32_w3_i0_t10000000
29.57,1169.811320754717,1169.811320754717,1169.811320754717,2856588.0,2856588.0,2856588.0,129271.0,129271.0,129271.0,0.0,0.0,hard,32,3,0,10000000,sync_on,hard_p32_w3_i0_t10000000
29.6,747.737556561086,730.7692307692308,764.7058823529412,2799364.0,2789128.0,2809600.0,100238.0,98216.0,102260.0,0.0,0.0,hard,32,3,0,10000000,sync_on,hard_p32_w3_i0_t10000000
29.65,615.3846153846154,615.3846153846154,615.3846153846154,2900380.0,2900380.0,2900380.0,97665.0,97665.0,97665.0,0.0,0.0,hard,32,3,0,10000000,sync_on,hard_p32_w3_i0_t10000000
29.66,0.0,0.0,0.0,2883812.0,2883812.0,2883812.0,131655.0,131655.0,131655.0,0.0,0.0,hard,32,3,0,10000000,sync_on,hard_p32_w3_i0_t10000000
29.67,1287.128712871287,1287.128712871287,1287.128712871287,2857312.0,2857312.0,2857312.0,129337.0,129337.0,129337.0,0.0,0.0,hard,32,3,0,10000000,sync_on,hard_p32_w3_i0_t10000000
29.7,582.5242718446602,368.93203883495147,796.1165048543689,2799526.0,2789300.0,2809752.0,100271.5,98236.0,102307.0,0.0,0.0,hard,32,3,0,10000000,sync_on,hard_p32_w3_i0_t10000000
29.75,631.0679611650486,631.0679611650486,631.0679611650486,2900744.0,2900744.0,2900744.0,97695.0,97695.0,97695.0,0.0,0.0,hard,32,3,0,10000000,sync_on,hard_p32_w3_i0_t10000000
29.76,0.0,0.0,0.0,2883812.0,2883812.0,2883812.0,131655.0,131655.0,131655.0,0.0,0.0,hard,32,3,0,10000000,sync_on,hard_p32_w3_i0_t10000000
29.78,1184.4660194174758,1184.4660194174758,1184.4660194174758,2857620.0,2857620.0,2857620.0,129402.0,129402.0,129402.0,0.0,0.0,hard,32,3,0,10000000,sync_on,hard_p32_w3_i0_t10000000
29.8,475.7281553398058,475.7281553398058,475.7281553398058,2810068.0,2810068.0,2810068.0,98265.0,98265.0,98265.0,0.0,0.0,hard,32,3,0,10000000,sync_on,hard_p32_w3_i0_t10000000
29.81,621.3592233009709,621.3592233009709,621.3592233009709,2789488.0,2789488.0,2789488.0,102340.0,102340.0,102340.0,0.0,0.0,hard,32,3,0,10000000,sync_on,hard_p32_w3_i0_t10000000
29.85,446.6019417475728,446.6019417475728,446.6019417475728,2900820.0,2900820.0,2900820.0,97721.0,97721.0,97721.0,0.0,0.0,hard,32,3,0,10000000,sync_on,hard_p32_w3_i0_t10000000
29.86,0.0,0.0,0.0,2883812.0,2883812.0,2883812.0,131655.0,131655.0,131655.0,0.0,0.0,hard,32,3,0,10000000,sync_on,hard_p32_w3_i0_t10000000
29.88,1245.0980392156864,1245.0980392156864,1245.0980392156864,2858392.0,2858392.0,2858392.0,129472.0,129472.0,129472.0,0.0,0.0,hard,32,3,0,10000000,sync_on,hard_p32_w3_i0_t10000000
29.91,663.4615384615385,576.9230769230769,750.0,2799976.0,2789660.0,2810292.0,100332.5,98288.0,102377.0,0.0,0.0,hard,32,3,0,10000000,sync_on,hard_p32_w3_i0_t10000000
29.95,368.93203883495147,368.93203883495147,368.93203883495147,2900876.0,2900876.0,2900876.0,97745.0,97745.0,97745.0,0.0,0.0,hard,32,3,0,10000000,sync_on,hard_p32_w3_i0_t10000000
29.97,0.0,0.0,0.0,2883812.0,2883812.0,2883812.0,131655.0,131655.0,131655.0,0.0,0.0,hard,32,3,0,10000000,sync_on,hard_p32_w3_i0_t10000000
29.98,1168.3168316831682,1168.3168316831682,1168.3168316831682,2858896.0,2858896.0,2858896.0,129540.0,129540.0,129540.0,0.0,0.0,hard,32,3,0,10000000,sync_on,hard_p32_w3_i0_t10000000
30.01,485.4368932038835,485.4368932038835,485.4368932038835,2810464.0,2810464.0,2810464.0,98310.0,98310.0,98310.0,0.0,0.0,hard,32,3,0,10000000,sync_on,hard_p32_w3_i0_t10000000
30.02,553.3980582524272,553.3980582524272,553.3980582524272,2789796.0,2789796.0,2789796.0,102405.0,102405.0,102405.0,0.0,0.0,hard,32,3,0,10000000,sync_on,hard_p32_w3_i0_t10000000
30.06,740.3846153846155,740.3846153846155,740.3846153846155,2901164.0,2901164.0,2901164.0,97783.0,97783.0,97783.0,0.0,0.0,hard,32,3,0,10000000,sync_on,hard_p32_w3_i0_t10000000
30.07,0.0,0.0,0.0,2883812.0,2883812.0,2883812.0,131655.0,131655.0,131655.0,0.0,0.0,hard,32,3,0,10000000,sync_on,hard_p32_w3_i0_t10000000
30.08,803.921568627451,803.921568627451,803.921568627451,2858956.0,2858956.0,2858956.0,129589.0,129589.0,129589.0,0.0,0.0,hard,32,3,0,10000000,sync_on,hard_p32_w3_i0_t10000000
30.18,0.0,0.0,0.0,2883812.0,2883812.0,2883812.0,131655.0,131655.0,131655.0,0.0,0.0,hard,32,3,0,10000000,sync_on,hard_p32_w3_i0_t10000000
0.1,880.9357406328869,495.049504950495,1127.450980392157,2545494.4,2544588.0,2546180.0,69751.8,69732.0,69767.0,0.0,0.0,engine,1,1,0,10000000,sync_on,engine_p1_w1_i0_t10000000
0.2,710.2989710735778,39.21568627450981,999.9999999999999,2548476.0,2544808.0,2550136.0,71135.25,69732.0,71992.0,0.0,0.0,engine,1,1,0,10000000,sync_on,engine_p1_w1_i0_t10000000
0.22,1000.0,1000.0,1000.0,2550508.0,2550508.0,2550508.0,72000.0,72000.0,72000.0,0.0,0.0,engine,1,1,0,10000000,sync_on,engine_p1_w1_i0_t10000000
0.3,577.0481459910698,0.0,872.5490196078432,2551035.0,2544808.0,2554236.0,72131.0,69732.0,73564.0,0.0,0.0,engine,1,1,0,10000000,sync_on,engine_p1_w1_i0_t10000000
0.32,841.5841584158416,841.5841584158416,841.5841584158416,2554212.0,2554212.0,2554212.0,73587.0,73587.0,73587.0,0.0,0.0,engine,1,1,0,10000000,sync_on,engine_p1_w1_i0_t10000000
0.4,722.7722772277227,722.7722772277227,722.7722772277227,2555260.0,2555260.0,2555260.0,74364.0,74364.0,74364.0,0.0,0.0,engine,1,1,0,10000000,sync_on,engine_p1_w1_i0_t10000000
0.41,557.7557755775578,0.0,1059.4059405940593,2552712.0,2544808.0,2556788.0,73010.66666666667,69732.0,75027.0,0.0,0.0,engine,1,1,0,10000000,sync_on,engine_p1_w1_i0_t10000000
0.42,613.8613861386139,613.8613861386139,613.8613861386139,2556628.0,2556628.0,2556628.0,74970.0,74970.0,74970.0,0.0,0.0,engine,1,1,0,10000000,sync_on,engine_p1_w1_i0_t10000000
0.51,621.2871287128712,0.0,1039.6039603960396,2555857.0,2544808.0,2559984.0,74730.25,69732.0,76481.0,0.0,0.0,engine,1,1,0,10000000,sync_on,engine_p1_w1_i0_t10000000
0.52,603.9603960396039,603.9603960396039,603.9603960396039,2558996.0,2558996.0,2558996.0,76473.0,76473.0,76473.0,0.0,0.0,engine,1,1,0,10000000,sync_on,engine_p1_w1_i0_t10000000
0.61,650.8444962143274,0.0,1058.8235294117649,2558181.0,2544808.0,2563448.0,75955.5,69732.0,78701.0,0.0,0.0,engine,1,1,0,10000000,sync_on,engine_p1_w1_i0_t10000000
0.62,1059.4059405940593,1059.4059405940593,1059.4059405940593,2562640.0,2562640.0,2562640.0,78711.0,78711.0,78711.0,0.0,0.0,engine,1,1,0,10000000,sync_on,engine_p1_w1_i0_t10000000
0.71,440.0763605772342,0.0,663.3663366336633,2557922.6666666665,2544812.0,2564776.0,75888.66666666667,69732.0,79169.0,0.0,0.0,engine,1,1,0,10000000,sync_on,engine_p1_w1_i0_t10000000
0.72,990.09900990099,990.09900990099,990.09900990099,2565900.0,2565900.0,2565900.0,80370.0,80370.0,80370.0,0.0,0.0,engine,1,1,0,10000000,sync_on,engine_p1_w1_i0_t10000000
0.73,811.4754098360656,811.4754098360656,811.4754098360656,2566968.0,2566968.0,2566968.0,80364.0,80364.0,80364.0,0.0,0.0,engine,1,1,0,10000000,sync_on,engine_p1_w1_i0_t10000000
0.81,623.7623762376237,0.0,970.2970297029702,2555738.6666666665,2544812.0,2568172.0,52321.333333333336,6801.0,80431.0,0.0,0.0,engine,1,1,0,10000000,sync_on,engine_p1_w1_i0_t10000000
0.82,900.990099009901,900.990099009901,900.990099009901,2555952.0,2555952.0,2555952.0,68833.0,68833.0,68833.0,0.0,0.0,engine,1,1,0,10000000,sync_on,engine_p1_w1_i0_t10000000
0.83,1117.6470588235295,1117.6470588235295,1117.6470588235295,2557956.0,2557956.0,2557956.0,69577.0,69577.0,69577.0,0.0,0.0,engine,1,1,0,10000000,sync_on,engine_p1_w1_i0_t10000000
0.91,1078.6740438749757,1049.5049504950493,1107.843137254902,2559106.0,2558340.0,2559872.0,69884.5,69875.0,69894.0,0.0,0.0,engine,1,1,0,10000000,sync_on,engine_p1_w1_i0_t10000000
0.92,0.0,0.0,0.0,2544812.0,2544812.0,2544812.0,69732.0,69732.0,69732.0,0.0,0.0,engine,1,1,0,10000000,sync_on,engine_p1_w1_i0_t10000000
0.93,905.9405940594058,851.4851485148514,960.3960396039604,2558256.0,2557000.0,2559512.0,68556.5,68201.0,68912.0,0.0,0.0,engine,1,1,0,10000000,sync_on,engine_p1_w1_i0_t10000000
1.01,1108.9108910891089,1039.6039603960396,1178.2178217821781,2561674.0,2560804.0,2562544.0,70202.5,70191.0,70214.0,0.0,0.0,engine,1,1,0,10000000,sync_on,engine_p1_w1_i0_t10000000
1.02,0.0,0.0,0.0,2544812.0,2544812.0,2544812.0,69732.0,69732.0,69732.0,0.0,0.0,engine,1,1,0,10000000,sync_on,engine_p1_w1_i0_t10000000
1.03,881.1881188118812,722.7722772277227,1039.6039603960396,2561700.0,2560944.0,2562456.0,70195.0,70191.0,70199.0,0.0,0.0,engine,1,1,0,10000000,sync_on,engine_p1_w1_i0_t10000000
1.11,712.8712871287129,712.8712871287129,712.8712871287129,2562264.0,2562264.0,2562264.0,68777.0,68777.0,68777.0,0.0,0.0,engine,1,1,0,10000000,sync_on,engine_p1_w1_i0_t10000000
1.12,0.0,0.0,0.0,2544812.0,2544812.0,2544812.0,69732.0,69732.0,69732.0,0.0,0.0,engine,1,1,0,10000000,sync_on,engine_p1_w1_i0_t10000000
1.13,950.4950495049504,950.4950495049504,950.4950495049504,2561980.0,2561980.0,2561980.0,69665.0,69665.0,69665.0,0.0,0.0,engine,1,1,0,10000000,sync_on,engine_p1_w1_i0_t10000000
1.14,1247.5247524752474,1247.5247524752474,1247.5247524752474,2564908.0,2564908.0,2564908.0,70310.0,70310.0,70310.0,0.0,0.0,engine,1,1,0,10000000,sync_on,engine_p1_w1_i0_t10000000
1.15,1070.921985815603,1070.921985815603,1070.921985815603,2563444.0,2563444.0,2563444.0,70030.0,70030.0,70030.0,0.0,0.0,engine,1,1,0,10000000,sync_on,engine_p1_w1_i0_t10000000
1.21,712.8712871287129,712.8712871287129,712.8712871287129,2565148.0,2565148.0,2565148.0,70339.0,70339.0,70339.0,0.0,0.0,engine,1,1,0,10000000,sync_on,engine_p1_w1_i0_t10000000
1.22,245.0980392156863,245.0980392156863,245.0980392156863,2546196.0,2546196.0,2546196.0,70281.0,70281.0,70281.0,0.0,0.0,engine,1,1,0,10000000,sync_on,engine_p1_w1_i0_t10000000
1.23,712.8712871287129,712.8712871287129,712.8712871287129,2564020.0,2564020.0,2564020.0,70548.0,70548.0,70548.0,0.0,0.0,engine,1,1,0,10000000,sync_on,engine_p1_w1_i0_t10000000
1.24,792.079207920792,792.079207920792,792.079207920792,2564836.0,2564836.0,2564836.0,68570.0,68570.0,68570.0,0.0,0.0,engine,1,1,0,10000000,sync_on,engine_p1_w1_i0_t10000000
1.25,623.7623762376237,623.7623762376237,623.7623762376237,2562696.0,2562696.0,2562696.0,68378.0,68378.0,68378.0,0.0,0.0,engine,1,1,0,10000000,sync_on,engine_p1_w1_i0_t10000000
1.31,1168.3168316831682,1168.3168316831682,1168.3168316831682,2565824.0,2565824.0,2565824.0,69417.0,69417.0,69417.0,0.0,0.0,engine,1,1,0,10000000,sync_on,engine_p1_w1_i0_t10000000
1.32,336.63366336633663,336.63366336633663,336.63366336633663,2548460.0,2548460.0,2548460.0,71951.0,71951.0,71951.0,0.0,0.0,engine,1,1,0,10000000,sync_on,engine_p1_w1_i0_t10000000
1.33,1168.3168316831682,1168.3168316831682,1168.3168316831682,2565664.0,2565664.0,2565664.0,70406.0,70406.0,70406.0,0.0,0.0,engine,1,1,0,10000000,sync_on,engine_p1_w1_i0_t10000000
1.34,851.4851485148514,851.4851485148514,851.4851485148514,2567940.0,2567940.0,2567940.0,70386.0,70386.0,70386.0,0.0,0.0,engine,1,1,0,10000000,sync_on,engine_p1_w1_i0_t10000000
1.35,1138.6138613861385,1138.6138613861385,1138.6138613861385,2564676.0,2564676.0,2564676.0,68805.0,68805.0,68805.0,0.0,0.0,engine,1,1,0,10000000,sync_on,engine_p1_w1_i0_t10000000
1.42,424.9019607843137,9.803921568627452,840.0,2558582.0,2548464.0,2568700.0,71323.0,70695.0,71951.0,0.0,0.0,engine,1,1,0,10000000,sync_on,engine_p1_w1_i0_t10000000
1.43,900.990099009901,900.990099009901,900.990099009901,2565616.0,2565616.0,2565616.0,68792.0,68792.0,68792.0,0.0,0.0,engine,1,1,0,10000000,sync_on,engine_p1_w1_i0_t10000000
1.44,1069.3069306930693,1069.3069306930693,1069.3069306930693,2567328.0,2567328.0,2567328.0,68397.0,68397.0,68397.0,0.0,0.0,engine,1,1,0,10000000,sync_on,engine_p1_w1_i0_t10000000
1.46,980.1980198019801,980.1980198019801,980.1980198019801,2567076.0,2567076.0,2567076.0,69507.0,69507.0,69507.0,0.0,0.0,engine,1,1,0,10000000,sync_on,engine_p1_w1_i0_t10000000
1.52,574.2574257425742,0.0,1148.5148514851485,2558562.0,2548464.0,2568660.0,70380.0,68809.0,71951.0,0.0,0.0,engine,1,1,0,10000000,sync_on,engine_p1_w1_i0_t10000000
1.53,1050.0,1050.0,1050.0,2566764.0,2566764.0,2566764.0,68963.0,68963.0,68963.0,0.0,0.0,engine,1,1,0,10000000,sync_on,engine_p1_w1_i0_t10000000
1.54,1178.2178217821781,1178.2178217821781,1178.2178217821781,2569640.0,2569640.0,2569640.0,69357.0,69357.0,69357.0,0.0,0.0,engine,1,1,0,10000000,sync_on,engine_p1_w1_i0_t10000000
1.57,1000.0,1000.0,1000.0,2569304.0,2569304.0,2569304.0,69820.0,69820.0,69820.0,0.0,0.0,engine,1,1,0,10000000,sync_on,engine_p1_w1_i0_t10000000
1.62,930.6930693069306,930.6930693069306,930.6930693069306,2570432.0,2570432.0,2570432.0,69402.0,69402.0,69402.0,0.0,0.0,engine,1,1,0,10000000,sync_on,engine_p1_w1_i0_t10000000
1.63,480.1980198019802,0.0,960.3960396039604,2558620.0,2548464.0,2568776.0,70822.5,69694.0,71951.0,0.0,0.0,engine,1,1,0,10000000,sync_on,engine_p1_w1_i0_t10000000
1.64,891.089108910891,891.089108910891,891.089108910891,2571120.0,2571120.0,2571120.0,69662.0,69662.0,69662.0,0.0,0.0,engine,1,1,0,10000000,sync_on,engine_p1_w1_i0_t10000000
1.67,872.5490196078432,872.5490196078432,872.5490196078432,2571136.0,2571136.0,2571136.0,70130.0,70130.0,70130.0,0.0,0.0,engine,1,1,0,10000000,sync_on,engine_p1_w1_i0_t10000000
1.72,891.089108910891,891.089108910891,891.089108910891,2571676.0,2571676.0,2571676.0,69711.0,69711.0,69711.0,0.0,0.0,engine,1,1,0,10000000,sync_on,engine_p1_w1_i0_t10000000
1.73,460.3960396039604,0.0,920.7920792079208,2559432.0,2548464.0,2570400.0,70974.5,69998.0,71951.0,0.0,0.0,engine,1,1,0,10000000,sync_on,engine_p1_w1_i0_t10000000
1.74,920.7920792079208,920.7920792079208,920.7920792079208,2572324.0,2572324.0,2572324.0,69974.0,69974.0,69974.0,0.0,0.0,engine,1,1,0,10000000,sync_on,engine_p1_w1_i0_t10000000
1.77,1010.0,1010.0,1010.0,2572620.0,2572620.0,2572620.0,70076.0,70076.0,70076.0,0.0,0.0,engine,1,1,0,10000000,sync_on,engine_p1_w1_i0_t10000000
1.82,831.6831683168316,831.6831683168316,831.6831683168316,2573116.0,2573116.0,2573116.0,70013.0,70013.0,70013.0,0.0,0.0,engine,1,1,0,10000000,sync_on,engine_p1_w1_i0_t10000000
1.83,430.6930693069307,0.0,861.3861386138614,2560036.0,2548464.0,2571608.0,71132.5,70314.0,71951.0,0.0,0.0,engine,1,1,0,10000000,sync_on,engine_p1_w1_i0_t10000000
1.84,1019.8019801980197,1019.8019801980197,1019.8019801980197,2573968.0,2573968.0,2573968.0,70025.0,70025.0,70025.0,0.0,0.0,engine,1,1,0,10000000,sync_on,engine_p1_w1_i0_t10000000
1.87,693.0693069306931,693.0693069306931,693.0693069306931,2574176.0,2574176.0,2574176.0,71167.0,71167.0,71167.0,0.0,0.0,engine,1,1,0,10000000,sync_on,engine_p1_w1_i0_t10000000
1.92,683.1683168316831,683.1683168316831,683.1683168316831,2573976.0,2573976.0,2573976.0,70312.0,70312.0,70312.0,0.0,0.0,engine,1,1,0,10000000,sync_on,engine_p1_w1_i0_t10000000
1.93,0.0,0.0,0.0,2548464.0,2548464.0,2548464.0,71951.0,71951.0,71951.0,0.0,0.0,engine,1,1,0,10000000,sync_on,engine_p1_w1_i0_t10000000
1.94,836.6336633663366,821.7821782178218,851.4851485148514,2573420.0,2572244.0,2574596.0,69694.0,69676.0,69712.0,0.0,0.0,engine,1,1,0,10000000,sync_on,engine_p1_w1_i0_t10000000
1.98,861.3861386138614,861.3861386138614,861.3861386138614,2576756.0,2576756.0,2576756.0,72707.0,72707.0,72707.0,0.0,0.0,engine,1,1,0,10000000,sync_on,engine_p1_w1_i0_t10000000
2.02,1029.7029702970297,1029.7029702970297,1029.7029702970297,2575232.0,2575232.0,2575232.0,70625.0,70625.0,70625.0,0.0,0.0,engine,1,1,0,10000000,sync_on,engine_p1_w1_i0_t10000000
2.03,0.0,0.0,0.0,2548464.0,2548464.0,2548464.0,71951.0,71951.0,71951.0,0.0,0.0,engine,1,1,0,10000000,sync_on,engine_p1_w1_i0_t10000000
2.04,690.0,670.0,710.0,2573036.0,2572060.0,2574012.0,68651.0,68634.0,68668.0,0.0,0.0,engine,1,1,0,10000000,sync_on,engine_p1_w1_i0_t10000000
2.08,1188.118811881188,1188.118811881188,1188.118811881188,2576160.0,2576160.0,2576160.0,70767.0,70767.0,70767.0,0.0,0.0,engine,1,1,0,10000000,sync_on,engine_p1_w1_i0_t10000000
2.12,1049.5049504950493,1049.5049504950493,1049.5049504950493,2576832.0,2576832.0,2576832.0,70436.0,70436.0,70436.0,0.0,0.0,engine,1,1,0,10000000,sync_on,engine_p1_w1_i0_t10000000
2.13,0.0,0.0,0.0,2548464.0,2548464.0,2548464.0,71951.0,71951.0,71951.0,0.0,0.0,engine,1,1,0,10000000,sync_on,engine_p1_w1_i0_t10000000
2.14,980.1980198019801,980.1980198019801,980.1980198019801,2575412.0,2575412.0,2575412.0,70811.0,70811.0,70811.0,0.0,0.0,engine,1,1,0,10000000,sync_on,engine_p1_w1_i0_t10000000
2.15,1049.0196078431372,1049.0196078431372,1049.0196078431372,2577536.0,2577536.0,2577536.0,70804.0,70804.0,70804.0,0.0,0.0,engine,1,1,0,10000000,sync_on,engine_p1_w1_i0_t10000000
2.18,663.3663366336633,663.3663366336633,663.3663366336633,2575288.0,2575288.0,2575288.0,68951.0,68951.0,68951.0,0.0,0.0,engine,1,1,0,10000000,sync_on,engine_p1_w1_i0_t10000000
2.22,710.0,710.0,710.0,2575432.0,2575432.0,2575432.0,68924.0,68924.0,68924.0,0.0,0.0,engine,1,1,0,10000000,sync_on,engine_p1_w1_i0_t10000000
2.24,499.99999999999994,0.0,999.9999999999999,2561692.0,2548464.0,2574920.0,70617.0,69283.0,71951.0,0.0,0.0,engine,1,1,0,10000000,sync_on,engine_p1_w1_i0_t10000000
2.25,712.8712871287129,712.8712871287129,712.8712871287129,2576284.0,2576284.0,2576284.0,69280.0,69280.0,69280.0,0.0,0.0,engine,1,1,0,10000000,sync_on,engine_p1_w1_i0_t10000000
2.28,930.6930693069306,930.6930693069306,930.6930693069306,2575944.0,2575944.0,2575944.0,69457.0,69457.0,69457.0,0.0,0.0,engine,1,1,0,10000000,sync_on,engine_p1_w1_i0_t10000000
2.32,950.4950495049504,950.4950495049504,950.4950495049504,2576608.0,2576608.0,2576608.0,69582.0,69582.0,69582.0,0.0,0.0,engine,1,1,0,10000000,sync_on,engine_p1_w1_i0_t10000000
2.34,504.90196078431376,0.0,1009.8039215686275,2562264.0,2548464.0,2576064.0,70903.0,69855.0,71951.0,0.0,0.0,engine,1,1,0,10000000,sync_on,engine_p1_w1_i0_t10000000
2.35,960.7843137254903,960.7843137254903,960.7843137254903,2576780.0,2576780.0,2576780.0,68998.0,68998.0,68998.0,0.0,0.0,engine,1,1,0,10000000,sync_on,engine_p1_w1_i0_t10000000
2.38,1039.6039603960396,1039.6039603960396,1039.6039603960396,2576704.0,2576704.0,2576704.0,69451.0,69451.0,69451.0,0.0,0.0,engine,1,1,0,10000000,sync_on,engine_p1_w1_i0_t10000000
2.42,999.9999999999999,999.9999999999999,999.9999999999999,2577216.0,2577216.0,2577216.0,69112.0,69112.0,69112.0,0.0,0.0,engine,1,1,0,10000000,sync_on,engine_p1_w1_i0_t10000000
2.44,663.3663366336633,415.8415841584158,910.8910891089108,2563748.0,2550288.0,2577208.0,71464.5,70168.0,72761.0,0.0,0.0,engine,1,1,0,10000000,sync_on,engine_p1_w1_i0_t10000000
2.45,1039.6039603960396,1039.6039603960396,1039.6039603960396,2578224.0,2578224.0,2578224.0,69065.0,69065.0,69065.0,0.0,0.0,engine,1,1,0,10000000,sync_on,engine_p1_w1_i0_t10000000
2.48,1019.8019801980197,1019.8019801980197,1019.8019801980197,2577776.0,2577776.0,2577776.0,69574.0,69574.0,69574.0,0.0,0.0,engine,1,1,0,10000000,sync_on,engine_p1_w1_i0_t10000000
2.52,1049.5049504950493,1049.5049504950493,1049.5049504950493,2579492.0,2579492.0,2579492.0,69674.0,69674.0,69674.0,0.0,0.0,engine,1,1,0,10000000,sync_on,engine_p1_w1_i0_t10000000
2.54,686.0803727431567,411.764705882353,960.3960396039604,2565610.0,2552660.0,2578560.0,72324.0,70473.0,74175.0,0.0,0.0,engine,1,1,0,10000000,sync_on,engine_p1_w1_i0_t10000000
2.55,1089.108910891089,1089.108910891089,1089.108910891089,2579572.0,2579572.0,2579572.0,68849.0,68849.0,68849.0,0.0,0.0,engine,1,1,0,10000000,sync_on,engine_p1_w1_i0_t10000000
2.58,663.3663366336633,663.3663366336633,663.3663366336633,2579772.0,2579772.0,2579772.0,71001.0,71001.0,71001.0,0.0,0.0,engine,1,1,0,10000000,sync_on,engine_p1_w1_i0_t10000000
2.63,990.09900990099,990.09900990099,990.09900990099,2579996.0,2579996.0,2579996.0,69450.0,69450.0,69450.0,0.0,0.0,engine,1,1,0,10000000,sync_on,engine_p1_w1_i0_t10000000
2.64,0.0,0.0,0.0,2552660.0,2552660.0,2552660.0,74175.0,74175.0,74175.0,0.0,0.0,engine,1,1,0,10000000,sync_on,engine_p1_w1_i0_t10000000
2.65,892.8027418126428,884.6153846153846,900.990099009901,2580914.0,2579760.0,2582068.0,70582.0,70516.0,70648.0,0.0,0.0,engine,1,1,0,10000000,sync_on,engine_p1_w1_i0_t10000000
2.68,1029.4117647058824,1029.4117647058824,1029.4117647058824,2582052.0,2582052.0,2582052.0,72445.0,72445.0,72445.0,0.0,0.0,engine,1,1,0,10000000,sync_on,engine_p1_w1_i0_t10000000
2.73,871.2871287128712,871.2871287128712,871.2871287128712,2580404.0,2580404.0,2580404.0,68978.0,68978.0,68978.0,0.0,0.0,engine,1,1,0,10000000,sync_on,engine_p1_w1_i0_t10000000
2.75,603.9603960396039,0.0,999.9999999999999,2571880.0,2552660.0,2583160.0,71567.33333333333,69711.0,74175.0,0.0,0.0,engine,1,1,0,10000000,sync_on,engine_p1_w1_i0_t10000000
2.78,1060.0,1060.0,1060.0,2582068.0,2582068.0,2582068.0,71107.0,71107.0,71107.0,0.0,0.0,engine,1,1,0,10000000,sync_on,engine_p1_w1_i0_t10000000
2.83,970.2970297029702,970.2970297029702,970.2970297029702,2583548.0,2583548.0,2583548.0,71116.0,71116.0,71116.0,0.0,0.0,engine,1,1,0,10000000,sync_on,engine_p1_w1_i0_t10000000
2.85,714.8773700899501,0.0,1392.1568627450981,2573085.3333333335,2552660.0,2584632.0,72152.0,71128.0,74175.0,0.0,0.0,engine,1,1,0,10000000,sync_on,engine_p1_w1_i0_t10000000
2.88,1009.9009900990098,1009.9009900990098,1009.9009900990098,2582200.0,2582200.0,2582200.0,70034.0,70034.0,70034.0,0.0,0.0,engine,1,1,0,10000000,sync_on,engine_p1_w1_i0_t10000000
2.93,1099.009900990099,1099.009900990099,1099.009900990099,2584092.0,2584092.0,2584092.0,70503.0,70503.0,70503.0,0.0,0.0,engine,1,1,0,10000000,sync_on,engine_p1_w1_i0_t10000000
2.95,722.112211221122,0.0,1366.3366336633662,2573449.3333333335,2552660.0,2584420.0,71866.0,70185.0,74175.0,0.0,0.0,engine,1,1,0,10000000,sync_on,engine_p1_w1_i0_t10000000
2.98,871.2871287128712,871.2871287128712,871.2871287128712,2584056.0,2584056.0,2584056.0,71468.0,71468.0,71468.0,0.0,0.0,engine,1,1,0,10000000,sync_on,engine_p1_w1_i0_t10000000
3.03,663.3663366336633,663.3663366336633,663.3663366336633,2585544.0,2585544.0,2585544.0,71766.0,71766.0,71766.0,0.0,0.0,engine,1,1,0,10000000,sync_on,engine_p1_w1_i0_t10000000
3.05,430.6930693069307,0.0,861.3861386138614,2568582.0,2552660.0,2584504.0,73455.0,72735.0,74175.0,0.0,0.0,engine,1,1,0,10000000,sync_on,engine_p1_w1_i0_t10000000
3.06,817.3076923076924,817.3076923076924,817.3076923076924,2586428.0,2586428.0,2586428.0,71406.0,71406.0,71406.0,0.0,0.0,engine,1,1,0,10000000,sync_on,engine_p1_w1_i0_t10000000
3.09,1227.7227722772277,1227.7227722772277,1227.7227722772277,2584692.0,2584692.0,2584692.0,71278.0,71278.0,71278.0,0.0,0.0,engine,1,1,0,10000000,sync_on,engine_p1_w1_i0_t10000000
3.13,900.990099009901,900.990099009901,900.990099009901,2587196.0,2587196.0,2587196.0,73468.0,73468.0,73468.0,0.0,0.0,engine,1,1,0,10000000,sync_on,engine_p1_w1_i0_t10000000
3.15,351.48514851485146,0.0,702.9702970297029,2569330.0,2552660.0,2586000.0,73956.0,73737.0,74175.0,0.0,0.0,engine,1,1,0,10000000,sync_on,engine_p1_w1_i0_t10000000
3.16,1039.6039603960396,1039.6039603960396,1039.6039603960396,2588148.0,2588148.0,2588148.0,73515.0,73515.0,73515.0,0.0,0.0,engine,1,1,0,10000000,sync_on,engine_p1_w1_i0_t10000000
3.19,782.1782178217821,782.1782178217821,782.1782178217821,2583556.0,2583556.0,2583556.0,69818.0,69818.0,69818.0,0.0,0.0,engine,1,1,0,10000000,sync_on,engine_p1_w1_i0_t10000000
3.23,1009.9009900990098,1009.9009900990098,1009.9009900990098,2585020.0,2585020.0,2585020.0,70654.0,70654.0,70654.0,0.0,0.0,engine,1,1,0,10000000,sync_on,engine_p1_w1_i0_t10000000
3.25,499.99999999999994,0.0,999.9999999999999,2568356.0,2552660.0,2584052.0,72777.0,71379.0,74175.0,0.0,0.0,engine,1,1,0,10000000,sync_on,engine_p1_w1_i0_t10000000
3.26,792.079207920792,792.079207920792,792.079207920792,2584672.0,2584672.0,2584672.0,69903.0,69903.0,69903.0,0.0,0.0,engine,1,1,0,10000000,sync_on,engine_p1_w1_i0_t10000000
3.29,851.4851485148514,851.4851485148514,851.4851485148514,2584132.0,2584132.0,2584132.0,70222.0,70222.0,70222.0,0.0,0.0,engine,1,1,0,10000000,sync_on,engine_p1_w1_i0_t10000000
3.33,630.0,630.0,630.0,2586672.0,2586672.0,2586672.0,71648.0,71648.0,71648.0,0.0,0.0,engine,1,1,0,10000000,sync_on,engine_p1_w1_i0_t10000000
3.35,754.9019607843138,754.9019607843138,754.9019607843138,2582904.0,2582904.0,2582904.0,69822.0,69822.0,69822.0,0.0,0.0,engine,1,1,0,10000000,sync_on,engine_p1_w1_i0_t10000000
3.36,306.9306930693069,0.0,613.8613861386139,2569610.0,2552660.0,2586560.0,72794.0,71413.0,74175.0,0.0,0.0,engine,1,1,0,10000000,sync_on,engine_p1_w1_i0_t10000000
3.39,891.089108910891,891.089108910891,891.089108910891,2585368.0,2585368.0,2585368.0,70541.0,70541.0,70541.0,0.0,0.0,engine,1,1,0,10000000,sync_on,engine_p1_w1_i0_t10000000
3.43,1254.9019607843138,1254.9019607843138,1254.9019607843138,2587384.0,2587384.0,2587384.0,71456.0,71456.0,71456.0,0.0,0.0,engine,1,1,0,10000000,sync_on,engine_p1_w1_i0_t10000000
3.45,870.0,870.0,870.0,2585008.0,2585008.0,2585008.0,71463.0,71463.0,71463.0,0.0,0.0,engine,1,1,0,10000000,sync_on,engine_p1_w1_i0_t10000000
3.46,590.0,0.0,1180.0,2570018.0,2552660.0,2587376.0,72745.5,71316.0,74175.0,0.0,0.0,engine,1,1,0,10000000,sync_on,engine_p1_w1_i0_t10000000
3.49,980.1980198019801,980.1980198019801,980.1980198019801,2586592.0,2586592.0,2586592.0,70836.0,70836.0,70836.0,0.0,0.0,engine,1,1,0,10000000,sync_on,engine_p1_w1_i0_t10000000
3.54,742.5742574257425,742.5742574257425,742.5742574257425,2586212.0,2586212.0,2586212.0,69756.0,69756.0,69756.0,0.0,0.0,engine,1,1,0,10000000,sync_on,engine_p1_w1_i0_t10000000
3.55,1108.9108910891089,1108.9108910891089,1108.9108910891089,2585724.0,2585724.0,2585724.0,71123.0,71123.0,71123.0,0.0,0.0,engine,1,1,0,10000000,sync_on,engine_p1_w1_i0_t10000000
3.56,351.48514851485146,0.0,702.9702970297029,2569534.0,2552660.0,2586408.0,71894.5,69614.0,74175.0,0.0,0.0,engine,1,1,0,10000000,sync_on,engine_p1_w1_i0_t10000000
3.59,891.089108910891,891.089108910891,891.089108910891,2587348.0,2587348.0,2587348.0,71153.0,71153.0,71153.0,0.0,0.0,engine,1,1,0,10000000,sync_on,engine_p1_w1_i0_t10000000
3.64,722.7722772277227,722.7722772277227,722.7722772277227,2588440.0,2588440.0,2588440.0,71534.0,71534.0,71534.0,0.0,0.0,engine,1,1,0,10000000,sync_on,engine_p1_w1_i0_t10000000
3.65,663.3663366336633,663.3663366336633,663.3663366336633,2587296.0,2587296.0,2587296.0,71819.0,71819.0,71819.0,0.0,0.0,engine,1,1,0,10000000,sync_on,engine_p1_w1_i0_t10000000
3.66,643.5643564356435,346.53465346534654,940.5940594059406,2571820.0,2554880.0,2588760.0,73300.5,71566.0,75035.0,0.0,0.0,engine,1,1,0,10000000,sync_on,engine_p1_w1_i0_t10000000
3.69,1069.3069306930693,1069.3069306930693,1069.3069306930693,2588248.0,2588248.0,2588248.0,71469.0,71469.0,71469.0,0.0,0.0,engine,1,1,0,10000000,sync_on,engine_p1_w1_i0_t10000000
3.74,1079.2079207920792,1079.2079207920792,1079.2079207920792,2588980.0,2588980.0,2588980.0,71244.0,71244.0,71244.0,0.0,0.0,engine,1,1,0,10000000,sync_on,engine_p1_w1_i0_t10000000
3.76,856.565068271533,460.7843137254902,1148.5148514851485,2577813.3333333335,2557080.0,2588640.0,72964.66666666667,70886.0,76392.0,0.0,0.0,engine,1,1,0,10000000,sync_on,engine_p1_w1_i0_t10000000
3.79,683.1683168316831,683.1683168316831,683.1683168316831,2588216.0,2588216.0,2588216.0,70854.0,70854.0,70854.0,0.0,0.0,engine,1,1,0,10000000,sync_on,engine_p1_w1_i0_t10000000
3.84,663.3663366336633,663.3663366336633,663.3663366336633,2590020.0,2590020.0,2590020.0,71885.0,71885.0,71885.0,0.0,0.0,engine,1,1,0,10000000,sync_on,engine_p1_w1_i0_t10000000
3.86,676.6336633663366,673.2673267326733,680.0,2588094.0,2586004.0,2590184.0,70826.5,69746.0,71907.0,0.0,0.0,engine,1,1,0,10000000,sync_on,engine_p1_w1_i0_t10000000
3.87,39.21568627450981,39.21568627450981,39.21568627450981,2557160.0,2557160.0,2557160.0,76392.0,76392.0,76392.0,0.0,0.0,engine,1,1,0,10000000,sync_on,engine_p1_w1_i0_t10000000
3.89,732.6732673267326,732.6732673267326,732.6732673267326,2587432.0,2587432.0,2587432.0,69549.0,69549.0,69549.0,0.0,0.0,engine,1,1,0,10000000,sync_on,engine_p1_w1_i0_t10000000
3.94,1217.8217821782177,1217.8217821782177,1217.8217821782177,2590144.0,2590144.0,2590144.0,67938.0,67938.0,67938.0,0.0,0.0,engine,1,1,0,10000000,sync_on,engine_p1_w1_i0_t10000000
3.96,1128.960396039604,1050.0,1207.9207920792078,2589166.0,2588684.0,2589648.0,67377.0,66804.0,67950.0,0.0,0.0,engine,1,1,0,10000000,sync_on,engine_p1_w1_i0_t10000000
3.97,0.0,0.0,0.0,2557160.0,2557160.0,2557160.0,76392.0,76392.0,76392.0,0.0,0.0,engine,1,1,0,10000000,sync_on,engine_p1_w1_i0_t10000000
4.0,1267.3267326732673,1267.3267326732673,1267.3267326732673,2588580.0,2588580.0,2588580.0,66350.0,66350.0,66350.0,0.0,0.0,engine,1,1,0,10000000,sync_on,engine_p1_w1_i0_t10000000
4.04,574.2574257425742,574.2574257425742,574.2574257425742,2588468.0,2588468.0,2588468.0,65918.0,65918.0,65918.0,0.0,0.0,engine,1,1,0,10000000,sync_on,engine_p1_w1_i0_t10000000
4.07,595.2647438656909,0.0,973.9130434782609,2579004.0,2557160.0,2590848.0,70528.66666666667,67201.0,76392.0,0.0,0.0,engine,1,1,0,10000000,sync_on,engine_p1_w1_i0_t10000000
4.1,1287.128712871287,1287.128712871287,1287.128712871287,2589568.0,2589568.0,2589568.0,67026.0,67026.0,67026.0,0.0,0.0,engine,1,1,0,10000000,sync_on,engine_p1_w1_i0_t10000000
4.14,1386.1386138613861,1386.1386138613861,1386.1386138613861,2591064.0,2591064.0,2591064.0,68029.0,68029.0,68029.0,0.0,0.0,engine,1,1,0,10000000,sync_on,engine_p1_w1_i0_t10000000
4.17,636.963696369637,0.0,1396.0396039603959,2579477.3333333335,2557160.0,2591332.0,70926.0,68082.0,76392.0,0.0,0.0,engine,1,1,0,10000000,sync_on,engine_p1_w1_i0_t10000000
4.2,920.7920792079208,920.7920792079208,920.7920792079208,2589572.0,2589572.0,2589572.0,67048.0,67048.0,67048.0,0.0,0.0,engine,1,1,0,10000000,sync_on,engine_p1_w1_i0_t10000000
4.24,920.7920792079208,920.7920792079208,920.7920792079208,2589848.0,2589848.0,2589848.0,66237.0,66237.0,66237.0,0.0,0.0,engine,1,1,0,10000000,sync_on,engine_p1_w1_i0_t10000000
4.27,557.7557755775578,0.0,1069.3069306930693,2580009.3333333335,2557160.0,2592244.0,71044.66666666667,68086.0,76392.0,0.0,0.0,engine,1,1,0,10000000,sync_on,engine_p1_w1_i0_t10000000
4.3,1089.108910891089,1089.108910891089,1089.108910891089,2590440.0,2590440.0,2590440.0,66961.0,66961.0,66961.0,0.0,0.0,engine,1,1,0,10000000,sync_on,engine_p1_w1_i0_t10000000
4.34,1060.0,1060.0,1060.0,2592248.0,2592248.0,2592248.0,68116.0,68116.0,68116.0,0.0,0.0,engine,1,1,0,10000000,sync_on,engine_p1_w1_i0_t10000000
4.37,539.6039603960396,0.0,1079.2079207920792,2576084.0,2557160.0,2595008.0,73497.5,70603.0,76392.0,0.0,0.0,engine,1,1,0,10000000,sync_on,engine_p1_w1_i0_t10000000
4.38,1029.7029702970297,1029.7029702970297,1029.7029702970297,2589832.0,2589832.0,2589832.0,66475.0,66475.0,66475.0,0.0,0.0,engine,1,1,0,10000000,sync_on,engine_p1_w1_i0_t10000000
4.4,851.4851485148514,851.4851485148514,851.4851485148514,2590088.0,2590088.0,2590088.0,66210.0,66210.0,66210.0,0.0,0.0,engine,1,1,0,10000000,sync_on,engine_p1_w1_i0_t10000000
4.44,801.980198019802,801.980198019802,801.980198019802,2590700.0,2590700.0,2590700.0,66507.0,66507.0,66507.0,0.0,0.0,engine,1,1,0,10000000,sync_on,engine_p1_w1_i0_t10000000
4.47,415.8415841584158,0.0,831.6831683168316,2573930.0,2557160.0,2590700.0,71256.5,66121.0,76392.0,0.0,0.0,engine,1,1,0,10000000,sync_on,engine_p1_w1_i0_t10000000
4.48,1089.108910891089,1089.108910891089,1089.108910891089,2590376.0,2590376.0,2590376.0,66466.0,66466.0,66466.0,0.0,0.0,engine,1,1,0,10000000,sync_on,engine_p1_w1_i0_t10000000
4.5,990.09900990099,990.09900990099,990.09900990099,2592156.0,2592156.0,2592156.0,67994.0,67994.0,67994.0,0.0,0.0,engine,1,1,0,10000000,sync_on,engine_p1_w1_i0_t10000000
4.54,1188.118811881188,1188.118811881188,1188.118811881188,2591232.0,2591232.0,2591232.0,66562.0,66562.0,66562.0,0.0,0.0,engine,1,1,0,10000000,sync_on,engine_p1_w1_i0_t10000000
4.57,1297.029702970297,1297.029702970297,1297.029702970297,2592384.0,2592384.0,2592384.0,66987.0,66987.0,66987.0,0.0,0.0,engine,1,1,0,10000000,sync_on,engine_p1_w1_i0_t10000000
4.58,569.3069306930693,0.0,1138.6138613861385,2574340.0,2557160.0,2591520.0,71736.5,67081.0,76392.0,0.0,0.0,engine,1,1,0,10000000,sync_on,engine_p1_w1_i0_t10000000
4.6,1060.0,1060.0,1060.0,2592664.0,2592664.0,2592664.0,68139.0,68139.0,68139.0,0.0,0.0,engine,1,1,0,10000000,sync_on,engine_p1_w1_i0_t10000000
4.64,1029.7029702970297,1029.7029702970297,1029.7029702970297,2592216.0,2592216.0,2592216.0,67286.0,67286.0,67286.0,0.0,0.0,engine,1,1,0,10000000,sync_on,engine_p1_w1_i0_t10000000
4.67,811.8811881188118,811.8811881188118,811.8811881188118,2592824.0,2592824.0,2592824.0,67449.0,67449.0,67449.0,0.0,0.0,engine,1,1,0,10000000,sync_on,engine_p1_w1_i0_t10000000
4.68,514.4230769230769,0.0,1028.8461538461538,2574772.0,2557160.0,2592384.0,71735.0,67078.0,76392.0,0.0,0.0,engine,1,1,0,10000000,sync_on,engine_p1_w1_i0_t10000000
4.7,623.7623762376237,623.7623762376237,623.7623762376237,2591312.0,2591312.0,2591312.0,66613.0,66613.0,66613.0,0.0,0.0,engine,1,1,0,10000000,sync_on,engine_p1_w1_i0_t10000000
4.75,1019.8019801980197,1019.8019801980197,1019.8019801980197,2592816.0,2592816.0,2592816.0,67449.0,67449.0,67449.0,0.0,0.0,engine,1,1,0,10000000,sync_on,engine_p1_w1_i0_t10000000
4.77,881.1881188118812,881.1881188118812,881.1881188118812,2593572.0,2593572.0,2593572.0,67749.0,67749.0,67749.0,0.0,0.0,engine,1,1,0,10000000,sync_on,engine_p1_w1_i0_t10000000
4.78,425.4999029314696,49.01960784313726,801.980198019802,2574698.0,2557296.0,2592100.0,71535.0,66665.0,76405.0,0.0,0.0,engine,1,1,0,10000000,sync_on,engine_p1_w1_i0_t10000000
4.8,821.7821782178218,821.7821782178218,821.7821782178218,2593424.0,2593424.0,2593424.0,68346.0,68346.0,68346.0,0.0,0.0,engine,1,1,0,10000000,sync_on,engine_p1_w1_i0_t10000000
4.85,880.0,880.0,880.0,2593284.0,2593284.0,2593284.0,67350.0,67350.0,67350.0,0.0,0.0,engine,1,1,0,10000000,sync_on,engine_p1_w1_i0_t10000000
4.87,1099.009900990099,1099.009900990099,1099.009900990099,2594036.0,2594036.0,2594036.0,67811.0,67811.0,67811.0,0.0,0.0,engine,1,1,0,10000000,sync_on,engine_p1_w1_i0_t10000000
4.88,523.2479130265967,303.921568627451,742.5742574257425,2576098.0,2558472.0,2593724.0,72773.0,68038.0,77508.0,0.0,0.0,engine,1,1,0,10000000,sync_on,engine_p1_w1_i0_t10000000
4.9,1009.9009900990098,1009.9009900990098,1009.9009900990098,2591324.0,2591324.0,2591324.0,66347.0,66347.0,66347.0,0.0,0.0,engine,1,1,0,10000000,sync_on,engine_p1_w1_i0_t10000000
4.95,852.9411764705883,852.9411764705883,852.9411764705883,2593584.0,2593584.0,2593584.0,67034.0,67034.0,67034.0,0.0,0.0,engine,1,1,0,10000000,sync_on,engine_p1_w1_i0_t10000000
4.97,891.089108910891,891.089108910891,891.089108910891,2593928.0,2593928.0,2593928.0,67243.0,67243.0,67243.0,0.0,0.0,engine,1,1,0,10000000,sync_on,engine_p1_w1_i0_t10000000
4.98,965.3465346534654,594.059405940594,1336.6336633663366,2577596.0,2560896.0,2594296.0,73407.0,68142.0,78672.0,0.0,0.0,engine,1,1,0,10000000,sync_on,engine_p1_w1_i0_t10000000
5.0,1158.4158415841584,1158.4158415841584,1158.4158415841584,2592860.0,2592860.0,2592860.0,68213.0,68213.0,68213.0,0.0,0.0,engine,1,1,0,10000000,sync_on,engine_p1_w1_i0_t10000000
5.05,742.5742574257425,742.5742574257425,742.5742574257425,2594948.0,2594948.0,2594948.0,68470.0,68470.0,68470.0,0.0,0.0,engine,1,1,0,10000000,sync_on,engine_p1_w1_i0_t10000000
5.08,798.6798679867985,623.7623762376237,1128.7128712871286,2584125.3333333335,2564384.0,2595128.0,71772.66666666667,66478.0,80298.0,0.0,0.0,engine,1,1,0,10000000,sync_on,engine_p1_w1_i0_t10000000
5.1,840.0,840.0,840.0,2592172.0,2592172.0,2592172.0,67165.0,67165.0,67165.0,0.0,0.0,engine,1,1,0,10000000,sync_on,engine_p1_w1_i0_t10000000
5.15,1277.227722772277,1277.227722772277,1277.227722772277,2595200.0,2595200.0,2595200.0,68542.0,68542.0,68542.0,0.0,0.0,engine,1,1,0,10000000,sync_on,engine_p1_w1_i0_t10000000
5.18,1220.0,1220.0,1220.0,2595880.0,2595880.0,2595880.0,68433.0,68433.0,68433.0,0.0,0.0,engine,1,1,0,10000000,sync_on,engine_p1_w1_i0_t10000000
5.19,1009.2700446515239,891.089108910891,1127.450980392157,2575484.0,2555908.0,2595060.0,68975.0,68559.0,69391.0,0.0,0.0,engine,1,1,0,10000000,sync_on,engine_p1_w1_i0_t10000000
5.21,841.5841584158416,841.5841584158416,841.5841584158416,2593700.0,2593700.0,2593700.0,68575.0,68575.0,68575.0,0.0,0.0,engine,1,1,0,10000000,sync_on,engine_p1_w1_i0_t10000000
5.25,683.1683168316831,683.1683168316831,683.1683168316831,2596036.0,2596036.0,2596036.0,69617.0,69617.0,69617.0,0.0,0.0,engine,1,1,0,10000000,sync_on,engine_p1_w1_i0_t10000000
5.28,732.6732673267326,732.6732673267326,732.6732673267326,2596572.0,2596572.0,2596572.0,69453.0,69453.0,69453.0,0.0,0.0,engine,1,1,0,10000000,sync_on,engine_p1_w1_i0_t10000000
5.29,980.1980198019801,821.7821782178218,1138.6138613861385,2576404.0,2556728.0,2596080.0,69120.5,68594.0,69647.0,0.0,0.0,engine,1,1,0,10000000,sync_on,engine_p1_w1_i0_t10000000
5.31,1267.3267326732673,1267.3267326732673,1267.3267326732673,2594052.0,2594052.0,2594052.0,68634.0,68634.0,68634.0,0.0,0.0,engine,1,1,0,10000000,sync_on,engine_p1_w1_i0_t10000000
5.35,990.09900990099,990.09900990099,990.09900990099,2593572.0,2593572.0,2593572.0,67124.0,67124.0,67124.0,0.0,0.0,engine,1,1,0,10000000,sync_on,engine_p1_w1_i0_t10000000
5.38,892.1568627450981,892.1568627450981,892.1568627450981,2593848.0,2593848.0,2593848.0,66969.0,66969.0,66969.0,0.0,0.0,engine,1,1,0,10000000,sync_on,engine_p1_w1_i0_t10000000
5.39,930.6930693069306,881.1881188118812,980.1980198019801,2576250.0,2559024.0,2593476.0,68644.5,67157.0,70132.0,0.0,0.0,engine,1,1,0,10000000,sync_on,engine_p1_w1_i0_t10000000
5.41,564.3564356435643,564.3564356435643,564.3564356435643,2592440.0,2592440.0,2592440.0,66635.0,66635.0,66635.0,0.0,0.0,engine,1,1,0,10000000,sync_on,engine_p1_w1_i0_t10000000
5.45,762.3762376237623,762.3762376237623,762.3762376237623,2593404.0,2593404.0,2593404.0,66683.0,66683.0,66683.0,0.0,0.0,engine,1,1,0,10000000,sync_on,engine_p1_w1_i0_t10000000
5.48,960.0,960.0,960.0,2594608.0,2594608.0,2594608.0,67486.0,67486.0,67486.0,0.0,0.0,engine,1,1,0,10000000,sync_on,engine_p1_w1_i0_t10000000
5.49,1089.1089108910892,920.7920792079208,1257.4257425742574,2577200.0,2560900.0,2593500.0,68177.5,66687.0,69668.0,0.0,0.0,engine,1,1,0,10000000,sync_on,engine_p1_w1_i0_t10000000
5.51,800.0,800.0,800.0,2594524.0,2594524.0,2594524.0,68705.0,68705.0,68705.0,0.0,0.0,engine,1,1,0,10000000,sync_on,engine_p1_w1_i0_t10000000
5.55,891.089108910891,891.089108910891,891.089108910891,2594232.0,2594232.0,2594232.0,67219.0,67219.0,67219.0,0.0,0.0,engine,1,1,0,10000000,sync_on,engine_p1_w1_i0_t10000000
5.58,1049.5049504950493,1049.5049504950493,1049.5049504950493,2594360.0,2594360.0,2594360.0,67284.0,67284.0,67284.0,0.0,0.0,engine,1,1,0,10000000,sync_on,engine_p1_w1_i0_t10000000
5.59,861.3861386138614,683.1683168316831,1039.6039603960396,2578770.0,2562956.0,2594584.0,69006.5,67516.0,70497.0,0.0,0.0,engine,1,1,0,10000000,sync_on,engine_p1_w1_i0_t10000000
5.61,831.6831683168316,831.6831683168316,831.6831683168316,2594172.0,2594172.0,2594172.0,67773.0,67773.0,67773.0,0.0,0.0,engine,1,1,0,10000000,sync_on,engine_p1_w1_i0_t10000000
5.66,920.7920792079208,920.7920792079208,920.7920792079208,2594636.0,2594636.0,2594636.0,67431.0,67431.0,67431.0,0.0,0.0,engine,1,1,0,10000000,sync_on,engine_p1_w1_i0_t10000000
5.68,821.7821782178218,821.7821782178218,821.7821782178218,2594952.0,2594952.0,2594952.0,67727.0,67727.0,67727.0,0.0,0.0,engine,1,1,0,10000000,sync_on,engine_p1_w1_i0_t10000000
5.69,980.1980198019801,782.1782178217821,1178.2178217821781,2580106.0,2564864.0,2595348.0,68966.5,67759.0,70174.0,0.0,0.0,engine,1,1,0,10000000,sync_on,engine_p1_w1_i0_t10000000
5.71,653.4653465346535,653.4653465346535,653.4653465346535,2595612.0,2595612.0,2595612.0,69051.0,69051.0,69051.0,0.0,0.0,engine,1,1,0,10000000,sync_on,engine_p1_w1_i0_t10000000
5.76,663.3663366336633,663.3663366336633,663.3663366336633,2593796.0,2593796.0,2593796.0,66673.0,66673.0,66673.0,0.0,0.0,engine,1,1,0,10000000,sync_on,engine_p1_w1_i0_t10000000
5.78,683.1683168316831,683.1683168316831,683.1683168316831,2593988.0,2593988.0,2593988.0,66946.0,66946.0,66946.0,0.0,0.0,engine,1,1,0,10000000,sync_on,engine_p1_w1_i0_t10000000
5.79,717.8217821782177,594.059405940594,841.5841584158416,2579516.0,2564748.0,2594284.0,67696.5,67086.0,68307.0,0.0,0.0,engine,1,1,0,10000000,sync_on,engine_p1_w1_i0_t10000000
5.81,891.089108910891,891.089108910891,891.089108910891,2595536.0,2595536.0,2595536.0,68836.0,68836.0,68836.0,0.0,0.0,engine,1,1,0,10000000,sync_on,engine_p1_w1_i0_t10000000
5.86,1128.7128712871286,1128.7128712871286,1128.7128712871286,2596088.0,2596088.0,2596088.0,68881.0,68881.0,68881.0,0.0,0.0,engine,1,1,0,10000000,sync_on,engine_p1_w1_i0_t10000000
5.88,574.2574257425742,574.2574257425742,574.2574257425742,2595724.0,2595724.0,2595724.0,68919.0,68919.0,68919.0,0.0,0.0,engine,1,1,0,10000000,sync_on,engine_p1_w1_i0_t10000000
5.89,930.6930693069306,792.079207920792,1069.3069306930693,2581822.0,2567524.0,2596120.0,68960.0,68880.0,69040.0,0.0,0.0,engine,1,1,0,10000000,sync_on,engine_p1_w1_i0_t10000000
5.94,961.5384615384615,961.5384615384615,961.5384615384615,2595588.0,2595588.0,2595588.0,68020.0,68020.0,68020.0,0.0,0.0,engine,1,1,0,10000000,sync_on,engine_p1_w1_i0_t10000000
5.96,800.0,800.0,800.0,2595292.0,2595292.0,2595292.0,67458.0,67458.0,67458.0,0.0,0.0,engine,1,1,0,10000000,sync_on,engine_p1_w1_i0_t10000000
5.98,1089.108910891089,1089.108910891089,1089.108910891089,2595540.0,2595540.0,2595540.0,68220.0,68220.0,68220.0,0.0,0.0,engine,1,1,0,10000000,sync_on,engine_p1_w1_i0_t10000000
5.99,1069.3069306930693,1069.3069306930693,1069.3069306930693,2596056.0,2596056.0,2596056.0,68390.0,68390.0,68390.0,0.0,0.0,engine,1,1,0,10000000,sync_on,engine_p1_w1_i0_t10000000
6.0,1188.118811881188,1188.118811881188,1188.118811881188,2569160.0,2569160.0,2569160.0,69350.0,69350.0,69350.0,0.0,0.0,engine,1,1,0,10000000,sync_on,engine_p1_w1_i0_t10000000
6.04,663.3663366336633,663.3663366336633,663.3663366336633,2596556.0,2596556.0,2596556.0,69204.0,69204.0,69204.0,0.0,0.0,engine,1,1,0,10000000,sync_on,engine_p1_w1_i0_t10000000
6.06,881.1881188118812,881.1881188118812,881.1881188118812,2596936.0,2596936.0,2596936.0,68959.0,68959.0,68959.0,0.0,0.0,engine,1,1,0,10000000,sync_on,engine_p1_w1_i0_t10000000
6.08,722.7722772277227,722.7722772277227,722.7722772277227,2596592.0,2596592.0,2596592.0,69286.0,69286.0,69286.0,0.0,0.0,engine,1,1,0,10000000,sync_on,engine_p1_w1_i0_t10000000
6.09,722.7722772277227,722.7722772277227,722.7722772277227,2594916.0,2594916.0,2594916.0,66833.0,66833.0,66833.0,0.0,0.0,engine,1,1,0,10000000,sync_on,engine_p1_w1_i0_t10000000
6.1,772.2772277227722,772.2772277227722,772.2772277227722,2569392.0,2569392.0,2569392.0,68648.0,68648.0,68648.0,0.0,0.0,engine,1,1,0,10000000,sync_on,engine_p1_w1_i0_t10000000
6.14,1118.8118811881188,1118.8118811881188,1118.8118811881188,2594988.0,2594988.0,2594988.0,67367.0,67367.0,67367.0,0.0,0.0,engine,1,1,0,10000000,sync_on,engine_p1_w1_i0_t10000000
6.16,891.089108910891,891.089108910891,891.089108910891,2595216.0,2595216.0,2595216.0,66974.0,66974.0,66974.0,0.0,0.0,engine,1,1,0,10000000,sync_on,engine_p1_w1_i0_t10000000
6.19,1128.7128712871286,1128.7128712871286,1128.7128712871286,2595076.0,2595076.0,2595076.0,67676.0,67676.0,67676.0,0.0,0.0,engine,1,1,0,10000000,sync_on,engine_p1_w1_i0_t10000000
6.2,955.990099009901,801.980198019802,1110.0,2583520.0,2571396.0,2595644.0,68792.5,67624.0,69961.0,0.0,0.0,engine,1,1,0,10000000,sync_on,engine_p1_w1_i0_t10000000
6.24,1158.4158415841584,1158.4158415841584,1158.4158415841584,2595404.0,2595404.0,2595404.0,67844.0,67844.0,67844.0,0.0,0.0,engine,1,1,0,10000000,sync_on,engine_p1_w1_i0_t10000000
6.26,910.8910891089108,910.8910891089108,910.8910891089108,2595924.0,2595924.0,2595924.0,67919.0,67919.0,67919.0,0.0,0.0,engine,1,1,0,10000000,sync_on,engine_p1_w1_i0_t10000000
6.29,1040.0,1040.0,1040.0,2595708.0,2595708.0,2595708.0,67994.0,67994.0,67994.0,0.0,0.0,engine,1,1,0,10000000,sync_on,engine_p1_w1_i0_t10000000
6.3,1094.059405940594,1019.8019801980197,1168.3168316831682,2584424.0,2573044.0,2595804.0,68899.0,67533.0,70265.0,0.0,0.0,engine,1,1,0,10000000,sync_on,engine_p1_w1_i0_t10000000
6.34,910.8910891089108,910.8910891089108,910.8910891089108,2595912.0,2595912.0,2595912.0,68221.0,68221.0,68221.0,0.0,0.0,engine,1,1,0,10000000,sync_on,engine_p1_w1_i0_t10000000
6.37,982.4561403508771,982.4561403508771,982.4561403508771,2596688.0,2596688.0,2596688.0,68239.0,68239.0,68239.0,0.0,0.0,engine,1,1,0,10000000,sync_on,engine_p1_w1_i0_t10000000
6.39,930.6930693069306,930.6930693069306,930.6930693069306,2596196.0,2596196.0,2596196.0,68308.0,68308.0,68308.0,0.0,0.0,engine,1,1,0,10000000,sync_on,engine_p1_w1_i0_t10000000
6.4,930.547466511357,831.6831683168316,1029.4117647058824,2585398.0,2574452.0,2596344.0,69402.0,68212.0,70592.0,0.0,0.0,engine,1,1,0,10000000,sync_on,engine_p1_w1_i0_t10000000
6.44,940.0,940.0,940.0,2596372.0,2596372.0,2596372.0,68534.0,68534.0,68534.0,0.0,0.0,engine,1,1,0,10000000,sync_on,engine_p1_w1_i0_t10000000
6.47,1100.0,1100.0,1100.0,2597280.0,2597280.0,2597280.0,68258.0,68258.0,68258.0,0.0,0.0,engine,1,1,0,10000000,sync_on,engine_p1_w1_i0_t10000000
6.49,999.9999999999999,999.9999999999999,999.9999999999999,2596600.0,2596600.0,2596600.0,68611.0,68611.0,68611.0,0.0,0.0,engine,1,1,0,10000000,sync_on,engine_p1_w1_i0_t10000000
6.5,920.7920792079208,841.5841584158416,999.9999999999999,2585606.0,2574884.0,2596328.0,69009.5,68026.0,69993.0,0.0,0.0,engine,1,1,0,10000000,sync_on,engine_p1_w1_i0_t10000000
6.54,861.3861386138614,861.3861386138614,861.3861386138614,2596840.0,2596840.0,2596840.0,69096.0,69096.0,69096.0,0.0,0.0,engine,1,1,0,10000000,sync_on,engine_p1_w1_i0_t10000000
6.58,950.4950495049504,950.4950495049504,950.4950495049504,2596928.0,2596928.0,2596928.0,67789.0,67789.0,67789.0,0.0,0.0,engine,1,1,0,10000000,sync_on,engine_p1_w1_i0_t10000000
6.59,910.8910891089108,910.8910891089108,910.8910891089108,2597168.0,2597168.0,2597168.0,68933.0,68933.0,68933.0,0.0,0.0,engine,1,1,0,10000000,sync_on,engine_p1_w1_i0_t10000000
6.6,762.3762376237623,633.6633663366337,891.089108910891,2586240.0,2576544.0,2595936.0,69118.0,67310.0,70926.0,0.0,0.0,engine,1,1,0,10000000,sync_on,engine_p1_w1_i0_t10000000
6.65,673.2673267326733,673.2673267326733,673.2673267326733,2596252.0,2596252.0,2596252.0,68190.0,68190.0,68190.0,0.0,0.0,engine,1,1,0,10000000,sync_on,engine_p1_w1_i0_t10000000
6.68,722.7722772277227,722.7722772277227,722.7722772277227,2596352.0,2596352.0,2596352.0,67219.0,67219.0,67219.0,0.0,0.0,engine,1,1,0,10000000,sync_on,engine_p1_w1_i0_t10000000
6.69,1257.4257425742574,1257.4257425742574,1257.4257425742574,2597524.0,2597524.0,2597524.0,68966.0,68966.0,68966.0,0.0,0.0,engine,1,1,0,10000000,sync_on,engine_p1_w1_i0_t10000000
6.7,866.3366336633662,752.4752475247524,980.1980198019801,2586648.0,2575608.0,2597688.0,69396.5,69271.0,69522.0,0.0,0.0,engine,1,1,0,10000000,sync_on,engine_p1_w1_i0_t10000000
6.75,712.8712871287129,712.8712871287129,712.8712871287129,2597468.0,2597468.0,2597468.0,69431.0,69431.0,69431.0,0.0,0.0,engine,1,1,0,10000000,sync_on,engine_p1_w1_i0_t10000000
6.78,1049.5049504950493,1049.5049504950493,1049.5049504950493,2598228.0,2598228.0,2598228.0,69324.0,69324.0,69324.0,0.0,0.0,engine,1,1,0,10000000,sync_on,engine_p1_w1_i0_t10000000
6.79,663.3663366336633,663.3663366336633,663.3663366336633,2595880.0,2595880.0,2595880.0,67312.0,67312.0,67312.0,0.0,0.0,engine,1,1,0,10000000,sync_on,engine_p1_w1_i0_t10000000
6.8,1009.9009900990097,891.089108910891,1128.7128712871286,2587312.0,2576636.0,2597988.0,69509.5,69179.0,69840.0,0.0,0.0,engine,1,1,0,10000000,sync_on,engine_p1_w1_i0_t10000000
6.85,1108.9108910891089,1108.9108910891089,1108.9108910891089,2597708.0,2597708.0,2597708.0,69344.0,69344.0,69344.0,0.0,0.0,engine,1,1,0,10000000,sync_on,engine_p1_w1_i0_t10000000
6.88,1130.0,1130.0,1130.0,2597304.0,2597304.0,2597304.0,68044.0,68044.0,68044.0,0.0,0.0,engine,1,1,0,10000000,sync_on,engine_p1_w1_i0_t10000000
6.89,1009.9009900990098,1009.9009900990098,1009.9009900990098,2598248.0,2598248.0,2598248.0,69424.0,69424.0,69424.0,0.0,0.0,engine,1,1,0,10000000,sync_on,engine_p1_w1_i0_t10000000
6.9,762.3762376237623,762.3762376237623,762.3762376237623,2596680.0,2596680.0,2596680.0,67341.0,67341.0,67341.0,0.0,0.0,engine,1,1,0,10000000,sync_on,engine_p1_w1_i0_t10000000
6.91,1000.0000000000001,1000.0000000000001,1000.0000000000001,2577044.0,2577044.0,2577044.0,69157.0,69157.0,69157.0,0.0,0.0,engine,1,1,0,10000000,sync_on,engine_p1_w1_i0_t10000000
6.95,890.0,890.0,890.0,2595908.0,2595908.0,2595908.0,67731.0,67731.0,67731.0,0.0,0.0,engine,1,1,0,10000000,sync_on,engine_p1_w1_i0_t10000000
6.98,742.5742574257425,742.5742574257425,742.5742574257425,2598744.0,2598744.0,2598744.0,69416.0,69416.0,69416.0,0.0,0.0,engine,1,1,0,10000000,sync_on,engine_p1_w1_i0_t10000000
6.99,930.6930693069306,930.6930693069306,930.6930693069306,2596420.0,2596420.0,2596420.0,67383.0,67383.0,67383.0,0.0,0.0,engine,1,1,0,10000000,sync_on,engine_p1_w1_i0_t10000000
7.0,801.980198019802,801.980198019802,801.980198019802,2597368.0,2597368.0,2597368.0,68198.0,68198.0,68198.0,0.0,0.0,engine,1,1,0,10000000,sync_on,engine_p1_w1_i0_t10000000
7.01,940.5940594059406,940.5940594059406,940.5940594059406,2577868.0,2577868.0,2577868.0,68897.0,68897.0,68897.0,0.0,0.0,engine,1,1,0,10000000,sync_on,engine_p1_w1_i0_t10000000
7.05,1029.7029702970297,1029.7029702970297,1029.7029702970297,2596436.0,2596436.0,2596436.0,67751.0,67751.0,67751.0,0.0,0.0,engine,1,1,0,10000000,sync_on,engine_p1_w1_i0_t10000000
7.08,1069.3069306930693,1069.3069306930693,1069.3069306930693,2597284.0,2597284.0,2597284.0,67860.0,67860.0,67860.0,0.0,0.0,engine,1,1,0,10000000,sync_on,engine_p1_w1_i0_t10000000
7.09,1117.6470588235295,1117.6470588235295,1117.6470588235295,2597140.0,2597140.0,2597140.0,68552.0,68552.0,68552.0,0.0,0.0,engine,1,1,0,10000000,sync_on,engine_p1_w1_i0_t10000000
7.1,1079.2079207920792,1079.2079207920792,1079.2079207920792,2596556.0,2596556.0,2596556.0,67334.0,67334.0,67334.0,0.0,0.0,engine,1,1,0,10000000,sync_on,engine_p1_w1_i0_t10000000
7.11,950.4950495049504,950.4950495049504,950.4950495049504,2580428.0,2580428.0,2580428.0,70755.0,70755.0,70755.0,0.0,0.0,engine,1,1,0,10000000,sync_on,engine_p1_w1_i0_t10000000
7.15,980.1980198019801,980.1980198019801,980.1980198019801,2597100.0,2597100.0,2597100.0,68590.0,68590.0,68590.0,0.0,0.0,engine,1,1,0,10000000,sync_on,engine_p1_w1_i0_t10000000
7.18,920.7920792079208,920.7920792079208,920.7920792079208,2597516.0,2597516.0,2597516.0,68375.0,68375.0,68375.0,0.0,0.0,engine,1,1,0,10000000,sync_on,engine_p1_w1_i0_t10000000
7.2,820.8910891089108,820.0,821.7821782178218,2597058.0,2596664.0,2597452.0,68214.5,67569.0,68860.0,0.0,0.0,engine,1,1,0,10000000,sync_on,engine_p1_w1_i0_t10000000
7.21,1267.3267326732673,1267.3267326732673,1267.3267326732673,2581828.0,2581828.0,2581828.0,70666.0,70666.0,70666.0,0.0,0.0,engine,1,1,0,10000000,sync_on,engine_p1_w1_i0_t10000000
7.25,891.089108910891,891.089108910891,891.089108910891,2597476.0,2597476.0,2597476.0,68874.0,68874.0,68874.0,0.0,0.0,engine,1,1,0,10000000,sync_on,engine_p1_w1_i0_t10000000
7.28,1110.0,1110.0,1110.0,2598040.0,2598040.0,2598040.0,68617.0,68617.0,68617.0,0.0,0.0,engine,1,1,0,10000000,sync_on,engine_p1_w1_i0_t10000000
7.3,826.7326732673266,762.3762376237623,891.089108910891,2597978.0,2597824.0,2598132.0,69139.5,69116.0,69163.0,0.0,0.0,engine,1,1,0,10000000,sync_on,engine_p1_w1_i0_t10000000
7.31,782.1782178217821,782.1782178217821,782.1782178217821,2581232.0,2581232.0,2581232.0,69365.0,69365.0,69365.0,0.0,0.0,engine,1,1,0,10000000,sync_on,engine_p1_w1_i0_t10000000
7.35,940.5940594059406,940.5940594059406,940.5940594059406,2597808.0,2597808.0,2597808.0,68762.0,68762.0,68762.0,0.0,0.0,engine,1,1,0,10000000,sync_on,engine_p1_w1_i0_t10000000
7.38,757.2815533980583,757.2815533980583,757.2815533980583,2598136.0,2598136.0,2598136.0,68868.0,68868.0,68868.0,0.0,0.0,engine,1,1,0,10000000,sync_on,engine_p1_w1_i0_t10000000
7.4,831.6831683168316,831.6831683168316,831.6831683168316,2598156.0,2598156.0,2598156.0,69221.0,69221.0,69221.0,0.0,0.0,engine,1,1,0,10000000,sync_on,engine_p1_w1_i0_t10000000
7.41,1134.3069306930693,1130.0,1138.6138613861385,2591468.0,2584364.0,2598572.0,70321.0,69438.0,71204.0,0.0,0.0,engine,1,1,0,10000000,sync_on,engine_p1_w1_i0_t10000000
7.45,693.0693069306931,693.0693069306931,693.0693069306931,2596768.0,2596768.0,2596768.0,67933.0,67933.0,67933.0,0.0,0.0,engine,1,1,0,10000000,sync_on,engine_p1_w1_i0_t10000000
7.48,831.6831683168316,831.6831683168316,831.6831683168316,2597836.0,2597836.0,2597836.0,68484.0,68484.0,68484.0,0.0,0.0,engine,1,1,0,10000000,sync_on,engine_p1_w1_i0_t10000000
7.5,841.5841584158416,841.5841584158416,841.5841584158416,2597296.0,2597296.0,2597296.0,68338.0,68338.0,68338.0,0.0,0.0,engine,1,1,0,10000000,sync_on,engine_p1_w1_i0_t10000000
7.51,980.1980198019801,950.4950495049504,1009.9009900990098,2592148.0,2586228.0,2598068.0,70734.0,68353.0,73115.0,0.0,0.0,engine,1,1,0,10000000,sync_on,engine_p1_w1_i0_t10000000
7.55,790.0,790.0,790.0,2598492.0,2598492.0,2598492.0,69683.0,69683.0,69683.0,0.0,0.0,engine,1,1,0,10000000,sync_on,engine_p1_w1_i0_t10000000
7.58,811.8811881188118,811.8811881188118,811.8811881188118,2598724.0,2598724.0,2598724.0,69525.0,69525.0,69525.0,0.0,0.0,engine,1,1,0,10000000,sync_on,engine_p1_w1_i0_t10000000
7.6,782.1782178217821,782.1782178217821,782.1782178217821,2598652.0,2598652.0,2598652.0,69746.0,69746.0,69746.0,0.0,0.0,engine,1,1,0,10000000,sync_on,engine_p1_w1_i0_t10000000
7.61,787.1287128712871,633.6633663366337,940.5940594059406,2591174.0,2582892.0,2599456.0,69483.5,69252.0,69715.0,0.0,0.0,engine,1,1,0,10000000,sync_on,engine_p1_w1_i0_t10000000
7.65,1009.9009900990098,1009.9009900990098,1009.9009900990098,2597092.0,2597092.0,2597092.0,68095.0,68095.0,68095.0,0.0,0.0,engine,1,1,0,10000000,sync_on,engine_p1_w1_i0_t10000000
7.68,810.0,810.0,810.0,2599072.0,2599072.0,2599072.0,69769.0,69769.0,69769.0,0.0,0.0,engine,1,1,0,10000000,sync_on,engine_p1_w1_i0_t10000000
7.7,1200.0,1200.0,1200.0,2597256.0,2597256.0,2597256.0,68454.0,68454.0,68454.0,0.0,0.0,engine,1,1,0,10000000,sync_on,engine_p1_w1_i0_t10000000
7.71,841.5841584158416,831.6831683168316,851.4851485148514,2591590.0,2585596.0,2597584.0,69605.5,67867.0,71344.0,0.0,0.0,engine,1,1,0,10000000,sync_on,engine_p1_w1_i0_t10000000
7.75,1059.4059405940593,1059.4059405940593,1059.4059405940593,2597192.0,2597192.0,2597192.0,67784.0,67784.0,67784.0,0.0,0.0,engine,1,1,0,10000000,sync_on,engine_p1_w1_i0_t10000000
7.79,900.990099009901,900.990099009901,900.990099009901,2597112.0,2597112.0,2597112.0,68123.0,68123.0,68123.0,0.0,0.0,engine,1,1,0,10000000,sync_on,engine_p1_w1_i0_t10000000
7.8,841.5841584158416,841.5841584158416,841.5841584158416,2597704.0,2597704.0,2597704.0,68766.0,68766.0,68766.0,0.0,0.0,engine,1,1,0,10000000,sync_on,engine_p1_w1_i0_t10000000
7.81,985.1485148514851,980.1980198019801,990.09900990099,2591604.0,2585012.0,2598196.0,69187.0,68182.0,70192.0,0.0,0.0,engine,1,1,0,10000000,sync_on,engine_p1_w1_i0_t10000000
7.86,1069.3069306930693,1069.3069306930693,1069.3069306930693,2597660.0,2597660.0,2597660.0,68072.0,68072.0,68072.0,0.0,0.0,engine,1,1,0,10000000,sync_on,engine_p1_w1_i0_t10000000
7.89,762.3762376237623,762.3762376237623,762.3762376237623,2597588.0,2597588.0,2597588.0,68777.0,68777.0,68777.0,0.0,0.0,engine,1,1,0,10000000,sync_on,engine_p1_w1_i0_t10000000
7.9,940.5940594059406,940.5940594059406,940.5940594059406,2596864.0,2596864.0,2596864.0,67828.0,67828.0,67828.0,0.0,0.0,engine,1,1,0,10000000,sync_on,engine_p1_w1_i0_t10000000
7.91,1128.7128712871286,1128.7128712871286,1128.7128712871286,2598476.0,2598476.0,2598476.0,68326.0,68326.0,68326.0,0.0,0.0,engine,1,1,0,10000000,sync_on,engine_p1_w1_i0_t10000000
7.92,643.5643564356435,643.5643564356435,643.5643564356435,2586360.0,2586360.0,2586360.0,71445.0,71445.0,71445.0,0.0,0.0,engine,1,1,0,10000000,sync_on,engine_p1_w1_i0_t10000000
7.96,950.0,950.0,950.0,2597776.0,2597776.0,2597776.0,68115.0,68115.0,68115.0,0.0,0.0,engine,1,1,0,10000000,sync_on,engine_p1_w1_i0_t10000000
7.99,1009.9009900990098,1009.9009900990098,1009.9009900990098,2598240.0,2598240.0,2598240.0,69094.0,69094.0,69094.0,0.0,0.0,engine,1,1,0,10000000,sync_on,engine_p1_w1_i0_t10000000
8.0,851.4851485148514,851.4851485148514,851.4851485148514,2596816.0,2596816.0,2596816.0,67853.0,67853.0,67853.0,0.0,0.0,engine,1,1,0,10000000,sync_on,engine_p1_w1_i0_t10000000
8.01,990.09900990099,990.09900990099,990.09900990099,2598324.0,2598324.0,2598324.0,68260.0,68260.0,68260.0,0.0,0.0,engine,1,1,0,10000000,sync_on,engine_p1_w1_i0_t10000000
8.02,1176.4705882352941,1176.4705882352941,1176.4705882352941,2587088.0,2587088.0,2587088.0,71505.0,71505.0,71505.0,0.0,0.0,engine,1,1,0,10000000,sync_on,engine_p1_w1_i0_t10000000
8.06,871.2871287128712,871.2871287128712,871.2871287128712,2598232.0,2598232.0,2598232.0,68001.0,68001.0,68001.0,0.0,0.0,engine,1,1,0,10000000,sync_on,engine_p1_w1_i0_t10000000
8.09,841.5841584158416,841.5841584158416,841.5841584158416,2598456.0,2598456.0,2598456.0,69400.0,69400.0,69400.0,0.0,0.0,engine,1,1,0,10000000,sync_on,engine_p1_w1_i0_t10000000
8.1,871.2871287128712,871.2871287128712,871.2871287128712,2598528.0,2598528.0,2598528.0,69679.0,69679.0,69679.0,0.0,0.0,engine,1,1,0,10000000,sync_on,engine_p1_w1_i0_t10000000
8.11,890.0,890.0,890.0,2599644.0,2599644.0,2599644.0,69422.0,69422.0,69422.0,0.0,0.0,engine,1,1,0,10000000,sync_on,engine_p1_w1_i0_t10000000
8.12,613.8613861386139,613.8613861386139,613.8613861386139,2585748.0,2585748.0,2585748.0,69634.0,69634.0,69634.0,0.0,0.0,engine,1,1,0,10000000,sync_on,engine_p1_w1_i0_t10000000
8.16,861.3861386138614,861.3861386138614,861.3861386138614,2599908.0,2599908.0,2599908.0,69623.0,69623.0,69623.0,0.0,0.0,engine,1,1,0,10000000,sync_on,engine_p1_w1_i0_t10000000
8.19,1000.0,1000.0,1000.0,2598728.0,2598728.0,2598728.0,69716.0,69716.0,69716.0,0.0,0.0,engine,1,1,0,10000000,sync_on,engine_p1_w1_i0_t10000000
8.21,960.3960396039604,950.4950495049504,970.2970297029702,2599230.0,2598508.0,2599952.0,69434.0,69135.0,69733.0,0.0,0.0,engine,1,1,0,10000000,sync_on,engine_p1_w1_i0_t10000000
8.22,910.8910891089108,910.8910891089108,910.8910891089108,2588396.0,2588396.0,2588396.0,71574.0,71574.0,71574.0,0.0,0.0,engine,1,1,0,10000000,sync_on,engine_p1_w1_i0_t10000000
8.26,930.0,930.0,930.0,2600048.0,2600048.0,2600048.0,69932.0,69932.0,69932.0,0.0,0.0,engine,1,1,0,10000000,sync_on,engine_p1_w1_i0_t10000000
8.29,930.6930693069306,930.6930693069306,930.6930693069306,2598772.0,2598772.0,2598772.0,69271.0,69271.0,69271.0,0.0,0.0,engine,1,1,0,10000000,sync_on,engine_p1_w1_i0_t10000000
8.31,905.9405940594058,712.8712871287129,1099.009900990099,2598730.0,2597360.0,2600100.0,68837.0,68019.0,69655.0,0.0,0.0,engine,1,1,0,10000000,sync_on,engine_p1_w1_i0_t10000000
8.32,1000.0000000000001,1000.0000000000001,1000.0000000000001,2588856.0,2588856.0,2588856.0,71193.0,71193.0,71193.0,0.0,0.0,engine,1,1,0,10000000,sync_on,engine_p1_w1_i0_t10000000
8.36,999.9999999999999,999.9999999999999,999.9999999999999,2599996.0,2599996.0,2599996.0,69694.0,69694.0,69694.0,0.0,0.0,engine,1,1,0,10000000,sync_on,engine_p1_w1_i0_t10000000
8.39,712.8712871287129,712.8712871287129,712.8712871287129,2597564.0,2597564.0,2597564.0,68051.0,68051.0,68051.0,0.0,0.0,engine,1,1,0,10000000,sync_on,engine_p1_w1_i0_t10000000
8.41,920.7920792079208,683.1683168316831,1158.4158415841584,2599272.0,2598688.0,2599856.0,69218.0,68288.0,70148.0,0.0,0.0,engine,1,1,0,10000000,sync_on,engine_p1_w1_i0_t10000000
8.42,445.5445544554455,445.5445544554455,445.5445544554455,2589856.0,2589856.0,2589856.0,72108.0,72108.0,72108.0,0.0,0.0,engine,1,1,0,10000000,sync_on,engine_p1_w1_i0_t10000000
8.46,821.7821782178218,821.7821782178218,821.7821782178218,2598452.0,2598452.0,2598452.0,68083.0,68083.0,68083.0,0.0,0.0,engine,1,1,0,10000000,sync_on,engine_p1_w1_i0_t10000000
8.49,940.5940594059406,940.5940594059406,940.5940594059406,2600000.0,2600000.0,2600000.0,70168.0,70168.0,70168.0,0.0,0.0,engine,1,1,0,10000000,sync_on,engine_p1_w1_i0_t10000000
8.51,782.1782178217821,782.1782178217821,782.1782178217821,2598344.0,2598344.0,2598344.0,68468.0,68468.0,68468.0,0.0,0.0,engine,1,1,0,10000000,sync_on,engine_p1_w1_i0_t10000000
8.52,1195.0,970.0,1420.0,2595444.0,2590120.0,2600768.0,69089.0,67970.0,70208.0,0.0,0.0,engine,1,1,0,10000000,sync_on,engine_p1_w1_i0_t10000000
8.56,920.7920792079208,920.7920792079208,920.7920792079208,2599164.0,2599164.0,2599164.0,68925.0,68925.0,68925.0,0.0,0.0,engine,1,1,0,10000000,sync_on,engine_p1_w1_i0_t10000000
8.59,870.0,870.0,870.0,2598440.0,2598440.0,2598440.0,68492.0,68492.0,68492.0,0.0,0.0,engine,1,1,0,10000000,sync_on,engine_p1_w1_i0_t10000000
8.61,1049.5049504950493,1049.5049504950493,1049.5049504950493,2598068.0,2598068.0,2598068.0,68587.0,68587.0,68587.0,0.0,0.0,engine,1,1,0,10000000,sync_on,engine_p1_w1_i0_t10000000
8.62,836.6336633663366,811.8811881188118,861.3861386138614,2593968.0,2588676.0,2599260.0,67210.5,65890.0,68531.0,0.0,0.0,engine,1,1,0,10000000,sync_on,engine_p1_w1_i0_t10000000
8.66,900.990099009901,900.990099009901,900.990099009901,2599476.0,2599476.0,2599476.0,69229.0,69229.0,69229.0,0.0,0.0,engine,1,1,0,10000000,sync_on,engine_p1_w1_i0_t10000000
8.69,1069.3069306930693,1069.3069306930693,1069.3069306930693,2598908.0,2598908.0,2598908.0,68790.0,68790.0,68790.0,0.0,0.0,engine,1,1,0,10000000,sync_on,engine_p1_w1_i0_t10000000
8.71,930.6930693069306,930.6930693069306,930.6930693069306,2599388.0,2599388.0,2599388.0,69349.0,69349.0,69349.0,0.0,0.0,engine,1,1,0,10000000,sync_on,engine_p1_w1_i0_t10000000
8.72,1079.2079207920792,950.4950495049504,1207.9207920792078,2595018.0,2591140.0,2598896.0,68204.0,68061.0,68347.0,0.0,0.0,engine,1,1,0,10000000,sync_on,engine_p1_w1_i0_t10000000
8.76,800.0,800.0,800.0,2598168.0,2598168.0,2598168.0,68117.0,68117.0,68117.0,0.0,0.0,engine,1,1,0,10000000,sync_on,engine_p1_w1_i0_t10000000
8.79,722.7722772277227,722.7722772277227,722.7722772277227,2599380.0,2599380.0,2599380.0,69482.0,69482.0,69482.0,0.0,0.0,engine,1,1,0,10000000,sync_on,engine_p1_w1_i0_t10000000
8.81,990.09900990099,990.09900990099,990.09900990099,2599800.0,2599800.0,2599800.0,69662.0,69662.0,69662.0,0.0,0.0,engine,1,1,0,10000000,sync_on,engine_p1_w1_i0_t10000000
8.82,945.5445544554455,752.4752475247524,1138.6138613861385,2594624.0,2589840.0,2599408.0,67458.0,66237.0,68679.0,0.0,0.0,engine,1,1,0,10000000,sync_on,engine_p1_w1_i0_t10000000
8.86,742.5742574257425,742.5742574257425,742.5742574257425,2599788.0,2599788.0,2599788.0,69845.0,69845.0,69845.0,0.0,0.0,engine,1,1,0,10000000,sync_on,engine_p1_w1_i0_t10000000
8.89,970.2970297029702,970.2970297029702,970.2970297029702,2599440.0,2599440.0,2599440.0,69401.0,69401.0,69401.0,0.0,0.0,engine,1,1,0,10000000,sync_on,engine_p1_w1_i0_t10000000
8.91,940.0,940.0,940.0,2600108.0,2600108.0,2600108.0,69967.0,69967.0,69967.0,0.0,0.0,engine,1,1,0,10000000,sync_on,engine_p1_w1_i0_t10000000
8.92,970.2970297029702,970.2970297029702,970.2970297029702,2599712.0,2599712.0,2599712.0,68831.0,68831.0,68831.0,0.0,0.0,engine,1,1,0,10000000,sync_on,engine_p1_w1_i0_t10000000
8.93,990.09900990099,990.09900990099,990.09900990099,2590068.0,2590068.0,2590068.0,65995.0,65995.0,65995.0,0.0,0.0,engine,1,1,0,10000000,sync_on,engine_p1_w1_i0_t10000000
8.96,950.4950495049504,950.4950495049504,950.4950495049504,2600196.0,2600196.0,2600196.0,70142.0,70142.0,70142.0,0.0,0.0,engine,1,1,0,10000000,sync_on,engine_p1_w1_i0_t10000000
8.99,1030.0,1030.0,1030.0,2599104.0,2599104.0,2599104.0,69032.0,69032.0,69032.0,0.0,0.0,engine,1,1,0,10000000,sync_on,engine_p1_w1_i0_t10000000
9.01,1099.009900990099,1099.009900990099,1099.009900990099,2600884.0,2600884.0,2600884.0,70287.0,70287.0,70287.0,0.0,0.0,engine,1,1,0,10000000,sync_on,engine_p1_w1_i0_t10000000
9.02,980.3921568627452,980.3921568627452,980.3921568627452,2599640.0,2599640.0,2599640.0,68556.0,68556.0,68556.0,0.0,0.0,engine,1,1,0,10000000,sync_on,engine_p1_w1_i0_t10000000
9.03,1010.0,1010.0,1010.0,2591452.0,2591452.0,2591452.0,67122.0,67122.0,67122.0,0.0,0.0,engine,1,1,0,10000000,sync_on,engine_p1_w1_i0_t10000000
9.06,1029.7029702970297,1029.7029702970297,1029.7029702970297,2600420.0,2600420.0,2600420.0,69943.0,69943.0,69943.0,0.0,0.0,engine,1,1,0,10000000,sync_on,engine_p1_w1_i0_t10000000
9.1,782.1782178217821,782.1782178217821,782.1782178217821,2600568.0,2600568.0,2600568.0,70284.0,70284.0,70284.0,0.0,0.0,engine,1,1,0,10000000,sync_on,engine_p1_w1_i0_t10000000
9.11,930.6930693069306,930.6930693069306,930.6930693069306,2600816.0,2600816.0,2600816.0,69753.0,69753.0,69753.0,0.0,0.0,engine,1,1,0,10000000,sync_on,engine_p1_w1_i0_t10000000
9.12,821.7821782178218,821.7821782178218,821.7821782178218,2601172.0,2601172.0,2601172.0,70340.0,70340.0,70340.0,0.0,0.0,engine,1,1,0,10000000,sync_on,engine_p1_w1_i0_t10000000
9.13,1069.3069306930693,1069.3069306930693,1069.3069306930693,2592428.0,2592428.0,2592428.0,67641.0,67641.0,67641.0,0.0,0.0,engine,1,1,0,10000000,sync_on,engine_p1_w1_i0_t10000000
9.16,770.0,770.0,770.0,2598948.0,2598948.0,2598948.0,68503.0,68503.0,68503.0,0.0,0.0,engine,1,1,0,10000000,sync_on,engine_p1_w1_i0_t10000000
9.2,900.990099009901,900.990099009901,900.990099009901,2600924.0,2600924.0,2600924.0,70502.0,70502.0,70502.0,0.0,0.0,engine,1,1,0,10000000,sync_on,engine_p1_w1_i0_t10000000
9.21,693.0693069306931,693.0693069306931,693.0693069306931,2601632.0,2601632.0,2601632.0,70625.0,70625.0,70625.0,0.0,0.0,engine,1,1,0,10000000,sync_on,engine_p1_w1_i0_t10000000
9.22,1281.5533980582525,1281.5533980582525,1281.5533980582525,2601628.0,2601628.0,2601628.0,70226.0,70226.0,70226.0,0.0,0.0,engine,1,1,0,10000000,sync_on,engine_p1_w1_i0_t10000000
9.23,852.9411764705883,852.9411764705883,852.9411764705883,2592916.0,2592916.0,2592916.0,67835.0,67835.0,67835.0,0.0,0.0,engine,1,1,0,10000000,sync_on,engine_p1_w1_i0_t10000000
9.27,930.6930693069306,930.6930693069306,930.6930693069306,2600968.0,2600968.0,2600968.0,70485.0,70485.0,70485.0,0.0,0.0,engine,1,1,0,10000000,sync_on,engine_p1_w1_i0_t10000000
9.31,922.8260869565217,895.6521739130434,950.0,2601226.0,2600604.0,2601848.0,70165.0,69749.0,70581.0,0.0,0.0,engine,1,1,0,10000000,sync_on,engine_p1_w1_i0_t10000000
9.33,722.7722772277227,683.1683168316831,762.3762376237623,2596300.0,2592380.0,2600220.0,67764.5,66875.0,68654.0,0.0,0.0,engine,1,1,0,10000000,sync_on,engine_p1_w1_i0_t10000000
9.37,930.6930693069306,930.6930693069306,930.6930693069306,2599380.0,2599380.0,2599380.0,68934.0,68934.0,68934.0,0.0,0.0,engine,1,1,0,10000000,sync_on,engine_p1_w1_i0_t10000000
9.41,821.7821782178218,762.3762376237623,881.1881188118812,2600842.0,2600052.0,2601632.0,69950.0,69066.0,70834.0,0.0,0.0,engine,1,1,0,10000000,sync_on,engine_p1_w1_i0_t10000000
9.43,845.5445544554455,800.0,891.089108910891,2598194.0,2594180.0,2602208.0,69531.0,68403.0,70659.0,0.0,0.0,engine,1,1,0,10000000,sync_on,engine_p1_w1_i0_t10000000
9.47,950.4950495049504,950.4950495049504,950.4950495049504,2598828.0,2598828.0,2598828.0,68567.0,68567.0,68567.0,0.0,0.0,engine,1,1,0,10000000,sync_on,engine_p1_w1_i0_t10000000
9.51,1148.5148514851485,1148.5148514851485,1148.5148514851485,2599520.0,2599520.0,2599520.0,68775.0,68775.0,68775.0,0.0,0.0,engine,1,1,0,10000000,sync_on,engine_p1_w1_i0_t10000000
9.52,1099.009900990099,1099.009900990099,1099.009900990099,2599992.0,2599992.0,2599992.0,68645.0,68645.0,68645.0,0.0,0.0,engine,1,1,0,10000000,sync_on,engine_p1_w1_i0_t10000000
9.53,1035.8415841584158,831.6831683168316,1240.0,2597548.0,2594640.0,2600456.0,68425.0,67717.0,69133.0,0.0,0.0,engine,1,1,0,10000000,sync_on,engine_p1_w1_i0_t10000000
9.57,890.0,890.0,890.0,2600168.0,2600168.0,2600168.0,69807.0,69807.0,69807.0,0.0,0.0,engine,1,1,0,10000000,sync_on,engine_p1_w1_i0_t10000000
9.62,940.5940594059405,811.8811881188118,1069.3069306930693,2600570.0,2600068.0,2601072.0,69937.5,69930.0,69945.0,0.0,0.0,engine,1,1,0,10000000,sync_on,engine_p1_w1_i0_t10000000
9.63,831.6831683168316,673.2673267326733,990.09900990099,2598264.0,2595684.0,2600844.0,69352.5,69144.0,69561.0,0.0,0.0,engine,1,1,0,10000000,sync_on,engine_p1_w1_i0_t10000000
9.67,891.089108910891,891.089108910891,891.089108910891,2600588.0,2600588.0,2600588.0,70113.0,70113.0,70113.0,0.0,0.0,engine,1,1,0,10000000,sync_on,engine_p1_w1_i0_t10000000
9.72,925.7425742574256,801.980198019802,1049.5049504950493,2600818.0,2600180.0,2601456.0,70140.5,70038.0,70243.0,0.0,0.0,engine,1,1,0,10000000,sync_on,engine_p1_w1_i0_t10000000
9.73,906.1881188118812,762.3762376237623,1050.0,2597206.0,2593368.0,2601044.0,68361.0,66768.0,69954.0,0.0,0.0,engine,1,1,0,10000000,sync_on,engine_p1_w1_i0_t10000000
9.77,940.5940594059406,940.5940594059406,940.5940594059406,2600828.0,2600828.0,2600828.0,70414.0,70414.0,70414.0,0.0,0.0,engine,1,1,0,10000000,sync_on,engine_p1_w1_i0_t10000000
9.82,896.0396039603959,792.079207920792,999.9999999999999,2600832.0,2599964.0,2601700.0,70068.0,69580.0,70556.0,0.0,0.0,engine,1,1,0,10000000,sync_on,engine_p1_w1_i0_t10000000
9.83,896.039603960396,851.4851485148514,940.5940594059406,2597310.0,2593200.0,2601420.0,68256.5,66478.0,70035.0,0.0,0.0,engine,1,1,0,10000000,sync_on,engine_p1_w1_i0_t10000000
9.87,1118.8118811881188,1118.8118811881188,1118.8118811881188,2601224.0,2601224.0,2601224.0,70394.0,70394.0,70394.0,0.0,0.0,engine,1,1,0,10000000,sync_on,engine_p1_w1_i0_t10000000
9.92,884.9009900990098,750.0,1019.8019801980197,2600622.0,2599316.0,2601928.0,69912.0,68951.0,70873.0,0.0,0.0,engine,1,1,0,10000000,sync_on,engine_p1_w1_i0_t10000000
9.93,880.0,880.0,880.0,2600440.0,2600440.0,2600440.0,69082.0,69082.0,69082.0,0.0,0.0,engine,1,1,0,10000000,sync_on,engine_p1_w1_i0_t10000000
9.94,1019.8019801980197,1019.8019801980197,1019.8019801980197,2594492.0,2594492.0,2594492.0,67650.0,67650.0,67650.0,0.0,0.0,engine,1,1,0,10000000,sync_on,engine_p1_w1_i0_t10000000
9.97,710.0,710.0,710.0,2599800.0,2599800.0,2599800.0,68983.0,68983.0,68983.0,0.0,0.0,engine,1,1,0,10000000,sync_on,engine_p1_w1_i0_t10000000
10.02,960.3960396039604,900.990099009901,1019.8019801980197,2601122.0,2601064.0,2601180.0,70265.5,69642.0,70889.0,0.0,0.0,engine,1,1,0,10000000,sync_on,engine_p1_w1_i0_t10000000
10.03,920.7920792079208,920.7920792079208,920.7920792079208,2602252.0,2602252.0,2602252.0,70933.0,70933.0,70933.0,0.0,0.0,engine,1,1,0,10000000,sync_on,engine_p1_w1_i0_t10000000
10.04,801.980198019802,801.980198019802,801.980198019802,2595108.0,2595108.0,2595108.0,67949.0,67949.0,67949.0,0.0,0.0,engine,1,1,0,10000000,sync_on,engine_p1_w1_i0_t10000000
10.07,970.2970297029702,970.2970297029702,970.2970297029702,2601760.0,2601760.0,2601760.0,70894.0,70894.0,70894.0,0.0,0.0,engine,1,1,0,10000000,sync_on,engine_p1_w1_i0_t10000000
10.12,935.6435643564355,742.5742574257425,1128.7128712871286,2601856.0,2601372.0,2602340.0,70871.0,70750.0,70992.0,0.0,0.0,engine,1,1,0,10000000,sync_on,engine_p1_w1_i0_t10000000
10.13,1029.7029702970297,1029.7029702970297,1029.7029702970297,2601860.0,2601860.0,2601860.0,70231.0,70231.0,70231.0,0.0,0.0,engine,1,1,0,10000000,sync_on,engine_p1_w1_i0_t10000000
10.14,999.9999999999999,999.9999999999999,999.9999999999999,2595408.0,2595408.0,2595408.0,68120.0,68120.0,68120.0,0.0,0.0,engine,1,1,0,10000000,sync_on,engine_p1_w1_i0_t10000000
10.17,910.8910891089108,910.8910891089108,910.8910891089108,2600264.0,2600264.0,2600264.0,69229.0,69229.0,69229.0,0.0,0.0,engine,1,1,0,10000000,sync_on,engine_p1_w1_i0_t10000000
10.22,936.6336633663366,673.2673267326733,1200.0,2600230.0,2599640.0,2600820.0,69390.0,69169.0,69611.0,0.0,0.0,engine,1,1,0,10000000,sync_on,engine_p1_w1_i0_t10000000
10.23,550.0,550.0,550.0,2602812.0,2602812.0,2602812.0,71278.0,71278.0,71278.0,0.0,0.0,engine,1,1,0,10000000,sync_on,engine_p1_w1_i0_t10000000
10.24,712.8712871287129,712.8712871287129,712.8712871287129,2594532.0,2594532.0,2594532.0,67257.0,67257.0,67257.0,0.0,0.0,engine,1,1,0,10000000,sync_on,engine_p1_w1_i0_t10000000
10.28,911.764705882353,911.764705882353,911.764705882353,2600544.0,2600544.0,2600544.0,69794.0,69794.0,69794.0,0.0,0.0,engine,1,1,0,10000000,sync_on,engine_p1_w1_i0_t10000000
10.32,950.6930693069307,861.3861386138614,1040.0,2600202.0,2599624.0,2600780.0,69248.0,69227.0,69269.0,0.0,0.0,engine,1,1,0,10000000,sync_on,engine_p1_w1_i0_t10000000
10.33,1217.8217821782177,1217.8217821782177,1217.8217821782177,2601176.0,2601176.0,2601176.0,69517.0,69517.0,69517.0,0.0,0.0,engine,1,1,0,10000000,sync_on,engine_p1_w1_i0_t10000000
10.34,584.1584158415841,584.1584158415841,584.1584158415841,2595976.0,2595976.0,2595976.0,68821.0,68821.0,68821.0,0.0,0.0,engine,1,1,0,10000000,sync_on,engine_p1_w1_i0_t10000000
10.38,1178.2178217821781,1178.2178217821781,1178.2178217821781,2601208.0,2601208.0,2601208.0,71071.0,71071.0,71071.0,0.0,0.0,engine,1,1,0,10000000,sync_on,engine_p1_w1_i0_t10000000
10.42,1063.4913005863693,1039.6039603960396,1087.378640776699,2600826.0,2600268.0,2601384.0,70052.5,69895.0,70210.0,0.0,0.0,engine,1,1,0,10000000,sync_on,engine_p1_w1_i0_t10000000
10.43,870.0,870.0,870.0,2601612.0,2601612.0,2601612.0,69996.0,69996.0,69996.0,0.0,0.0,engine,1,1,0,10000000,sync_on,engine_p1_w1_i0_t10000000
10.44,1049.5049504950493,1049.5049504950493,1049.5049504950493,2596248.0,2596248.0,2596248.0,68883.0,68883.0,68883.0,0.0,0.0,engine,1,1,0,10000000,sync_on,engine_p1_w1_i0_t10000000
10.48,1030.0,1030.0,1030.0,2601784.0,2601784.0,2601784.0,72355.0,72355.0,72355.0,0.0,0.0,engine,1,1,0,10000000,sync_on,engine_p1_w1_i0_t10000000
10.52,990.09900990099,990.09900990099,990.09900990099,2600892.0,2600892.0,2600892.0,70494.0,70494.0,70494.0,0.0,0.0,engine,1,1,0,10000000,sync_on,engine_p1_w1_i0_t10000000
10.53,920.7920792079208,861.3861386138614,980.1980198019801,2601152.0,2601140.0,2601164.0,69344.0,69175.0,69513.0,0.0,0.0,engine,1,1,0,10000000,sync_on,engine_p1_w1_i0_t10000000
10.54,623.7623762376237,623.7623762376237,623.7623762376237,2594664.0,2594664.0,2594664.0,66976.0,66976.0,66976.0,0.0,0.0,engine,1,1,0,10000000,sync_on,engine_p1_w1_i0_t10000000
10.58,1069.3069306930693,1069.3069306930693,1069.3069306930693,2600020.0,2600020.0,2600020.0,70312.0,70312.0,70312.0,0.0,0.0,engine,1,1,0,10000000,sync_on,engine_p1_w1_i0_t10000000
10.62,1009.9009900990098,1009.9009900990098,1009.9009900990098,2600920.0,2600920.0,2600920.0,70191.0,70191.0,70191.0,0.0,0.0,engine,1,1,0,10000000,sync_on,engine_p1_w1_i0_t10000000
10.63,896.039603960396,881.1881188118812,910.8910891089108,2602420.0,2602416.0,2602424.0,70949.0,70835.0,71063.0,0.0,0.0,engine,1,1,0,10000000,sync_on,engine_p1_w1_i0_t10000000
10.64,871.2871287128712,871.2871287128712,871.2871287128712,2594804.0,2594804.0,2594804.0,66919.0,66919.0,66919.0,0.0,0.0,engine,1,1,0,10000000,sync_on,engine_p1_w1_i0_t10000000
10.68,663.3663366336633,663.3663366336633,663.3663366336633,2601228.0,2601228.0,2601228.0,71438.0,71438.0,71438.0,0.0,0.0,engine,1,1,0,10000000,sync_on,engine_p1_w1_i0_t10000000
10.73,1044.4554455445543,663.3663366336633,1290.0,2601928.0,2600228.0,2602928.0,70616.66666666667,69385.0,71304.0,0.0,0.0,engine,1,1,0,10000000,sync_on,engine_p1_w1_i0_t10000000
10.74,1030.0,1030.0,1030.0,2595636.0,2595636.0,2595636.0,67335.0,67335.0,67335.0,0.0,0.0,engine,1,1,0,10000000,sync_on,engine_p1_w1_i0_t10000000
10.78,1138.6138613861385,1138.6138613861385,1138.6138613861385,2600984.0,2600984.0,2600984.0,71293.0,71293.0,71293.0,0.0,0.0,engine,1,1,0,10000000,sync_on,engine_p1_w1_i0_t10000000
10.83,900.5940594059406,881.1881188118812,920.0,2601706.0,2601400.0,2602012.0,70539.0,69773.0,71305.0,0.0,0.0,engine,1,1,0,10000000,sync_on,engine_p1_w1_i0_t10000000
10.84,990.09900990099,910.8910891089108,1069.3069306930693,2599546.0,2596028.0,2603064.0,69279.0,67533.0,71025.0,0.0,0.0,engine,1,1,0,10000000,sync_on,engine_p1_w1_i0_t10000000
10.88,831.6831683168316,831.6831683168316,831.6831683168316,2599692.0,2599692.0,2599692.0,69548.0,69548.0,69548.0,0.0,0.0,engine,1,1,0,10000000,sync_on,engine_p1_w1_i0_t10000000
10.93,1014.8514851485147,851.4851485148514,1178.2178217821781,2602660.0,2602132.0,2603188.0,71121.5,70844.0,71399.0,0.0,0.0,engine,1,1,0,10000000,sync_on,engine_p1_w1_i0_t10000000
10.94,841.5841584158416,772.2772277227722,910.8910891089108,2598914.0,2596028.0,2601800.0,68516.5,67339.0,69694.0,0.0,0.0,engine,1,1,0,10000000,sync_on,engine_p1_w1_i0_t10000000
10.98,890.0,890.0,890.0,2601432.0,2601432.0,2601432.0,71366.0,71366.0,71366.0,0.0,0.0,engine,1,1,0,10000000,sync_on,engine_p1_w1_i0_t10000000
11.03,876.4317608231411,792.079207920792,960.7843137254903,2602452.0,2601868.0,2603036.0,70724.0,69786.0,71662.0,0.0,0.0,engine,1,1,0,10000000,sync_on,engine_p1_w1_i0_t10000000
11.04,717.8217821782177,663.3663366336633,772.2772277227722,2600718.0,2597732.0,2603704.0,70147.0,68813.0,71481.0,0.0,0.0,engine,1,1,0,10000000,sync_on,engine_p1_w1_i0_t10000000
11.08,1077.6699029126214,1077.6699029126214,1077.6699029126214,2601432.0,2601432.0,2601432.0,70853.0,70853.0,70853.0,0.0,0.0,engine,1,1,0,10000000,sync_on,engine_p1_w1_i0_t10000000
11.13,1108.9108910891089,1029.7029702970297,1188.118811881188,2601794.0,2601360.0,2602228.0,69821.5,69741.0,69902.0,0.0,0.0,engine,1,1,0,10000000,sync_on,engine_p1_w1_i0_t10000000
11.14,970.2970297029702,970.2970297029702,970.2970297029702,2602048.0,2602048.0,2602048.0,69887.0,69887.0,69887.0,0.0,0.0,engine,1,1,0,10000000,sync_on,engine_p1_w1_i0_t10000000
11.15,990.09900990099,990.09900990099,990.09900990099,2598136.0,2598136.0,2598136.0,69207.0,69207.0,69207.0,0.0,0.0,engine,1,1,0,10000000,sync_on,engine_p1_w1_i0_t10000000
11.18,663.3663366336633,663.3663366336633,663.3663366336633,2599796.0,2599796.0,2599796.0,69345.0,69345.0,69345.0,0.0,0.0,engine,1,1,0,10000000,sync_on,engine_p1_w1_i0_t10000000
11.23,905.5445544554455,891.089108910891,920.0,2602198.0,2601712.0,2602684.0,70587.5,70427.0,70748.0,0.0,0.0,engine,1,1,0,10000000,sync_on,engine_p1_w1_i0_t10000000
11.24,1188.118811881188,1188.118811881188,1188.118811881188,2602088.0,2602088.0,2602088.0,69875.0,69875.0,69875.0,0.0,0.0,engine,1,1,0,10000000,sync_on,engine_p1_w1_i0_t10000000
11.25,1029.7029702970297,1029.7029702970297,1029.7029702970297,2597588.0,2597588.0,2597588.0,68159.0,68159.0,68159.0,0.0,0.0,engine,1,1,0,10000000,sync_on,engine_p1_w1_i0_t10000000
11.29,930.6930693069306,930.6930693069306,930.6930693069306,2600496.0,2600496.0,2600496.0,70366.0,70366.0,70366.0,0.0,0.0,engine,1,1,0,10000000,sync_on,engine_p1_w1_i0_t10000000
11.33,935.2970297029703,930.0,940.5940594059406,2602568.0,2602024.0,2603112.0,70758.5,70734.0,70783.0,0.0,0.0,engine,1,1,0,10000000,sync_on,engine_p1_w1_i0_t10000000
11.34,1050.0,1050.0,1050.0,2602540.0,2602540.0,2602540.0,70186.0,70186.0,70186.0,0.0,0.0,engine,1,1,0,10000000,sync_on,engine_p1_w1_i0_t10000000
11.35,811.8811881188118,811.8811881188118,811.8811881188118,2599048.0,2599048.0,2599048.0,69561.0,69561.0,69561.0,0.0,0.0,engine,1,1,0,10000000,sync_on,engine_p1_w1_i0_t10000000
11.38,1060.0,1060.0,1060.0,2601100.0,2601100.0,2601100.0,70682.0,70682.0,70682.0,0.0,0.0,engine,1,1,0,10000000,sync_on,engine_p1_w1_i0_t10000000
11.43,916.3366336633662,732.6732673267326,1100.0,2602964.0,2602456.0,2603472.0,71513.5,70806.0,72221.0,0.0,0.0,engine,1,1,0,10000000,sync_on,engine_p1_w1_i0_t10000000
11.44,841.5841584158416,841.5841584158416,841.5841584158416,2602080.0,2602080.0,2602080.0,69968.0,69968.0,69968.0,0.0,0.0,engine,1,1,0,10000000,sync_on,engine_p1_w1_i0_t10000000
11.45,990.09900990099,990.09900990099,990.09900990099,2597168.0,2597168.0,2597168.0,68128.0,68128.0,68128.0,0.0,0.0,engine,1,1,0,10000000,sync_on,engine_p1_w1_i0_t10000000
11.49,930.6930693069306,930.6930693069306,930.6930693069306,2601404.0,2601404.0,2601404.0,70981.0,70981.0,70981.0,0.0,0.0,engine,1,1,0,10000000,sync_on,engine_p1_w1_i0_t10000000
11.53,742.5742574257425,683.1683168316831,801.980198019802,2603378.0,2602968.0,2603788.0,72885.0,71909.0,73861.0,0.0,0.0,engine,1,1,0,10000000,sync_on,engine_p1_w1_i0_t10000000
11.54,950.4950495049504,950.4950495049504,950.4950495049504,2603140.0,2603140.0,2603140.0,71763.0,71763.0,71763.0,0.0,0.0,engine,1,1,0,10000000,sync_on,engine_p1_w1_i0_t10000000
11.55,910.8910891089108,910.8910891089108,910.8910891089108,2597848.0,2597848.0,2597848.0,68421.0,68421.0,68421.0,0.0,0.0,engine,1,1,0,10000000,sync_on,engine_p1_w1_i0_t10000000
11.59,940.5940594059406,940.5940594059406,940.5940594059406,2601440.0,2601440.0,2601440.0,70944.0,70944.0,70944.0,0.0,0.0,engine,1,1,0,10000000,sync_on,engine_p1_w1_i0_t10000000
11.63,1169.6534653465346,1069.3069306930693,1270.0,2603778.0,2603460.0,2604096.0,74885.5,73874.0,75897.0,0.0,0.0,engine,1,1,0,10000000,sync_on,engine_p1_w1_i0_t10000000
11.64,990.09900990099,990.09900990099,990.09900990099,2603840.0,2603840.0,2603840.0,73993.0,73993.0,73993.0,0.0,0.0,engine,1,1,0,10000000,sync_on,engine_p1_w1_i0_t10000000
11.65,830.0,830.0,830.0,2598284.0,2598284.0,2598284.0,68730.0,68730.0,68730.0,0.0,0.0,engine,1,1,0,10000000,sync_on,engine_p1_w1_i0_t10000000
11.69,790.0,790.0,790.0,2601036.0,2601036.0,2601036.0,70200.0,70200.0,70200.0,0.0,0.0,engine,1,1,0,10000000,sync_on,engine_p1_w1_i0_t10000000
11.73,771.6336633663366,673.2673267326733,870.0,2604410.0,2603992.0,2604828.0,76653.0,76111.0,77195.0,0.0,0.0,engine,1,1,0,10000000,sync_on,engine_p1_w1_i0_t10000000
11.74,683.1683168316831,683.1683168316831,683.1683168316831,2604288.0,2604288.0,2604288.0,75463.0,75463.0,75463.0,0.0,0.0,engine,1,1,0,10000000,sync_on,engine_p1_w1_i0_t10000000
11.75,930.6930693069306,930.6930693069306,930.6930693069306,2598596.0,2598596.0,2598596.0,69046.0,69046.0,69046.0,0.0,0.0,engine,1,1,0,10000000,sync_on,engine_p1_w1_i0_t10000000
11.79,910.8910891089108,910.8910891089108,910.8910891089108,2602560.0,2602560.0,2602560.0,71630.0,71630.0,71630.0,0.0,0.0,engine,1,1,0,10000000,sync_on,engine_p1_w1_i0_t10000000
11.83,742.5742574257425,742.5742574257425,742.5742574257425,2604436.0,2604436.0,2604436.0,77260.0,77260.0,77260.0,0.0,0.0,engine,1,1,0,10000000,sync_on,engine_p1_w1_i0_t10000000
11.84,680.0,570.0,790.0,2605118.0,2604948.0,2605288.0,77597.0,76788.0,78406.0,0.0,0.0,engine,1,1,0,10000000,sync_on,engine_p1_w1_i0_t10000000
11.85,980.1980198019801,980.1980198019801,980.1980198019801,2599036.0,2599036.0,2599036.0,68947.0,68947.0,68947.0,0.0,0.0,engine,1,1,0,10000000,sync_on,engine_p1_w1_i0_t10000000
11.89,1118.8118811881188,1118.8118811881188,1118.8118811881188,2602872.0,2602872.0,2602872.0,71810.0,71810.0,71810.0,0.0,0.0,engine,1,1,0,10000000,sync_on,engine_p1_w1_i0_t10000000
11.93,740.0,740.0,740.0,2605096.0,2605096.0,2605096.0,78579.0,78579.0,78579.0,0.0,0.0,engine,1,1,0,10000000,sync_on,engine_p1_w1_i0_t10000000
11.94,950.4950495049504,782.1782178217821,1118.8118811881188,2605724.0,2605668.0,2605780.0,79529.5,78467.0,80592.0,0.0,0.0,engine,1,1,0,10000000,sync_on,engine_p1_w1_i0_t10000000
11.95,673.2673267326733,673.2673267326733,673.2673267326733,2597928.0,2597928.0,2597928.0,67895.0,67895.0,67895.0,0.0,0.0,engine,1,1,0,10000000,sync_on,engine_p1_w1_i0_t10000000
11.99,740.0,740.0,740.0,2601188.0,2601188.0,2601188.0,70063.0,70063.0,70063.0,0.0,0.0,engine,1,1,0,10000000,sync_on,engine_p1_w1_i0_t10000000
12.03,1049.5049504950493,1049.5049504950493,1049.5049504950493,2605616.0,2605616.0,2605616.0,80600.0,80600.0,80600.0,0.0,0.0,engine,1,1,0,10000000,sync_on,engine_p1_w1_i0_t10000000
12.04,1015.1485148514851,970.2970297029702,1060.0,2606074.0,2606016.0,2606132.0,81508.5,80714.0,82303.0,0.0,0.0,engine,1,1,0,10000000,sync_on,engine_p1_w1_i0_t10000000
12.05,780.0,780.0,780.0,2599400.0,2599400.0,2599400.0,69635.0,69635.0,69635.0,0.0,0.0,engine,1,1,0,10000000,sync_on,engine_p1_w1_i0_t10000000
12.09,1099.009900990099,1099.009900990099,1099.009900990099,2601560.0,2601560.0,2601560.0,70548.0,70548.0,70548.0,0.0,0.0,engine,1,1,0,10000000,sync_on,engine_p1_w1_i0_t10000000
12.13,1059.4059405940593,1059.4059405940593,1059.4059405940593,2605832.0,2605832.0,2605832.0,82508.0,82508.0,82508.0,0.0,0.0,engine,1,1,0,10000000,sync_on,engine_p1_w1_i0_t10000000
12.14,721.2376237623762,690.0,752.4752475247524,2606444.0,2606332.0,2606556.0,82756.5,82056.0,83457.0,0.0,0.0,engine,1,1,0,10000000,sync_on,engine_p1_w1_i0_t10000000
12.15,693.0693069306931,693.0693069306931,693.0693069306931,2597696.0,2597696.0,2597696.0,68075.0,68075.0,68075.0,0.0,0.0,engine,1,1,0,10000000,sync_on,engine_p1_w1_i0_t10000000
12.19,980.1980198019801,980.1980198019801,980.1980198019801,2602184.0,2602184.0,2602184.0,71207.0,71207.0,71207.0,0.0,0.0,engine,1,1,0,10000000,sync_on,engine_p1_w1_i0_t10000000
12.23,720.0,720.0,720.0,2606472.0,2606472.0,2606472.0,83676.0,83676.0,83676.0,0.0,0.0,engine,1,1,0,10000000,sync_on,engine_p1_w1_i0_t10000000
12.24,811.8811881188118,811.8811881188118,811.8811881188118,2607036.0,2607036.0,2607036.0,85087.0,85087.0,85087.0,0.0,0.0,engine,1,1,0,10000000,sync_on,engine_p1_w1_i0_t10000000
12.25,742.5742574257425,742.5742574257425,742.5742574257425,2607112.0,2607112.0,2607112.0,79257.0,79257.0,79257.0,0.0,0.0,engine,1,1,0,10000000,sync_on,engine_p1_w1_i0_t10000000
12.26,1207.9207920792078,1207.9207920792078,1207.9207920792078,2597824.0,2597824.0,2597824.0,67787.0,67787.0,67787.0,0.0,0.0,engine,1,1,0,10000000,sync_on,engine_p1_w1_i0_t10000000
12.29,900.0,900.0,900.0,2602428.0,2602428.0,2602428.0,71516.0,71516.0,71516.0,0.0,0.0,engine,1,1,0,10000000,sync_on,engine_p1_w1_i0_t10000000
12.34,856.4356435643563,623.7623762376237,1089.108910891089,2607298.0,2606776.0,2607820.0,84068.5,83039.0,85098.0,0.0,0.0,engine,1,1,0,10000000,sync_on,engine_p1_w1_i0_t10000000
12.35,1160.0,1160.0,1160.0,2607520.0,2607520.0,2607520.0,81090.0,81090.0,81090.0,0.0,0.0,engine,1,1,0,10000000,sync_on,engine_p1_w1_i0_t10000000
12.36,1215.686274509804,1215.686274509804,1215.686274509804,2598596.0,2598596.0,2598596.0,68541.0,68541.0,68541.0,0.0,0.0,engine,1,1,0,10000000,sync_on,engine_p1_w1_i0_t10000000
12.39,861.3861386138614,861.3861386138614,861.3861386138614,2602308.0,2602308.0,2602308.0,71077.0,71077.0,71077.0,0.0,0.0,engine,1,1,0,10000000,sync_on,engine_p1_w1_i0_t10000000
12.44,950.4950495049504,702.9702970297029,1198.019801980198,2607996.0,2607756.0,2608236.0,83934.0,83631.0,84237.0,0.0,0.0,engine,1,1,0,10000000,sync_on,engine_p1_w1_i0_t10000000
12.45,722.7722772277227,722.7722772277227,722.7722772277227,2607864.0,2607864.0,2607864.0,82064.0,82064.0,82064.0,0.0,0.0,engine,1,1,0,10000000,sync_on,engine_p1_w1_i0_t10000000
12.46,890.0,890.0,890.0,2598724.0,2598724.0,2598724.0,68530.0,68530.0,68530.0,0.0,0.0,engine,1,1,0,10000000,sync_on,engine_p1_w1_i0_t10000000
12.49,831.6831683168316,831.6831683168316,831.6831683168316,2601504.0,2601504.0,2601504.0,66225.0,66225.0,66225.0,0.0,0.0,engine,1,1,0,10000000,sync_on,engine_p1_w1_i0_t10000000
12.54,801.980198019802,722.7722772277227,881.1881188118812,2608358.0,2608100.0,2608616.0,85141.0,84421.0,85861.0,0.0,0.0,engine,1,1,0,10000000,sync_on,engine_p1_w1_i0_t10000000
12.55,762.3762376237623,762.3762376237623,762.3762376237623,2608212.0,2608212.0,2608212.0,83754.0,83754.0,83754.0,0.0,0.0,engine,1,1,0,10000000,sync_on,engine_p1_w1_i0_t10000000
12.56,841.5841584158416,841.5841584158416,841.5841584158416,2598268.0,2598268.0,2598268.0,68031.0,68031.0,68031.0,0.0,0.0,engine,1,1,0,10000000,sync_on,engine_p1_w1_i0_t10000000
12.59,811.8811881188118,811.8811881188118,811.8811881188118,2603324.0,2603324.0,2603324.0,68418.0,68418.0,68418.0,0.0,0.0,engine,1,1,0,10000000,sync_on,engine_p1_w1_i0_t10000000
12.64,895.0,620.0,1170.0,2608766.0,2608436.0,2609096.0,86994.0,85877.0,88111.0,0.0,0.0,engine,1,1,0,10000000,sync_on,engine_p1_w1_i0_t10000000
12.65,1029.7029702970297,1029.7029702970297,1029.7029702970297,2608576.0,2608576.0,2608576.0,85575.0,85575.0,85575.0,0.0,0.0,engine,1,1,0,10000000,sync_on,engine_p1_w1_i0_t10000000
12.66,920.7920792079208,920.7920792079208,920.7920792079208,2599976.0,2599976.0,2599976.0,69645.0,69645.0,69645.0,0.0,0.0,engine,1,1,0,10000000,sync_on,engine_p1_w1_i0_t10000000
12.69,1040.0,1040.0,1040.0,2602876.0,2602876.0,2602876.0,67545.0,67545.0,67545.0,0.0,0.0,engine,1,1,0,10000000,sync_on,engine_p1_w1_i0_t10000000
12.74,920.7920792079208,633.6633663366337,1207.9207920792078,2609300.0,2609068.0,2609532.0,88367.0,88119.0,88615.0,0.0,0.0,engine,1,1,0,10000000,sync_on,engine_p1_w1_i0_t10000000
12.75,811.8811881188118,811.8811881188118,811.8811881188118,2609096.0,2609096.0,2609096.0,86882.0,86882.0,86882.0,0.0,0.0,engine,1,1,0,10000000,sync_on,engine_p1_w1_i0_t10000000
12.76,910.8910891089108,910.8910891089108,910.8910891089108,2600180.0,2600180.0,2600180.0,69963.0,69963.0,69963.0,0.0,0.0,engine,1,1,0,10000000,sync_on,engine_p1_w1_i0_t10000000
12.79,841.5841584158416,841.5841584158416,841.5841584158416,2604164.0,2604164.0,2604164.0,68768.0,68768.0,68768.0,0.0,0.0,engine,1,1,0,10000000,sync_on,engine_p1_w1_i0_t10000000
12.84,860.3465346534654,790.0,930.6930693069306,2587506.0,2586816.0,2588196.0,67006.5,66468.0,67545.0,0.0,0.0,engine,1,1,0,10000000,sync_on,engine_p1_w1_i0_t10000000
12.85,810.0,810.0,810.0,2609632.0,2609632.0,2609632.0,88237.0,88237.0,88237.0,0.0,0.0,engine,1,1,0,10000000,sync_on,engine_p1_w1_i0_t10000000
12.86,810.0,810.0,810.0,2599824.0,2599824.0,2599824.0,69198.0,69198.0,69198.0,0.0,0.0,engine,1,1,0,10000000,sync_on,engine_p1_w1_i0_t10000000
12.9,1138.6138613861385,1138.6138613861385,1138.6138613861385,2602364.0,2602364.0,2602364.0,67164.0,67164.0,67164.0,0.0,0.0,engine,1,1,0,10000000,sync_on,engine_p1_w1_i0_t10000000
12.94,1100.148514851485,970.2970297029702,1230.0,2587460.0,2586532.0,2588388.0,66430.0,66402.0,66458.0,0.0,0.0,engine,1,1,0,10000000,sync_on,engine_p1_w1_i0_t10000000
12.95,1168.3168316831682,1168.3168316831682,1168.3168316831682,2587696.0,2587696.0,2587696.0,67453.0,67453.0,67453.0,0.0,0.0,engine,1,1,0,10000000,sync_on,engine_p1_w1_i0_t10000000
12.96,722.7722772277227,722.7722772277227,722.7722772277227,2600964.0,2600964.0,2600964.0,70302.0,70302.0,70302.0,0.0,0.0,engine,1,1,0,10000000,sync_on,engine_p1_w1_i0_t10000000
13.0,732.6732673267326,732.6732673267326,732.6732673267326,2602644.0,2602644.0,2602644.0,67474.0,67474.0,67474.0,0.0,0.0,engine,1,1,0,10000000,sync_on,engine_p1_w1_i0_t10000000
13.04,1159.7524752475247,1049.5049504950493,1270.0,2588666.0,2587920.0,2589412.0,66489.0,66463.0,66515.0,0.0,0.0,engine,1,1,0,10000000,sync_on,engine_p1_w1_i0_t10000000
13.05,1168.3168316831682,1168.3168316831682,1168.3168316831682,2587756.0,2587756.0,2587756.0,66550.0,66550.0,66550.0,0.0,0.0,engine,1,1,0,10000000,sync_on,engine_p1_w1_i0_t10000000
13.06,1198.019801980198,1198.019801980198,1198.019801980198,2599660.0,2599660.0,2599660.0,68959.0,68959.0,68959.0,0.0,0.0,engine,1,1,0,10000000,sync_on,engine_p1_w1_i0_t10000000
13.1,900.990099009901,900.990099009901,900.990099009901,2601968.0,2601968.0,2601968.0,66831.0,66831.0,66831.0,0.0,0.0,engine,1,1,0,10000000,sync_on,engine_p1_w1_i0_t10000000
13.14,1235.0,1150.0,1320.0,2589786.0,2588816.0,2590756.0,66558.5,66531.0,66586.0,0.0,0.0,engine,1,1,0,10000000,sync_on,engine_p1_w1_i0_t10000000
13.15,1356.4356435643563,1356.4356435643563,1356.4356435643563,2589356.0,2589356.0,2589356.0,66611.0,66611.0,66611.0,0.0,0.0,engine,1,1,0,10000000,sync_on,engine_p1_w1_i0_t10000000
13.16,840.0,840.0,840.0,2600092.0,2600092.0,2600092.0,69253.0,69253.0,69253.0,0.0,0.0,engine,1,1,0,10000000,sync_on,engine_p1_w1_i0_t10000000
13.2,780.0,780.0,780.0,2603168.0,2603168.0,2603168.0,68355.0,68355.0,68355.0,0.0,0.0,engine,1,1,0,10000000,sync_on,engine_p1_w1_i0_t10000000
13.24,1272.2772277227723,1227.7227722772277,1316.8316831683167,2590650.0,2589968.0,2591332.0,66624.5,66597.0,66652.0,0.0,0.0,engine,1,1,0,10000000,sync_on,engine_p1_w1_i0_t10000000
13.25,1346.5346534653465,1346.5346534653465,1346.5346534653465,2590444.0,2590444.0,2590444.0,66691.0,66691.0,66691.0,0.0,0.0,engine,1,1,0,10000000,sync_on,engine_p1_w1_i0_t10000000
13.26,940.5940594059406,940.5940594059406,940.5940594059406,2600408.0,2600408.0,2600408.0,69560.0,69560.0,69560.0,0.0,0.0,engine,1,1,0,10000000,sync_on,engine_p1_w1_i0_t10000000
13.3,980.1980198019801,980.1980198019801,980.1980198019801,2603296.0,2603296.0,2603296.0,68653.0,68653.0,68653.0,0.0,0.0,engine,1,1,0,10000000,sync_on,engine_p1_w1_i0_t10000000
13.34,1287.128712871287,1287.128712871287,1287.128712871287,2590928.0,2590928.0,2590928.0,66662.0,66662.0,66662.0,0.0,0.0,engine,1,1,0,10000000,sync_on,engine_p1_w1_i0_t10000000
13.35,1180.0,1080.0,1280.0,2591720.0,2591212.0,2592228.0,66736.5,66721.0,66752.0,0.0,0.0,engine,1,1,0,10000000,sync_on,engine_p1_w1_i0_t10000000
13.36,1326.7326732673266,1326.7326732673266,1326.7326732673266,2600804.0,2600804.0,2600804.0,69890.0,69890.0,69890.0,0.0,0.0,engine,1,1,0,10000000,sync_on,engine_p1_w1_i0_t10000000
13.4,1110.0,1110.0,1110.0,2602912.0,2602912.0,2602912.0,67857.0,67857.0,67857.0,0.0,0.0,engine,1,1,0,10000000,sync_on,engine_p1_w1_i0_t10000000
13.44,1230.0,1230.0,1230.0,2591632.0,2591632.0,2591632.0,66726.0,66726.0,66726.0,0.0,0.0,engine,1,1,0,10000000,sync_on,engine_p1_w1_i0_t10000000
13.45,1366.3366336633662,1366.3366336633662,1366.3366336633662,2593188.0,2593188.0,2593188.0,66777.0,66777.0,66777.0,0.0,0.0,engine,1,1,0,10000000,sync_on,engine_p1_w1_i0_t10000000
13.46,1048.7128712871286,840.0,1257.4257425742574,2596210.0,2591724.0,2600696.0,68173.0,66821.0,69525.0,0.0,0.0,engine,1,1,0,10000000,sync_on,engine_p1_w1_i0_t10000000
13.5,752.4752475247524,752.4752475247524,752.4752475247524,2603752.0,2603752.0,2603752.0,69014.0,69014.0,69014.0,0.0,0.0,engine,1,1,0,10000000,sync_on,engine_p1_w1_i0_t10000000
13.54,1390.0,1390.0,1390.0,2592656.0,2592656.0,2592656.0,66800.0,66800.0,66800.0,0.0,0.0,engine,1,1,0,10000000,sync_on,engine_p1_w1_i0_t10000000
13.55,1275.0,1270.0,1280.0,2593512.0,2592876.0,2594148.0,67519.5,66886.0,68153.0,0.0,0.0,engine,1,1,0,10000000,sync_on,engine_p1_w1_i0_t10000000
13.56,861.3861386138614,861.3861386138614,861.3861386138614,2600028.0,2600028.0,2600028.0,68817.0,68817.0,68817.0,0.0,0.0,engine,1,1,0,10000000,sync_on,engine_p1_w1_i0_t10000000
13.6,950.0,950.0,950.0,2603736.0,2603736.0,2603736.0,68895.0,68895.0,68895.0,0.0,0.0,engine,1,1,0,10000000,sync_on,engine_p1_w1_i0_t10000000
13.64,1287.128712871287,1287.128712871287,1287.128712871287,2594000.0,2594000.0,2594000.0,68304.0,68304.0,68304.0,0.0,0.0,engine,1,1,0,10000000,sync_on,engine_p1_w1_i0_t10000000
13.65,841.5841584158416,841.5841584158416,841.5841584158416,2594988.0,2594988.0,2594988.0,69160.0,69160.0,69160.0,0.0,0.0,engine,1,1,0,10000000,sync_on,engine_p1_w1_i0_t10000000
13.66,1079.2079207920792,1079.2079207920792,1079.2079207920792,2595564.0,2595564.0,2595564.0,69118.0,69118.0,69118.0,0.0,0.0,engine,1,1,0,10000000,sync_on,engine_p1_w1_i0_t10000000
13.67,673.2673267326733,673.2673267326733,673.2673267326733,2601572.0,2601572.0,2601572.0,70446.0,70446.0,70446.0,0.0,0.0,engine,1,1,0,10000000,sync_on,engine_p1_w1_i0_t10000000
13.7,673.2673267326733,673.2673267326733,673.2673267326733,2601900.0,2601900.0,2601900.0,67434.0,67434.0,67434.0,0.0,0.0,engine,1,1,0,10000000,sync_on,engine_p1_w1_i0_t10000000
13.74,623.7623762376237,623.7623762376237,623.7623762376237,2594904.0,2594904.0,2594904.0,69460.0,69460.0,69460.0,0.0,0.0,engine,1,1,0,10000000,sync_on,engine_p1_w1_i0_t10000000
13.75,1200.0,1200.0,1200.0,2595820.0,2595820.0,2595820.0,71295.0,71295.0,71295.0,0.0,0.0,engine,1,1,0,10000000,sync_on,engine_p1_w1_i0_t10000000
13.77,1270.0,1270.0,1270.0,2601484.0,2601484.0,2601484.0,70009.0,70009.0,70009.0,0.0,0.0,engine,1,1,0,10000000,sync_on,engine_p1_w1_i0_t10000000
13.78,758.0645161290323,758.0645161290323,758.0645161290323,2597684.0,2597684.0,2597684.0,71354.0,71354.0,71354.0,0.0,0.0,engine,1,1,0,10000000,sync_on,engine_p1_w1_i0_t10000000
13.8,930.0,930.0,930.0,2602224.0,2602224.0,2602224.0,67753.0,67753.0,67753.0,0.0,0.0,engine,1,1,0,10000000,sync_on,engine_p1_w1_i0_t10000000
13.84,740.0,740.0,740.0,2595608.0,2595608.0,2595608.0,71285.0,71285.0,71285.0,0.0,0.0,engine,1,1,0,10000000,sync_on,engine_p1_w1_i0_t10000000
13.85,830.0,830.0,830.0,2596276.0,2596276.0,2596276.0,72523.0,72523.0,72523.0,0.0,0.0,engine,1,1,0,10000000,sync_on,engine_p1_w1_i0_t10000000
13.87,702.9702970297029,702.9702970297029,702.9702970297029,2602240.0,2602240.0,2602240.0,70897.0,70897.0,70897.0,0.0,0.0,engine,1,1,0,10000000,sync_on,engine_p1_w1_i0_t10000000
13.88,1000.0,1000.0,1000.0,2599292.0,2599292.0,2599292.0,73157.0,73157.0,73157.0,0.0,0.0,engine,1,1,0,10000000,sync_on,engine_p1_w1_i0_t10000000
13.9,1009.9009900990098,1009.9009900990098,1009.9009900990098,2601644.0,2601644.0,2601644.0,67194.0,67194.0,67194.0,0.0,0.0,engine,1,1,0,10000000,sync_on,engine_p1_w1_i0_t10000000
13.94,960.0,960.0,960.0,2596244.0,2596244.0,2596244.0,73521.0,73521.0,73521.0,0.0,0.0,engine,1,1,0,10000000,sync_on,engine_p1_w1_i0_t10000000
13.95,574.2574257425742,574.2574257425742,574.2574257425742,2597360.0,2597360.0,2597360.0,73576.0,73576.0,73576.0,0.0,0.0,engine,1,1,0,10000000,sync_on,engine_p1_w1_i0_t10000000
13.97,1019.8019801980197,1019.8019801980197,1019.8019801980197,2600464.0,2600464.0,2600464.0,69251.0,69251.0,69251.0,0.0,0.0,engine,1,1,0,10000000,sync_on,engine_p1_w1_i0_t10000000
13.98,544.5544554455445,544.5544554455445,544.5544554455445,2600068.0,2600068.0,2600068.0,74282.0,74282.0,74282.0,0.0,0.0,engine,1,1,0,10000000,sync_on,engine_p1_w1_i0_t10000000
14.0,970.0,970.0,970.0,2602024.0,2602024.0,2602024.0,67314.0,67314.0,67314.0,0.0,0.0,engine,1,1,0,10000000,sync_on,engine_p1_w1_i0_t10000000
14.05,777.843137254902,215.68627450980392,1340.0,2597350.0,2596572.0,2598128.0,74798.5,73799.0,75798.0,0.0,0.0,engine,1,1,0,10000000,sync_on,engine_p1_w1_i0_t10000000
14.07,930.6930693069306,930.6930693069306,930.6930693069306,2600956.0,2600956.0,2600956.0,69866.0,69866.0,69866.0,0.0,0.0,engine,1,1,0,10000000,sync_on,engine_p1_w1_i0_t10000000
14.08,663.3663366336633,663.3663366336633,663.3663366336633,2601220.0,2601220.0,2601220.0,75852.0,75852.0,75852.0,0.0,0.0,engine,1,1,0,10000000,sync_on,engine_p1_w1_i0_t10000000
14.1,950.4950495049504,950.4950495049504,950.4950495049504,2601656.0,2601656.0,2601656.0,67232.0,67232.0,67232.0,0.0,0.0,engine,1,1,0,10000000,sync_on,engine_p1_w1_i0_t10000000
14.15,739.3540324906278,653.4653465346535,825.242718446602,2597994.0,2597340.0,2598648.0,76283.5,75749.0,76818.0,0.0,0.0,engine,1,1,0,10000000,sync_on,engine_p1_w1_i0_t10000000
14.17,1080.0,1080.0,1080.0,2601216.0,2601216.0,2601216.0,70187.0,70187.0,70187.0,0.0,0.0,engine,1,1,0,10000000,sync_on,engine_p1_w1_i0_t10000000
14.18,1080.0,1080.0,1080.0,2602892.0,2602892.0,2602892.0,77907.0,77907.0,77907.0,0.0,0.0,engine,1,1,0,10000000,sync_on,engine_p1_w1_i0_t10000000
14.2,1090.0,1090.0,1090.0,2602184.0,2602184.0,2602184.0,68784.0,68784.0,68784.0,0.0,0.0,engine,1,1,0,10000000,sync_on,engine_p1_w1_i0_t10000000
14.25,600.0,530.0,670.0,2598286.0,2597604.0,2598968.0,77767.0,77497.0,78037.0,0.0,0.0,engine,1,1,0,10000000,sync_on,engine_p1_w1_i0_t10000000
14.27,930.6930693069306,930.6930693069306,930.6930693069306,2601376.0,2601376.0,2601376.0,70039.0,70039.0,70039.0,0.0,0.0,engine,1,1,0,10000000,sync_on,engine_p1_w1_i0_t10000000
14.28,702.9702970297029,702.9702970297029,702.9702970297029,2603796.0,2603796.0,2603796.0,78998.0,78998.0,78998.0,0.0,0.0,engine,1,1,0,10000000,sync_on,engine_p1_w1_i0_t10000000
14.3,722.7722772277227,722.7722772277227,722.7722772277227,2602440.0,2602440.0,2602440.0,70212.0,70212.0,70212.0,0.0,0.0,engine,1,1,0,10000000,sync_on,engine_p1_w1_i0_t10000000
14.35,643.5643564356435,297.029702970297,990.09900990099,2598774.0,2598060.0,2599488.0,79230.0,78185.0,80275.0,0.0,0.0,engine,1,1,0,10000000,sync_on,engine_p1_w1_i0_t10000000
14.37,840.0,840.0,840.0,2600732.0,2600732.0,2600732.0,69296.0,69296.0,69296.0,0.0,0.0,engine,1,1,0,10000000,sync_on,engine_p1_w1_i0_t10000000
14.38,683.1683168316831,683.1683168316831,683.1683168316831,2604308.0,2604308.0,2604308.0,80342.0,80342.0,80342.0,0.0,0.0,engine,1,1,0,10000000,sync_on,engine_p1_w1_i0_t10000000
14.4,1270.0,1270.0,1270.0,2602920.0,2602920.0,2602920.0,72443.0,72443.0,72443.0,0.0,0.0,engine,1,1,0,10000000,sync_on,engine_p1_w1_i0_t10000000
14.45,881.3366336633662,732.6732673267326,1030.0,2599578.0,2598572.0,2600584.0,81233.5,80193.0,82274.0,0.0,0.0,engine,1,1,0,10000000,sync_on,engine_p1_w1_i0_t10000000
14.47,544.5544554455445,544.5544554455445,544.5544554455445,2601924.0,2601924.0,2601924.0,70826.0,70826.0,70826.0,0.0,0.0,engine,1,1,0,10000000,sync_on,engine_p1_w1_i0_t10000000
14.48,1410.0,1410.0,1410.0,2606172.0,2606172.0,2606172.0,82589.0,82589.0,82589.0,0.0,0.0,engine,1,1,0,10000000,sync_on,engine_p1_w1_i0_t10000000
14.51,742.5742574257425,742.5742574257425,742.5742574257425,2603148.0,2603148.0,2603148.0,73403.0,73403.0,73403.0,0.0,0.0,engine,1,1,0,10000000,sync_on,engine_p1_w1_i0_t10000000
14.55,585.3883495145631,530.0,640.7766990291262,2599878.0,2598900.0,2600856.0,82512.5,81856.0,83169.0,0.0,0.0,engine,1,1,0,10000000,sync_on,engine_p1_w1_i0_t10000000
14.57,1277.227722772277,1277.227722772277,1277.227722772277,2602124.0,2602124.0,2602124.0,70913.0,70913.0,70913.0,0.0,0.0,engine,1,1,0,10000000,sync_on,engine_p1_w1_i0_t10000000
14.59,782.1782178217821,782.1782178217821,782.1782178217821,2606948.0,2606948.0,2606948.0,83673.0,83673.0,83673.0,0.0,0.0,engine,1,1,0,10000000,sync_on,engine_p1_w1_i0_t10000000
14.61,666.6666666666667,666.6666666666667,666.6666666666667,2602988.0,2602988.0,2602988.0,74687.0,74687.0,74687.0,0.0,0.0,engine,1,1,0,10000000,sync_on,engine_p1_w1_i0_t10000000
14.65,336.63366336633663,336.63366336633663,336.63366336633663,2599292.0,2599292.0,2599292.0,82498.0,82498.0,82498.0,0.0,0.0,engine,1,1,0,10000000,sync_on,engine_p1_w1_i0_t10000000
14.66,831.6831683168316,831.6831683168316,831.6831683168316,2601120.0,2601120.0,2601120.0,84767.0,84767.0,84767.0,0.0,0.0,engine,1,1,0,10000000,sync_on,engine_p1_w1_i0_t10000000
14.67,752.4752475247524,752.4752475247524,752.4752475247524,2600560.0,2600560.0,2600560.0,69109.0,69109.0,69109.0,0.0,0.0,engine,1,1,0,10000000,sync_on,engine_p1_w1_i0_t10000000
14.69,544.5544554455445,544.5544554455445,544.5544554455445,2607852.0,2607852.0,2607852.0,84867.0,84867.0,84867.0,0.0,0.0,engine,1,1,0,10000000,sync_on,engine_p1_w1_i0_t10000000
14.71,1217.8217821782177,1217.8217821782177,1217.8217821782177,2603848.0,2603848.0,2603848.0,76935.0,76935.0,76935.0,0.0,0.0,engine,1,1,0,10000000,sync_on,engine_p1_w1_i0_t10000000
14.75,700.0,700.0,700.0,2599612.0,2599612.0,2599612.0,84640.0,84640.0,84640.0,0.0,0.0,engine,1,1,0,10000000,sync_on,engine_p1_w1_i0_t10000000
14.76,940.5940594059406,940.5940594059406,940.5940594059406,2601604.0,2601604.0,2601604.0,87003.0,87003.0,87003.0,0.0,0.0,engine,1,1,0,10000000,sync_on,engine_p1_w1_i0_t10000000
14.77,1060.0,1060.0,1060.0,2600724.0,2600724.0,2600724.0,69184.0,69184.0,69184.0,0.0,0.0,engine,1,1,0,10000000,sync_on,engine_p1_w1_i0_t10000000
14.79,1050.0,1050.0,1050.0,2609132.0,2609132.0,2609132.0,87071.0,87071.0,87071.0,0.0,0.0,engine,1,1,0,10000000,sync_on,engine_p1_w1_i0_t10000000
14.81,732.6732673267326,732.6732673267326,732.6732673267326,2604352.0,2604352.0,2604352.0,78064.0,78064.0,78064.0,0.0,0.0,engine,1,1,0,10000000,sync_on,engine_p1_w1_i0_t10000000
14.85,504.9504950495049,504.9504950495049,504.9504950495049,2600068.0,2600068.0,2600068.0,85505.0,85505.0,85505.0,0.0,0.0,engine,1,1,0,10000000,sync_on,engine_p1_w1_i0_t10000000
14.86,890.0,890.0,890.0,2602124.0,2602124.0,2602124.0,88336.0,88336.0,88336.0,0.0,0.0,engine,1,1,0,10000000,sync_on,engine_p1_w1_i0_t10000000
14.87,1237.6237623762374,1237.6237623762374,1237.6237623762374,2601564.0,2601564.0,2601564.0,70152.0,70152.0,70152.0,0.0,0.0,engine,1,1,0,10000000,sync_on,engine_p1_w1_i0_t10000000
14.89,940.0,940.0,940.0,2610272.0,2610272.0,2610272.0,88407.0,88407.0,88407.0,0.0,0.0,engine,1,1,0,10000000,sync_on,engine_p1_w1_i0_t10000000
14.91,710.0,710.0,710.0,2604736.0,2604736.0,2604736.0,79182.0,79182.0,79182.0,0.0,0.0,engine,1,1,0,10000000,sync_on,engine_p1_w1_i0_t10000000
14.95,560.0,560.0,560.0,2600260.0,2600260.0,2600260.0,86869.0,86869.0,86869.0,0.0,0.0,engine,1,1,0,10000000,sync_on,engine_p1_w1_i0_t10000000
14.96,504.9504950495049,504.9504950495049,504.9504950495049,2602724.0,2602724.0,2602724.0,89519.0,89519.0,89519.0,0.0,0.0,engine,1,1,0,10000000,sync_on,engine_p1_w1_i0_t10000000
14.97,1010.0,1010.0,1010.0,2602032.0,2602032.0,2602032.0,70181.0,70181.0,70181.0,0.0,0.0,engine,1,1,0,10000000,sync_on,engine_p1_w1_i0_t10000000
14.99,603.9603960396039,603.9603960396039,603.9603960396039,2610668.0,2610668.0,2610668.0,89333.0,89333.0,89333.0,0.0,0.0,engine,1,1,0,10000000,sync_on,engine_p1_w1_i0_t10000000
15.01,19.801980198019802,19.801980198019802,19.801980198019802,2604736.0,2604736.0,2604736.0,79182.0,79182.0,79182.0,0.0,0.0,engine,1,1,0,10000000,sync_on,engine_p1_w1_i0_t10000000
15.05,801.980198019802,801.980198019802,801.980198019802,2600652.0,2600652.0,2600652.0,88389.0,88389.0,88389.0,0.0,0.0,engine,1,1,0,10000000,sync_on,engine_p1_w1_i0_t10000000
15.06,1070.0,1070.0,1070.0,2581672.0,2581672.0,2581672.0,68833.0,68833.0,68833.0,0.0,0.0,engine,1,1,0,10000000,sync_on,engine_p1_w1_i0_t10000000
15.07,752.4752475247524,752.4752475247524,752.4752475247524,2601644.0,2601644.0,2601644.0,69958.0,69958.0,69958.0,0.0,0.0,engine,1,1,0,10000000,sync_on,engine_p1_w1_i0_t10000000
15.09,1120.0,1120.0,1120.0,2587388.0,2587388.0,2587388.0,69653.0,69653.0,69653.0,0.0,0.0,engine,1,1,0,10000000,sync_on,engine_p1_w1_i0_t10000000
15.11,485.1485148514851,485.1485148514851,485.1485148514851,2605156.0,2605156.0,2605156.0,80403.0,80403.0,80403.0,0.0,0.0,engine,1,1,0,10000000,sync_on,engine_p1_w1_i0_t10000000
15.15,415.8415841584158,415.8415841584158,415.8415841584158,2600916.0,2600916.0,2600916.0,89665.0,89665.0,89665.0,0.0,0.0,engine,1,1,0,10000000,sync_on,engine_p1_w1_i0_t10000000
15.16,891.089108910891,891.089108910891,891.089108910891,2583088.0,2583088.0,2583088.0,70284.0,70284.0,70284.0,0.0,0.0,engine,1,1,0,10000000,sync_on,engine_p1_w1_i0_t10000000
15.18,851.4851485148514,851.4851485148514,851.4851485148514,2600720.0,2600720.0,2600720.0,69072.0,69072.0,69072.0,0.0,0.0,engine,1,1,0,10000000,sync_on,engine_p1_w1_i0_t10000000
15.19,851.4851485148514,851.4851485148514,851.4851485148514,2587972.0,2587972.0,2587972.0,71697.0,71697.0,71697.0,0.0,0.0,engine,1,1,0,10000000,sync_on,engine_p1_w1_i0_t10000000
15.21,118.8118811881188,118.8118811881188,118.8118811881188,2605284.0,2605284.0,2605284.0,81103.0,81103.0,81103.0,0.0,0.0,engine,1,1,0,10000000,sync_on,engine_p1_w1_i0_t10000000
15.25,670.0,670.0,670.0,2578940.0,2578940.0,2578940.0,68001.0,68001.0,68001.0,0.0,0.0,engine,1,1,0,10000000,sync_on,engine_p1_w1_i0_t10000000
15.26,760.0,760.0,760.0,2584304.0,2584304.0,2584304.0,71860.0,71860.0,71860.0,0.0,0.0,engine,1,1,0,10000000,sync_on,engine_p1_w1_i0_t10000000
15.28,1198.019801980198,1198.019801980198,1198.019801980198,2603112.0,2603112.0,2603112.0,71274.0,71274.0,71274.0,0.0,0.0,engine,1,1,0,10000000,sync_on,engine_p1_w1_i0_t10000000
15.29,780.0,780.0,780.0,2588760.0,2588760.0,2588760.0,72870.0,72870.0,72870.0,0.0,0.0,engine,1,1,0,10000000,sync_on,engine_p1_w1_i0_t10000000
15.31,0.0,0.0,0.0,2605284.0,2605284.0,2605284.0,81103.0,81103.0,81103.0,0.0,0.0,engine,1,1,0,10000000,sync_on,engine_p1_w1_i0_t10000000
15.35,425.7425742574257,425.7425742574257,425.7425742574257,2579772.0,2579772.0,2579772.0,69446.0,69446.0,69446.0,0.0,0.0,engine,1,1,0,10000000,sync_on,engine_p1_w1_i0_t10000000
15.36,1110.0,1110.0,1110.0,2585912.0,2585912.0,2585912.0,74109.0,74109.0,74109.0,0.0,0.0,engine,1,1,0,10000000,sync_on,engine_p1_w1_i0_t10000000
15.38,810.0,810.0,810.0,2602524.0,2602524.0,2602524.0,70401.0,70401.0,70401.0,0.0,0.0,engine,1,1,0,10000000,sync_on,engine_p1_w1_i0_t10000000
15.39,544.5544554455445,544.5544554455445,544.5544554455445,2589328.0,2589328.0,2589328.0,74153.0,74153.0,74153.0,0.0,0.0,engine,1,1,0,10000000,sync_on,engine_p1_w1_i0_t10000000
15.41,0.0,0.0,0.0,2605284.0,2605284.0,2605284.0,81103.0,81103.0,81103.0,0.0,0.0,engine,1,1,0,10000000,sync_on,engine_p1_w1_i0_t10000000
15.45,600.0,600.0,600.0,2580420.0,2580420.0,2580420.0,71675.0,71675.0,71675.0,0.0,0.0,engine,1,1,0,10000000,sync_on,engine_p1_w1_i0_t10000000
15.46,910.8910891089108,910.8910891089108,910.8910891089108,2587972.0,2587972.0,2587972.0,75390.0,75390.0,75390.0,0.0,0.0,engine,1,1,0,10000000,sync_on,engine_p1_w1_i0_t10000000
15.48,584.1584158415841,584.1584158415841,584.1584158415841,2603556.0,2603556.0,2603556.0,71616.0,71616.0,71616.0,0.0,0.0,engine,1,1,0,10000000,sync_on,engine_p1_w1_i0_t10000000
15.49,1200.0,1200.0,1200.0,2590984.0,2590984.0,2590984.0,76380.0,76380.0,76380.0,0.0,0.0,engine,1,1,0,10000000,sync_on,engine_p1_w1_i0_t10000000
15.52,0.0,0.0,0.0,2605284.0,2605284.0,2605284.0,81103.0,81103.0,81103.0,0.0,0.0,engine,1,1,0,10000000,sync_on,engine_p1_w1_i0_t10000000
15.56,584.1584158415841,584.1584158415841,584.1584158415841,2588940.0,2588940.0,2588940.0,76575.0,76575.0,76575.0,0.0,0.0,engine,1,1,0,10000000,sync_on,engine_p1_w1_i0_t10000000
15.58,1178.2178217821781,1178.2178217821781,1178.2178217821781,2601960.0,2601960.0,2601960.0,69709.0,69709.0,69709.0,0.0,0.0,engine,1,1,0,10000000,sync_on,engine_p1_w1_i0_t10000000
15.59,1029.7029702970297,1029.7029702970297,1029.7029702970297,2591760.0,2591760.0,2591760.0,78100.0,78100.0,78100.0,0.0,0.0,engine,1,1,0,10000000,sync_on,engine_p1_w1_i0_t10000000
15.61,417.21854304635764,417.21854304635764,417.21854304635764,2581016.0,2581016.0,2581016.0,73082.0,73082.0,73082.0,0.0,0.0,engine,1,1,0,10000000,sync_on,engine_p1_w1_i0_t10000000
15.62,0.0,0.0,0.0,2605284.0,2605284.0,2605284.0,81103.0,81103.0,81103.0,0.0,0.0,engine,1,1,0,10000000,sync_on,engine_p1_w1_i0_t10000000
15.66,1150.0,1150.0,1150.0,2590476.0,2590476.0,2590476.0,78614.0,78614.0,78614.0,0.0,0.0,engine,1,1,0,10000000,sync_on,engine_p1_w1_i0_t10000000
15.68,1158.4158415841584,1158.4158415841584,1158.4158415841584,2602424.0,2602424.0,2602424.0,70405.0,70405.0,70405.0,0.0,0.0,engine,1,1,0,10000000,sync_on,engine_p1_w1_i0_t10000000
15.69,720.0,720.0,720.0,2592552.0,2592552.0,2592552.0,79152.0,79152.0,79152.0,0.0,0.0,engine,1,1,0,10000000,sync_on,engine_p1_w1_i0_t10000000
15.71,470.0,470.0,470.0,2581656.0,2581656.0,2581656.0,73918.0,73918.0,73918.0,0.0,0.0,engine,1,1,0,10000000,sync_on,engine_p1_w1_i0_t10000000
15.72,0.0,0.0,0.0,2605284.0,2605284.0,2605284.0,81103.0,81103.0,81103.0,0.0,0.0,engine,1,1,0,10000000,sync_on,engine_p1_w1_i0_t10000000
15.76,752.4752475247524,752.4752475247524,752.4752475247524,2591316.0,2591316.0,2591316.0,79730.0,79730.0,79730.0,0.0,0.0,engine,1,1,0,10000000,sync_on,engine_p1_w1_i0_t10000000
15.78,950.0,950.0,950.0,2602776.0,2602776.0,2602776.0,70711.0,70711.0,70711.0,0.0,0.0,engine,1,1,0,10000000,sync_on,engine_p1_w1_i0_t10000000
15.79,940.0,940.0,940.0,2594104.0,2594104.0,2594104.0,80880.0,80880.0,80880.0,0.0,0.0,engine,1,1,0,10000000,sync_on,engine_p1_w1_i0_t10000000
15.81,732.6732673267326,732.6732673267326,732.6732673267326,2582688.0,2582688.0,2582688.0,76136.0,76136.0,76136.0,0.0,0.0,engine,1,1,0,10000000,sync_on,engine_p1_w1_i0_t10000000
15.82,0.0,0.0,0.0,2605284.0,2605284.0,2605284.0,81103.0,81103.0,81103.0,0.0,0.0,engine,1,1,0,10000000,sync_on,engine_p1_w1_i0_t10000000
15.86,640.0,640.0,640.0,2592156.0,2592156.0,2592156.0,80938.0,80938.0,80938.0,0.0,0.0,engine,1,1,0,10000000,sync_on,engine_p1_w1_i0_t10000000
15.88,910.8910891089108,910.8910891089108,910.8910891089108,2603008.0,2603008.0,2603008.0,71067.0,71067.0,71067.0,0.0,0.0,engine,1,1,0,10000000,sync_on,engine_p1_w1_i0_t10000000
15.89,1069.3069306930693,1069.3069306930693,1069.3069306930693,2594944.0,2594944.0,2594944.0,82992.0,82992.0,82992.0,0.0,0.0,engine,1,1,0,10000000,sync_on,engine_p1_w1_i0_t10000000
15.91,440.0,440.0,440.0,2583464.0,2583464.0,2583464.0,76863.0,76863.0,76863.0,0.0,0.0,engine,1,1,0,10000000,sync_on,engine_p1_w1_i0_t10000000
15.92,0.0,0.0,0.0,2605284.0,2605284.0,2605284.0,81103.0,81103.0,81103.0,0.0,0.0,engine,1,1,0,10000000,sync_on,engine_p1_w1_i0_t10000000
15.96,1178.2178217821781,1178.2178217821781,1178.2178217821781,2593628.0,2593628.0,2593628.0,83113.0,83113.0,83113.0,0.0,0.0,engine,1,1,0,10000000,sync_on,engine_p1_w1_i0_t10000000
15.98,762.3762376237623,762.3762376237623,762.3762376237623,2603696.0,2603696.0,2603696.0,72269.0,72269.0,72269.0,0.0,0.0,engine,1,1,0,10000000,sync_on,engine_p1_w1_i0_t10000000
15.99,560.0,560.0,560.0,2595612.0,2595612.0,2595612.0,83828.0,83828.0,83828.0,0.0,0.0,engine,1,1,0,10000000,sync_on,engine_p1_w1_i0_t10000000
16.01,504.9504950495049,504.9504950495049,504.9504950495049,2584104.0,2584104.0,2584104.0,78362.0,78362.0,78362.0,0.0,0.0,engine,1,1,0,10000000,sync_on,engine_p1_w1_i0_t10000000
16.02,148.5148514851485,148.5148514851485,148.5148514851485,2605284.0,2605284.0,2605284.0,81108.0,81108.0,81108.0,0.0,0.0,engine,1,1,0,10000000,sync_on,engine_p1_w1_i0_t10000000
16.06,860.0,860.0,860.0,2594852.0,2594852.0,2594852.0,84793.0,84793.0,84793.0,0.0,0.0,engine,1,1,0,10000000,sync_on,engine_p1_w1_i0_t10000000
16.08,700.0,700.0,700.0,2604152.0,2604152.0,2604152.0,73820.0,73820.0,73820.0,0.0,0.0,engine,1,1,0,10000000,sync_on,engine_p1_w1_i0_t10000000
16.09,760.0,760.0,760.0,2597164.0,2597164.0,2597164.0,85375.0,85375.0,85375.0,0.0,0.0,engine,1,1,0,10000000,sync_on,engine_p1_w1_i0_t10000000
16.11,811.8811881188118,811.8811881188118,811.8811881188118,2585456.0,2585456.0,2585456.0,80332.0,80332.0,80332.0,0.0,0.0,engine,1,1,0,10000000,sync_on,engine_p1_w1_i0_t10000000
16.12,79.20792079207921,79.20792079207921,79.20792079207921,2605468.0,2605468.0,2605468.0,81120.0,81120.0,81120.0,0.0,0.0,engine,1,1,0,10000000,sync_on,engine_p1_w1_i0_t10000000
16.16,800.0,800.0,800.0,2595948.0,2595948.0,2595948.0,86135.0,86135.0,86135.0,0.0,0.0,engine,1,1,0,10000000,sync_on,engine_p1_w1_i0_t10000000
16.18,1099.009900990099,1099.009900990099,1099.009900990099,2604680.0,2604680.0,2604680.0,76057.0,76057.0,76057.0,0.0,0.0,engine,1,1,0,10000000,sync_on,engine_p1_w1_i0_t10000000
16.2,1153.8461538461538,1153.8461538461538,1153.8461538461538,2598452.0,2598452.0,2598452.0,87217.0,87217.0,87217.0,0.0,0.0,engine,1,1,0,10000000,sync_on,engine_p1_w1_i0_t10000000
16.21,370.0,370.0,370.0,2586232.0,2586232.0,2586232.0,80959.0,80959.0,80959.0,0.0,0.0,engine,1,1,0,10000000,sync_on,engine_p1_w1_i0_t10000000
16.22,237.6237623762376,237.6237623762376,237.6237623762376,2592048.0,2592048.0,2592048.0,68301.0,68301.0,68301.0,0.0,0.0,engine,1,1,0,10000000,sync_on,engine_p1_w1_i0_t10000000
16.26,722.7722772277227,722.7722772277227,722.7722772277227,2597128.0,2597128.0,2597128.0,87593.0,87593.0,87593.0,0.0,0.0,engine,1,1,0,10000000,sync_on,engine_p1_w1_i0_t10000000
16.28,811.8811881188118,811.8811881188118,811.8811881188118,2605012.0,2605012.0,2605012.0,77140.0,77140.0,77140.0,0.0,0.0,engine,1,1,0,10000000,sync_on,engine_p1_w1_i0_t10000000
16.3,712.8712871287129,712.8712871287129,712.8712871287129,2599376.0,2599376.0,2599376.0,88389.0,88389.0,88389.0,0.0,0.0,engine,1,1,0,10000000,sync_on,engine_p1_w1_i0_t10000000
16.31,722.7722772277227,722.7722772277227,722.7722772277227,2587128.0,2587128.0,2587128.0,82810.0,82810.0,82810.0,0.0,0.0,engine,1,1,0,10000000,sync_on,engine_p1_w1_i0_t10000000
16.32,350.0,350.0,350.0,2592752.0,2592752.0,2592752.0,69459.0,69459.0,69459.0,0.0,0.0,engine,1,1,0,10000000,sync_on,engine_p1_w1_i0_t10000000
16.36,1430.0,1430.0,1430.0,2598672.0,2598672.0,2598672.0,89857.0,89857.0,89857.0,0.0,0.0,engine,1,1,0,10000000,sync_on,engine_p1_w1_i0_t10000000
16.39,673.2673267326733,673.2673267326733,673.2673267326733,2605452.0,2605452.0,2605452.0,78329.0,78329.0,78329.0,0.0,0.0,engine,1,1,0,10000000,sync_on,engine_p1_w1_i0_t10000000
16.4,1160.0,1160.0,1160.0,2579680.0,2579680.0,2579680.0,69552.0,69552.0,69552.0,0.0,0.0,engine,1,1,0,10000000,sync_on,engine_p1_w1_i0_t10000000
16.41,460.0,460.0,460.0,2587968.0,2587968.0,2587968.0,84623.0,84623.0,84623.0,0.0,0.0,engine,1,1,0,10000000,sync_on,engine_p1_w1_i0_t10000000
16.42,49.5049504950495,49.5049504950495,49.5049504950495,2592816.0,2592816.0,2592816.0,69459.0,69459.0,69459.0,0.0,0.0,engine,1,1,0,10000000,sync_on,engine_p1_w1_i0_t10000000
16.46,712.8712871287129,712.8712871287129,712.8712871287129,2577572.0,2577572.0,2577572.0,68283.0,68283.0,68283.0,0.0,0.0,engine,1,1,0,10000000,sync_on,engine_p1_w1_i0_t10000000
16.48,1280.0,1280.0,1280.0,2606232.0,2606232.0,2606232.0,80568.0,80568.0,80568.0,0.0,0.0,engine,1,1,0,10000000,sync_on,engine_p1_w1_i0_t10000000
16.5,742.5742574257425,742.5742574257425,742.5742574257425,2580712.0,2580712.0,2580712.0,70993.0,70993.0,70993.0,0.0,0.0,engine,1,1,0,10000000,sync_on,engine_p1_w1_i0_t10000000
16.51,425.7425742574257,425.7425742574257,425.7425742574257,2588616.0,2588616.0,2588616.0,85487.0,85487.0,85487.0,0.0,0.0,engine,1,1,0,10000000,sync_on,engine_p1_w1_i0_t10000000
16.52,0.0,0.0,0.0,2592816.0,2592816.0,2592816.0,69459.0,69459.0,69459.0,0.0,0.0,engine,1,1,0,10000000,sync_on,engine_p1_w1_i0_t10000000
16.57,930.0,930.0,930.0,2578788.0,2578788.0,2578788.0,70187.0,70187.0,70187.0,0.0,0.0,engine,1,1,0,10000000,sync_on,engine_p1_w1_i0_t10000000
16.59,851.4851485148514,851.4851485148514,851.4851485148514,2606628.0,2606628.0,2606628.0,81865.0,81865.0,81865.0,0.0,0.0,engine,1,1,0,10000000,sync_on,engine_p1_w1_i0_t10000000
16.6,750.0,750.0,750.0,2581864.0,2581864.0,2581864.0,72445.0,72445.0,72445.0,0.0,0.0,engine,1,1,0,10000000,sync_on,engine_p1_w1_i0_t10000000
16.61,580.0,580.0,580.0,2590024.0,2590024.0,2590024.0,87256.0,87256.0,87256.0,0.0,0.0,engine,1,1,0,10000000,sync_on,engine_p1_w1_i0_t10000000
16.62,0.0,0.0,0.0,2592816.0,2592816.0,2592816.0,69459.0,69459.0,69459.0,0.0,0.0,engine,1,1,0,10000000,sync_on,engine_p1_w1_i0_t10000000
16.67,1108.9108910891089,1108.9108910891089,1108.9108910891089,2580276.0,2580276.0,2580276.0,71588.0,71588.0,71588.0,0.0,0.0,engine,1,1,0,10000000,sync_on,engine_p1_w1_i0_t10000000
16.69,800.0,800.0,800.0,2607124.0,2607124.0,2607124.0,83132.0,83132.0,83132.0,0.0,0.0,engine,1,1,0,10000000,sync_on,engine_p1_w1_i0_t10000000
16.7,1170.0,1170.0,1170.0,2583704.0,2583704.0,2583704.0,74681.0,74681.0,74681.0,0.0,0.0,engine,1,1,0,10000000,sync_on,engine_p1_w1_i0_t10000000
16.71,613.8613861386139,613.8613861386139,613.8613861386139,2590864.0,2590864.0,2590864.0,88317.0,88317.0,88317.0,0.0,0.0,engine,1,1,0,10000000,sync_on,engine_p1_w1_i0_t10000000
16.72,0.0,0.0,0.0,2592816.0,2592816.0,2592816.0,69459.0,69459.0,69459.0,0.0,0.0,engine,1,1,0,10000000,sync_on,engine_p1_w1_i0_t10000000
16.77,690.0,690.0,690.0,2581584.0,2581584.0,2581584.0,72811.0,72811.0,72811.0,0.0,0.0,engine,1,1,0,10000000,sync_on,engine_p1_w1_i0_t10000000
16.79,891.089108910891,891.089108910891,891.089108910891,2607472.0,2607472.0,2607472.0,85065.0,85065.0,85065.0,0.0,0.0,engine,1,1,0,10000000,sync_on,engine_p1_w1_i0_t10000000
16.8,940.5940594059406,940.5940594059406,940.5940594059406,2584992.0,2584992.0,2584992.0,76219.0,76219.0,76219.0,0.0,0.0,engine,1,1,0,10000000,sync_on,engine_p1_w1_i0_t10000000
16.81,620.0,620.0,620.0,2571436.0,2571436.0,2571436.0,68771.0,68771.0,68771.0,0.0,0.0,engine,1,1,0,10000000,sync_on,engine_p1_w1_i0_t10000000
16.82,0.0,0.0,0.0,2592816.0,2592816.0,2592816.0,69459.0,69459.0,69459.0,0.0,0.0,engine,1,1,0,10000000,sync_on,engine_p1_w1_i0_t10000000
16.87,930.6930693069306,930.6930693069306,930.6930693069306,2582860.0,2582860.0,2582860.0,74680.0,74680.0,74680.0,0.0,0.0,engine,1,1,0,10000000,sync_on,engine_p1_w1_i0_t10000000
16.89,1040.0,1040.0,1040.0,2607840.0,2607840.0,2607840.0,86866.0,86866.0,86866.0,0.0,0.0,engine,1,1,0,10000000,sync_on,engine_p1_w1_i0_t10000000
16.9,830.0,830.0,830.0,2586088.0,2586088.0,2586088.0,77519.0,77519.0,77519.0,0.0,0.0,engine,1,1,0,10000000,sync_on,engine_p1_w1_i0_t10000000
16.91,435.6435643564356,435.6435643564356,435.6435643564356,2572332.0,2572332.0,2572332.0,69800.0,69800.0,69800.0,0.0,0.0,engine,1,1,0,10000000,sync_on,engine_p1_w1_i0_t10000000
16.93,0.0,0.0,0.0,2592816.0,2592816.0,2592816.0,69459.0,69459.0,69459.0,0.0,0.0,engine,1,1,0,10000000,sync_on,engine_p1_w1_i0_t10000000
16.97,1050.0,1050.0,1050.0,2583840.0,2583840.0,2583840.0,76931.0,76931.0,76931.0,0.0,0.0,engine,1,1,0,10000000,sync_on,engine_p1_w1_i0_t10000000
16.99,594.059405940594,594.059405940594,594.059405940594,2608544.0,2608544.0,2608544.0,83619.0,83619.0,83619.0,0.0,0.0,engine,1,1,0,10000000,sync_on,engine_p1_w1_i0_t10000000
17.0,900.0,900.0,900.0,2586984.0,2586984.0,2586984.0,79164.0,79164.0,79164.0,0.0,0.0,engine,1,1,0,10000000,sync_on,engine_p1_w1_i0_t10000000
17.01,810.0,810.0,810.0,2574260.0,2574260.0,2574260.0,72015.0,72015.0,72015.0,0.0,0.0,engine,1,1,0,10000000,sync_on,engine_p1_w1_i0_t10000000
17.02,0.0,0.0,0.0,2592816.0,2592816.0,2592816.0,69459.0,69459.0,69459.0,0.0,0.0,engine,1,1,0,10000000,sync_on,engine_p1_w1_i0_t10000000
17.07,663.3663366336633,663.3663366336633,663.3663366336633,2584764.0,2584764.0,2584764.0,78181.0,78181.0,78181.0,0.0,0.0,engine,1,1,0,10000000,sync_on,engine_p1_w1_i0_t10000000
17.09,1059.4059405940593,1059.4059405940593,1059.4059405940593,2608972.0,2608972.0,2608972.0,85843.0,85843.0,85843.0,0.0,0.0,engine,1,1,0,10000000,sync_on,engine_p1_w1_i0_t10000000
17.1,1089.108910891089,1089.108910891089,1089.108910891089,2587892.0,2587892.0,2587892.0,81396.0,81396.0,81396.0,0.0,0.0,engine,1,1,0,10000000,sync_on,engine_p1_w1_i0_t10000000
17.11,415.8415841584158,415.8415841584158,415.8415841584158,2575420.0,2575420.0,2575420.0,72922.0,72922.0,72922.0,0.0,0.0,engine,1,1,0,10000000,sync_on,engine_p1_w1_i0_t10000000
17.13,0.0,0.0,0.0,2592816.0,2592816.0,2592816.0,69459.0,69459.0,69459.0,0.0,0.0,engine,1,1,0,10000000,sync_on,engine_p1_w1_i0_t10000000
17.17,790.0,790.0,790.0,2585744.0,2585744.0,2585744.0,79492.0,79492.0,79492.0,0.0,0.0,engine,1,1,0,10000000,sync_on,engine_p1_w1_i0_t10000000
17.19,870.0,870.0,870.0,2609176.0,2609176.0,2609176.0,87420.0,87420.0,87420.0,0.0,0.0,engine,1,1,0,10000000,sync_on,engine_p1_w1_i0_t10000000
17.2,920.0,920.0,920.0,2588800.0,2588800.0,2588800.0,83134.0,83134.0,83134.0,0.0,0.0,engine,1,1,0,10000000,sync_on,engine_p1_w1_i0_t10000000
17.21,370.0,370.0,370.0,2576400.0,2576400.0,2576400.0,74232.0,74232.0,74232.0,0.0,0.0,engine,1,1,0,10000000,sync_on,engine_p1_w1_i0_t10000000
17.23,0.0,0.0,0.0,2592816.0,2592816.0,2592816.0,69459.0,69459.0,69459.0,0.0,0.0,engine,1,1,0,10000000,sync_on,engine_p1_w1_i0_t10000000
17.27,960.3960396039604,960.3960396039604,960.3960396039604,2586776.0,2586776.0,2586776.0,81428.0,81428.0,81428.0,0.0,0.0,engine,1,1,0,10000000,sync_on,engine_p1_w1_i0_t10000000
17.29,683.1683168316831,683.1683168316831,683.1683168316831,2609652.0,2609652.0,2609652.0,88530.0,88530.0,88530.0,0.0,0.0,engine,1,1,0,10000000,sync_on,engine_p1_w1_i0_t10000000
17.3,900.0,900.0,900.0,2589652.0,2589652.0,2589652.0,84168.0,84168.0,84168.0,0.0,0.0,engine,1,1,0,10000000,sync_on,engine_p1_w1_i0_t10000000
17.31,702.9702970297029,702.9702970297029,702.9702970297029,2578276.0,2578276.0,2578276.0,76463.0,76463.0,76463.0,0.0,0.0,engine,1,1,0,10000000,sync_on,engine_p1_w1_i0_t10000000
17.33,0.0,0.0,0.0,2592816.0,2592816.0,2592816.0,69459.0,69459.0,69459.0,0.0,0.0,engine,1,1,0,10000000,sync_on,engine_p1_w1_i0_t10000000
17.37,1010.0,1010.0,1010.0,2588256.0,2588256.0,2588256.0,83463.0,83463.0,83463.0,0.0,0.0,engine,1,1,0,10000000,sync_on,engine_p1_w1_i0_t10000000
17.39,920.0,920.0,920.0,2587776.0,2587776.0,2587776.0,67306.0,67306.0,67306.0,0.0,0.0,engine,1,1,0,10000000,sync_on,engine_p1_w1_i0_t10000000
17.4,920.7920792079208,920.7920792079208,920.7920792079208,2590492.0,2590492.0,2590492.0,85890.0,85890.0,85890.0,0.0,0.0,engine,1,1,0,10000000,sync_on,engine_p1_w1_i0_t10000000
17.41,470.0,470.0,470.0,2579376.0,2579376.0,2579376.0,77644.0,77644.0,77644.0,0.0,0.0,engine,1,1,0,10000000,sync_on,engine_p1_w1_i0_t10000000
17.43,290.0,290.0,290.0,2593528.0,2593528.0,2593528.0,70997.0,70997.0,70997.0,0.0,0.0,engine,1,1,0,10000000,sync_on,engine_p1_w1_i0_t10000000
17.47,881.1881188118812,881.1881188118812,881.1881188118812,2589548.0,2589548.0,2589548.0,84517.0,84517.0,84517.0,0.0,0.0,engine,1,1,0,10000000,sync_on,engine_p1_w1_i0_t10000000
17.49,1184.4660194174758,1184.4660194174758,1184.4660194174758,2587800.0,2587800.0,2587800.0,66410.0,66410.0,66410.0,0.0,0.0,engine,1,1,0,10000000,sync_on,engine_p1_w1_i0_t10000000
17.5,1190.0,1190.0,1190.0,2592224.0,2592224.0,2592224.0,88129.0,88129.0,88129.0,0.0,0.0,engine,1,1,0,10000000,sync_on,engine_p1_w1_i0_t10000000
17.52,346.53465346534654,346.53465346534654,346.53465346534654,2580480.0,2580480.0,2580480.0,78748.0,78748.0,78748.0,0.0,0.0,engine,1,1,0,10000000,sync_on,engine_p1_w1_i0_t10000000
17.53,138.6138613861386,138.6138613861386,138.6138613861386,2593848.0,2593848.0,2593848.0,71664.0,71664.0,71664.0,0.0,0.0,engine,1,1,0,10000000,sync_on,engine_p1_w1_i0_t10000000
17.57,710.0,710.0,710.0,2590528.0,2590528.0,2590528.0,85906.0,85906.0,85906.0,0.0,0.0,engine,1,1,0,10000000,sync_on,engine_p1_w1_i0_t10000000
17.59,1230.0,1230.0,1230.0,2588904.0,2588904.0,2588904.0,66470.0,66470.0,66470.0,0.0,0.0,engine,1,1,0,10000000,sync_on,engine_p1_w1_i0_t10000000
17.6,683.1683168316831,683.1683168316831,683.1683168316831,2592616.0,2592616.0,2592616.0,89194.0,89194.0,89194.0,0.0,0.0,engine,1,1,0,10000000,sync_on,engine_p1_w1_i0_t10000000
17.61,720.0,720.0,720.0,2582016.0,2582016.0,2582016.0,80910.0,80910.0,80910.0,0.0,0.0,engine,1,1,0,10000000,sync_on,engine_p1_w1_i0_t10000000
17.63,0.0,0.0,0.0,2593848.0,2593848.0,2593848.0,71664.0,71664.0,71664.0,0.0,0.0,engine,1,1,0,10000000,sync_on,engine_p1_w1_i0_t10000000
17.67,1217.8217821782177,1217.8217821782177,1217.8217821782177,2591956.0,2591956.0,2591956.0,87910.0,87910.0,87910.0,0.0,0.0,engine,1,1,0,10000000,sync_on,engine_p1_w1_i0_t10000000
17.69,1306.930693069307,1306.930693069307,1306.930693069307,2589928.0,2589928.0,2589928.0,66534.0,66534.0,66534.0,0.0,0.0,engine,1,1,0,10000000,sync_on,engine_p1_w1_i0_t10000000
17.7,540.0,540.0,540.0,2593344.0,2593344.0,2593344.0,90410.0,90410.0,90410.0,0.0,0.0,engine,1,1,0,10000000,sync_on,engine_p1_w1_i0_t10000000
17.72,831.6831683168316,831.6831683168316,831.6831683168316,2583816.0,2583816.0,2583816.0,82434.0,82434.0,82434.0,0.0,0.0,engine,1,1,0,10000000,sync_on,engine_p1_w1_i0_t10000000
17.73,0.0,0.0,0.0,2593848.0,2593848.0,2593848.0,71664.0,71664.0,71664.0,0.0,0.0,engine,1,1,0,10000000,sync_on,engine_p1_w1_i0_t10000000
17.77,630.0,630.0,630.0,2592676.0,2592676.0,2592676.0,88739.0,88739.0,88739.0,0.0,0.0,engine,1,1,0,10000000,sync_on,engine_p1_w1_i0_t10000000
17.79,1330.0,1330.0,1330.0,2591080.0,2591080.0,2591080.0,66599.0,66599.0,66599.0,0.0,0.0,engine,1,1,0,10000000,sync_on,engine_p1_w1_i0_t10000000
17.8,1300.0,1300.0,1300.0,2571976.0,2571976.0,2571976.0,68555.0,68555.0,68555.0,0.0,0.0,engine,1,1,0,10000000,sync_on,engine_p1_w1_i0_t10000000
17.82,530.0,530.0,530.0,2584976.0,2584976.0,2584976.0,83488.0,83488.0,83488.0,0.0,0.0,engine,1,1,0,10000000,sync_on,engine_p1_w1_i0_t10000000
17.83,0.0,0.0,0.0,2593848.0,2593848.0,2593848.0,71664.0,71664.0,71664.0,0.0,0.0,engine,1,1,0,10000000,sync_on,engine_p1_w1_i0_t10000000
17.87,950.4950495049504,950.4950495049504,950.4950495049504,2572776.0,2572776.0,2572776.0,68523.0,68523.0,68523.0,0.0,0.0,engine,1,1,0,10000000,sync_on,engine_p1_w1_i0_t10000000
17.89,1425.7425742574258,1425.7425742574258,1425.7425742574258,2592360.0,2592360.0,2592360.0,66661.0,66661.0,66661.0,0.0,0.0,engine,1,1,0,10000000,sync_on,engine_p1_w1_i0_t10000000
17.9,1059.4059405940593,1059.4059405940593,1059.4059405940593,2573532.0,2573532.0,2573532.0,68610.0,68610.0,68610.0,0.0,0.0,engine,1,1,0,10000000,sync_on,engine_p1_w1_i0_t10000000
17.92,712.8712871287129,712.8712871287129,712.8712871287129,2586352.0,2586352.0,2586352.0,85366.0,85366.0,85366.0,0.0,0.0,engine,1,1,0,10000000,sync_on,engine_p1_w1_i0_t10000000
17.93,0.0,0.0,0.0,2593848.0,2593848.0,2593848.0,71664.0,71664.0,71664.0,0.0,0.0,engine,1,1,0,10000000,sync_on,engine_p1_w1_i0_t10000000
17.97,1170.0,1170.0,1170.0,2574464.0,2574464.0,2574464.0,68581.0,68581.0,68581.0,0.0,0.0,engine,1,1,0,10000000,sync_on,engine_p1_w1_i0_t10000000
18.0,1210.0,1160.0,1260.0,2584292.0,2575200.0,2593384.0,67700.0,66726.0,68674.0,0.0,0.0,engine,1,1,0,10000000,sync_on,engine_p1_w1_i0_t10000000
18.02,550.0,550.0,550.0,2587192.0,2587192.0,2587192.0,86503.0,86503.0,86503.0,0.0,0.0,engine,1,1,0,10000000,sync_on,engine_p1_w1_i0_t10000000
18.03,0.0,0.0,0.0,2593848.0,2593848.0,2593848.0,71664.0,71664.0,71664.0,0.0,0.0,engine,1,1,0,10000000,sync_on,engine_p1_w1_i0_t10000000
18.07,1227.7227722772277,1227.7227722772277,1227.7227722772277,2576324.0,2576324.0,2576324.0,68644.0,68644.0,68644.0,0.0,0.0,engine,1,1,0,10000000,sync_on,engine_p1_w1_i0_t10000000
18.09,790.0,790.0,790.0,2594024.0,2594024.0,2594024.0,68955.0,68955.0,68955.0,0.0,0.0,engine,1,1,0,10000000,sync_on,engine_p1_w1_i0_t10000000
18.1,1100.0,1100.0,1100.0,2576352.0,2576352.0,2576352.0,68740.0,68740.0,68740.0,0.0,0.0,engine,1,1,0,10000000,sync_on,engine_p1_w1_i0_t10000000
18.12,336.63366336633663,336.63366336633663,336.63366336633663,2588088.0,2588088.0,2588088.0,87598.0,87598.0,87598.0,0.0,0.0,engine,1,1,0,10000000,sync_on,engine_p1_w1_i0_t10000000
18.13,0.0,0.0,0.0,2593848.0,2593848.0,2593848.0,71664.0,71664.0,71664.0,0.0,0.0,engine,1,1,0,10000000,sync_on,engine_p1_w1_i0_t10000000
18.17,1170.0,1170.0,1170.0,2577796.0,2577796.0,2577796.0,68707.0,68707.0,68707.0,0.0,0.0,engine,1,1,0,10000000,sync_on,engine_p1_w1_i0_t10000000
18.2,1153.4653465346532,950.4950495049504,1356.4356435643563,2586376.0,2578144.0,2594608.0,69884.5,68805.0,70964.0,0.0,0.0,engine,1,1,0,10000000,sync_on,engine_p1_w1_i0_t10000000
18.22,673.2673267326733,673.2673267326733,673.2673267326733,2589376.0,2589376.0,2589376.0,88987.0,88987.0,88987.0,0.0,0.0,engine,1,1,0,10000000,sync_on,engine_p1_w1_i0_t10000000
18.23,0.0,0.0,0.0,2593848.0,2593848.0,2593848.0,71664.0,71664.0,71664.0,0.0,0.0,engine,1,1,0,10000000,sync_on,engine_p1_w1_i0_t10000000
18.27,1326.7326732673266,1326.7326732673266,1326.7326732673266,2579544.0,2579544.0,2579544.0,68784.0,68784.0,68784.0,0.0,0.0,engine,1,1,0,10000000,sync_on,engine_p1_w1_i0_t10000000
18.3,1010.0,780.0,1240.0,2587538.0,2579500.0,2595576.0,70356.5,68861.0,71852.0,0.0,0.0,engine,1,1,0,10000000,sync_on,engine_p1_w1_i0_t10000000
18.32,470.0,470.0,470.0,2589896.0,2589896.0,2589896.0,89845.0,89845.0,89845.0,0.0,0.0,engine,1,1,0,10000000,sync_on,engine_p1_w1_i0_t10000000
18.33,0.0,0.0,0.0,2593848.0,2593848.0,2593848.0,71664.0,71664.0,71664.0,0.0,0.0,engine,1,1,0,10000000,sync_on,engine_p1_w1_i0_t10000000
18.37,1180.0,1180.0,1180.0,2580672.0,2580672.0,2580672.0,68846.0,68846.0,68846.0,0.0,0.0,engine,1,1,0,10000000,sync_on,engine_p1_w1_i0_t10000000
18.4,995.0,710.0,1280.0,2588546.0,2580760.0,2596332.0,71186.0,68928.0,73444.0,0.0,0.0,engine,1,1,0,10000000,sync_on,engine_p1_w1_i0_t10000000
18.42,653.4653465346535,653.4653465346535,653.4653465346535,2566816.0,2566816.0,2566816.0,67956.0,67956.0,67956.0,0.0,0.0,engine,1,1,0,10000000,sync_on,engine_p1_w1_i0_t10000000
18.43,0.0,0.0,0.0,2593848.0,2593848.0,2593848.0,71664.0,71664.0,71664.0,0.0,0.0,engine,1,1,0,10000000,sync_on,engine_p1_w1_i0_t10000000
18.47,1310.0,1310.0,1310.0,2582360.0,2582360.0,2582360.0,68915.0,68915.0,68915.0,0.0,0.0,engine,1,1,0,10000000,sync_on,engine_p1_w1_i0_t10000000
18.5,1183.1683168316831,1059.4059405940593,1306.930693069307,2589614.0,2581928.0,2597300.0,72344.5,68999.0,75690.0,0.0,0.0,engine,1,1,0,10000000,sync_on,engine_p1_w1_i0_t10000000
18.52,800.0,800.0,800.0,2568288.0,2568288.0,2568288.0,67991.0,67991.0,67991.0,0.0,0.0,engine,1,1,0,10000000,sync_on,engine_p1_w1_i0_t10000000
18.53,148.5148514851485,148.5148514851485,148.5148514851485,2593912.0,2593912.0,2593912.0,71672.0,71672.0,71672.0,0.0,0.0,engine,1,1,0,10000000,sync_on,engine_p1_w1_i0_t10000000
18.57,1247.5247524752474,1247.5247524752474,1247.5247524752474,2584224.0,2584224.0,2584224.0,68975.0,68975.0,68975.0,0.0,0.0,engine,1,1,0,10000000,sync_on,engine_p1_w1_i0_t10000000
18.6,700.0,700.0,700.0,2598012.0,2598012.0,2598012.0,76528.0,76528.0,76528.0,0.0,0.0,engine,1,1,0,10000000,sync_on,engine_p1_w1_i0_t10000000
18.61,1267.3267326732673,1267.3267326732673,1267.3267326732673,2583428.0,2583428.0,2583428.0,69055.0,69055.0,69055.0,0.0,0.0,engine,1,1,0,10000000,sync_on,engine_p1_w1_i0_t10000000
18.62,850.0,850.0,850.0,2569388.0,2569388.0,2569388.0,68031.0,68031.0,68031.0,0.0,0.0,engine,1,1,0,10000000,sync_on,engine_p1_w1_i0_t10000000
18.63,300.0,300.0,300.0,2595136.0,2595136.0,2595136.0,73063.0,73063.0,73063.0,0.0,0.0,engine,1,1,0,10000000,sync_on,engine_p1_w1_i0_t10000000
18.68,1370.0,1370.0,1370.0,2586092.0,2586092.0,2586092.0,69037.0,69037.0,69037.0,0.0,0.0,engine,1,1,0,10000000,sync_on,engine_p1_w1_i0_t10000000
18.7,975.0,720.0,1230.0,2591466.0,2584344.0,2598588.0,73527.0,69118.0,77936.0,0.0,0.0,engine,1,1,0,10000000,sync_on,engine_p1_w1_i0_t10000000
18.72,702.9702970297029,702.9702970297029,702.9702970297029,2570428.0,2570428.0,2570428.0,68063.0,68063.0,68063.0,0.0,0.0,engine,1,1,0,10000000,sync_on,engine_p1_w1_i0_t10000000
18.73,306.9306930693069,306.9306930693069,306.9306930693069,2595520.0,2595520.0,2595520.0,73884.0,73884.0,73884.0,0.0,0.0,engine,1,1,0,10000000,sync_on,engine_p1_w1_i0_t10000000
18.78,1326.7326732673266,1326.7326732673266,1326.7326732673266,2587060.0,2587060.0,2587060.0,69105.0,69105.0,69105.0,0.0,0.0,engine,1,1,0,10000000,sync_on,engine_p1_w1_i0_t10000000
18.8,1239.4554455445545,1108.9108910891089,1370.0,2592630.0,2586024.0,2599236.0,74552.0,69180.0,79924.0,0.0,0.0,engine,1,1,0,10000000,sync_on,engine_p1_w1_i0_t10000000
18.82,831.6831683168316,831.6831683168316,831.6831683168316,2571900.0,2571900.0,2571900.0,68103.0,68103.0,68103.0,0.0,0.0,engine,1,1,0,10000000,sync_on,engine_p1_w1_i0_t10000000
18.84,0.0,0.0,0.0,2595520.0,2595520.0,2595520.0,73884.0,73884.0,73884.0,0.0,0.0,engine,1,1,0,10000000,sync_on,engine_p1_w1_i0_t10000000
18.88,1070.0,1070.0,1070.0,2588492.0,2588492.0,2588492.0,69161.0,69161.0,69161.0,0.0,0.0,engine,1,1,0,10000000,sync_on,engine_p1_w1_i0_t10000000
18.9,790.0,790.0,790.0,2599756.0,2599756.0,2599756.0,80796.0,80796.0,80796.0,0.0,0.0,engine,1,1,0,10000000,sync_on,engine_p1_w1_i0_t10000000
18.91,1198.019801980198,1198.019801980198,1198.019801980198,2587420.0,2587420.0,2587420.0,69237.0,69237.0,69237.0,0.0,0.0,engine,1,1,0,10000000,sync_on,engine_p1_w1_i0_t10000000
18.92,670.0,670.0,670.0,2572380.0,2572380.0,2572380.0,68144.0,68144.0,68144.0,0.0,0.0,engine,1,1,0,10000000,sync_on,engine_p1_w1_i0_t10000000
18.94,0.0,0.0,0.0,2595520.0,2595520.0,2595520.0,73884.0,73884.0,73884.0,0.0,0.0,engine,1,1,0,10000000,sync_on,engine_p1_w1_i0_t10000000
18.98,1326.7326732673266,1326.7326732673266,1326.7326732673266,2589936.0,2589936.0,2589936.0,69216.0,69216.0,69216.0,0.0,0.0,engine,1,1,0,10000000,sync_on,engine_p1_w1_i0_t10000000
19.0,840.0,840.0,840.0,2600332.0,2600332.0,2600332.0,82430.0,82430.0,82430.0,0.0,0.0,engine,1,1,0,10000000,sync_on,engine_p1_w1_i0_t10000000
19.01,1425.7425742574258,1425.7425742574258,1425.7425742574258,2588928.0,2588928.0,2588928.0,69311.0,69311.0,69311.0,0.0,0.0,engine,1,1,0,10000000,sync_on,engine_p1_w1_i0_t10000000
19.02,821.7821782178218,821.7821782178218,821.7821782178218,2573596.0,2573596.0,2573596.0,68185.0,68185.0,68185.0,0.0,0.0,engine,1,1,0,10000000,sync_on,engine_p1_w1_i0_t10000000
19.04,0.0,0.0,0.0,2595520.0,2595520.0,2595520.0,73884.0,73884.0,73884.0,0.0,0.0,engine,1,1,0,10000000,sync_on,engine_p1_w1_i0_t10000000
19.08,1260.0,1260.0,1260.0,2590872.0,2590872.0,2590872.0,69282.0,69282.0,69282.0,0.0,0.0,engine,1,1,0,10000000,sync_on,engine_p1_w1_i0_t10000000
19.1,999.9999999999999,999.9999999999999,999.9999999999999,2601108.0,2601108.0,2601108.0,84098.0,84098.0,84098.0,0.0,0.0,engine,1,1,0,10000000,sync_on,engine_p1_w1_i0_t10000000
19.11,1460.0,1460.0,1460.0,2590300.0,2590300.0,2590300.0,69380.0,69380.0,69380.0,0.0,0.0,engine,1,1,0,10000000,sync_on,engine_p1_w1_i0_t10000000
19.12,810.0,810.0,810.0,2573980.0,2573980.0,2573980.0,68233.0,68233.0,68233.0,0.0,0.0,engine,1,1,0,10000000,sync_on,engine_p1_w1_i0_t10000000
19.14,0.0,0.0,0.0,2595520.0,2595520.0,2595520.0,73884.0,73884.0,73884.0,0.0,0.0,engine,1,1,0,10000000,sync_on,engine_p1_w1_i0_t10000000
19.18,1346.5346534653465,1346.5346534653465,1346.5346534653465,2592052.0,2592052.0,2592052.0,69350.0,69350.0,69350.0,0.0,0.0,engine,1,1,0,10000000,sync_on,engine_p1_w1_i0_t10000000
19.2,690.0,690.0,690.0,2601756.0,2601756.0,2601756.0,85089.0,85089.0,85089.0,0.0,0.0,engine,1,1,0,10000000,sync_on,engine_p1_w1_i0_t10000000
19.21,1320.0,1320.0,1320.0,2591352.0,2591352.0,2591352.0,69441.0,69441.0,69441.0,0.0,0.0,engine,1,1,0,10000000,sync_on,engine_p1_w1_i0_t10000000
19.22,772.2772277227722,772.2772277227722,772.2772277227722,2575076.0,2575076.0,2575076.0,68269.0,68269.0,68269.0,0.0,0.0,engine,1,1,0,10000000,sync_on,engine_p1_w1_i0_t10000000
19.24,0.0,0.0,0.0,2595520.0,2595520.0,2595520.0,73884.0,73884.0,73884.0,0.0,0.0,engine,1,1,0,10000000,sync_on,engine_p1_w1_i0_t10000000
19.28,1190.0,1190.0,1190.0,2593220.0,2593220.0,2593220.0,69403.0,69403.0,69403.0,0.0,0.0,engine,1,1,0,10000000,sync_on,engine_p1_w1_i0_t10000000
19.3,1120.0,1120.0,1120.0,2602092.0,2602092.0,2602092.0,86936.0,86936.0,86936.0,0.0,0.0,engine,1,1,0,10000000,sync_on,engine_p1_w1_i0_t10000000
19.31,1350.0,1350.0,1350.0,2592148.0,2592148.0,2592148.0,69514.0,69514.0,69514.0,0.0,0.0,engine,1,1,0,10000000,sync_on,engine_p1_w1_i0_t10000000
19.32,850.0,850.0,850.0,2576436.0,2576436.0,2576436.0,68317.0,68317.0,68317.0,0.0,0.0,engine,1,1,0,10000000,sync_on,engine_p1_w1_i0_t10000000
19.34,0.0,0.0,0.0,2595520.0,2595520.0,2595520.0,73884.0,73884.0,73884.0,0.0,0.0,engine,1,1,0,10000000,sync_on,engine_p1_w1_i0_t10000000
19.38,1227.7227722772277,1227.7227722772277,1227.7227722772277,2594196.0,2594196.0,2594196.0,69463.0,69463.0,69463.0,0.0,0.0,engine,1,1,0,10000000,sync_on,engine_p1_w1_i0_t10000000
19.4,980.1980198019801,980.1980198019801,980.1980198019801,2602484.0,2602484.0,2602484.0,88388.0,88388.0,88388.0,0.0,0.0,engine,1,1,0,10000000,sync_on,engine_p1_w1_i0_t10000000
19.41,1217.8217821782177,1217.8217821782177,1217.8217821782177,2593268.0,2593268.0,2593268.0,69581.0,69581.0,69581.0,0.0,0.0,engine,1,1,0,10000000,sync_on,engine_p1_w1_i0_t10000000
19.43,663.3663366336633,663.3663366336633,663.3663366336633,2577012.0,2577012.0,2577012.0,68351.0,68351.0,68351.0,0.0,0.0,engine,1,1,0,10000000,sync_on,engine_p1_w1_i0_t10000000
19.44,0.0,0.0,0.0,2595520.0,2595520.0,2595520.0,73884.0,73884.0,73884.0,0.0,0.0,engine,1,1,0,10000000,sync_on,engine_p1_w1_i0_t10000000
19.48,1340.0,1340.0,1340.0,2595064.0,2595064.0,2595064.0,69536.0,69536.0,69536.0,0.0,0.0,engine,1,1,0,10000000,sync_on,engine_p1_w1_i0_t10000000
19.5,660.0,660.0,660.0,2603120.0,2603120.0,2603120.0,89515.0,89515.0,89515.0,0.0,0.0,engine,1,1,0,10000000,sync_on,engine_p1_w1_i0_t10000000
19.51,1110.0,1110.0,1110.0,2593932.0,2593932.0,2593932.0,69635.0,69635.0,69635.0,0.0,0.0,engine,1,1,0,10000000,sync_on,engine_p1_w1_i0_t10000000
19.52,670.0,670.0,670.0,2577716.0,2577716.0,2577716.0,68387.0,68387.0,68387.0,0.0,0.0,engine,1,1,0,10000000,sync_on,engine_p1_w1_i0_t10000000
19.54,0.0,0.0,0.0,2595520.0,2595520.0,2595520.0,73884.0,73884.0,73884.0,0.0,0.0,engine,1,1,0,10000000,sync_on,engine_p1_w1_i0_t10000000
19.58,1376.2376237623762,1376.2376237623762,1376.2376237623762,2595976.0,2595976.0,2595976.0,69606.0,69606.0,69606.0,0.0,0.0,engine,1,1,0,10000000,sync_on,engine_p1_w1_i0_t10000000
19.6,980.1980198019801,980.1980198019801,980.1980198019801,2581144.0,2581144.0,2581144.0,68528.0,68528.0,68528.0,0.0,0.0,engine,1,1,0,10000000,sync_on,engine_p1_w1_i0_t10000000
19.61,1237.6237623762374,1237.6237623762374,1237.6237623762374,2595016.0,2595016.0,2595016.0,69691.0,69691.0,69691.0,0.0,0.0,engine,1,1,0,10000000,sync_on,engine_p1_w1_i0_t10000000
19.63,722.7722772277227,722.7722772277227,722.7722772277227,2578740.0,2578740.0,2578740.0,68424.0,68424.0,68424.0,0.0,0.0,engine,1,1,0,10000000,sync_on,engine_p1_w1_i0_t10000000
19.64,0.0,0.0,0.0,2595520.0,2595520.0,2595520.0,73884.0,73884.0,73884.0,0.0,0.0,engine,1,1,0,10000000,sync_on,engine_p1_w1_i0_t10000000
19.68,1350.0,1350.0,1350.0,2596900.0,2596900.0,2596900.0,69670.0,69670.0,69670.0,0.0,0.0,engine,1,1,0,10000000,sync_on,engine_p1_w1_i0_t10000000
19.7,780.0,780.0,780.0,2582500.0,2582500.0,2582500.0,69925.0,69925.0,69925.0,0.0,0.0,engine,1,1,0,10000000,sync_on,engine_p1_w1_i0_t10000000
19.71,1160.0,1160.0,1160.0,2595748.0,2595748.0,2595748.0,69750.0,69750.0,69750.0,0.0,0.0,engine,1,1,0,10000000,sync_on,engine_p1_w1_i0_t10000000
19.73,700.0,700.0,700.0,2579524.0,2579524.0,2579524.0,68453.0,68453.0,68453.0,0.0,0.0,engine,1,1,0,10000000,sync_on,engine_p1_w1_i0_t10000000
19.74,0.0,0.0,0.0,2595520.0,2595520.0,2595520.0,73884.0,73884.0,73884.0,0.0,0.0,engine,1,1,0,10000000,sync_on,engine_p1_w1_i0_t10000000
19.78,1250.0,1250.0,1250.0,2597708.0,2597708.0,2597708.0,69728.0,69728.0,69728.0,0.0,0.0,engine,1,1,0,10000000,sync_on,engine_p1_w1_i0_t10000000
19.8,732.6732673267326,732.6732673267326,732.6732673267326,2583268.0,2583268.0,2583268.0,71801.0,71801.0,71801.0,0.0,0.0,engine,1,1,0,10000000,sync_on,engine_p1_w1_i0_t10000000
19.81,1336.6336633663366,1336.6336633663366,1336.6336633663366,2596836.0,2596836.0,2596836.0,69816.0,69816.0,69816.0,0.0,0.0,engine,1,1,0,10000000,sync_on,engine_p1_w1_i0_t10000000
19.83,750.0,750.0,750.0,2580164.0,2580164.0,2580164.0,68495.0,68495.0,68495.0,0.0,0.0,engine,1,1,0,10000000,sync_on,engine_p1_w1_i0_t10000000
19.84,475.2475247524752,475.2475247524752,475.2475247524752,2597368.0,2597368.0,2597368.0,75642.0,75642.0,75642.0,0.0,0.0,engine,1,1,0,10000000,sync_on,engine_p1_w1_i0_t10000000
19.88,1297.029702970297,1297.029702970297,1297.029702970297,2598456.0,2598456.0,2598456.0,69792.0,69792.0,69792.0,0.0,0.0,engine,1,1,0,10000000,sync_on,engine_p1_w1_i0_t10000000
19.9,1120.0,1120.0,1120.0,2584888.0,2584888.0,2584888.0,74033.0,74033.0,74033.0,0.0,0.0,engine,1,1,0,10000000,sync_on,engine_p1_w1_i0_t10000000
19.91,1230.0,1230.0,1230.0,2597944.0,2597944.0,2597944.0,69872.0,69872.0,69872.0,0.0,0.0,engine,1,1,0,10000000,sync_on,engine_p1_w1_i0_t10000000
19.93,722.7722772277227,722.7722772277227,722.7722772277227,2580936.0,2580936.0,2580936.0,68532.0,68532.0,68532.0,0.0,0.0,engine,1,1,0,10000000,sync_on,engine_p1_w1_i0_t10000000
19.94,257.4257425742574,257.4257425742574,257.4257425742574,2598252.0,2598252.0,2598252.0,76102.0,76102.0,76102.0,0.0,0.0,engine,1,1,0,10000000,sync_on,engine_p1_w1_i0_t10000000
19.98,1350.0,1350.0,1350.0,2599248.0,2599248.0,2599248.0,69853.0,69853.0,69853.0,0.0,0.0,engine,1,1,0,10000000,sync_on,engine_p1_w1_i0_t10000000
20.0,980.1980198019801,980.1980198019801,980.1980198019801,2586176.0,2586176.0,2586176.0,76124.0,76124.0,76124.0,0.0,0.0,engine,1,1,0,10000000,sync_on,engine_p1_w1_i0_t10000000
20.01,1386.1386138613861,1386.1386138613861,1386.1386138613861,2599004.0,2599004.0,2599004.0,66209.0,66209.0,66209.0,0.0,0.0,engine,1,1,0,10000000,sync_on,engine_p1_w1_i0_t10000000
20.03,650.0,650.0,650.0,2581576.0,2581576.0,2581576.0,68568.0,68568.0,68568.0,0.0,0.0,engine,1,1,0,10000000,sync_on,engine_p1_w1_i0_t10000000
20.04,0.0,0.0,0.0,2598252.0,2598252.0,2598252.0,76102.0,76102.0,76102.0,0.0,0.0,engine,1,1,0,10000000,sync_on,engine_p1_w1_i0_t10000000
20.08,1277.227722772277,1277.227722772277,1277.227722772277,2600276.0,2600276.0,2600276.0,66188.0,66188.0,66188.0,0.0,0.0,engine,1,1,0,10000000,sync_on,engine_p1_w1_i0_t10000000
20.1,660.0,660.0,660.0,2586632.0,2586632.0,2586632.0,77056.0,77056.0,77056.0,0.0,0.0,engine,1,1,0,10000000,sync_on,engine_p1_w1_i0_t10000000
20.11,1250.0,1250.0,1250.0,2599324.0,2599324.0,2599324.0,66283.0,66283.0,66283.0,0.0,0.0,engine,1,1,0,10000000,sync_on,engine_p1_w1_i0_t10000000
20.13,772.2772277227722,772.2772277227722,772.2772277227722,2582220.0,2582220.0,2582220.0,68616.0,68616.0,68616.0,0.0,0.0,engine,1,1,0,10000000,sync_on,engine_p1_w1_i0_t10000000
20.14,0.0,0.0,0.0,2598252.0,2598252.0,2598252.0,76102.0,76102.0,76102.0,0.0,0.0,engine,1,1,0,10000000,sync_on,engine_p1_w1_i0_t10000000
20.18,1220.0,1220.0,1220.0,2600724.0,2600724.0,2600724.0,66254.0,66254.0,66254.0,0.0,0.0,engine,1,1,0,10000000,sync_on,engine_p1_w1_i0_t10000000
20.2,762.3762376237623,762.3762376237623,762.3762376237623,2587792.0,2587792.0,2587792.0,78518.0,78518.0,78518.0,0.0,0.0,engine,1,1,0,10000000,sync_on,engine_p1_w1_i0_t10000000
20.21,1140.0,1140.0,1140.0,2599692.0,2599692.0,2599692.0,66555.0,66555.0,66555.0,0.0,0.0,engine,1,1,0,10000000,sync_on,engine_p1_w1_i0_t10000000
20.23,870.0,870.0,870.0,2583080.0,2583080.0,2583080.0,68660.0,68660.0,68660.0,0.0,0.0,engine,1,1,0,10000000,sync_on,engine_p1_w1_i0_t10000000
20.24,0.0,0.0,0.0,2598252.0,2598252.0,2598252.0,76102.0,76102.0,76102.0,0.0,0.0,engine,1,1,0,10000000,sync_on,engine_p1_w1_i0_t10000000
20.28,1280.0,1280.0,1280.0,2601552.0,2601552.0,2601552.0,66671.0,66671.0,66671.0,0.0,0.0,engine,1,1,0,10000000,sync_on,engine_p1_w1_i0_t10000000
20.3,1170.0,1170.0,1170.0,2589096.0,2589096.0,2589096.0,80767.0,80767.0,80767.0,0.0,0.0,engine,1,1,0,10000000,sync_on,engine_p1_w1_i0_t10000000
20.31,1138.6138613861385,1138.6138613861385,1138.6138613861385,2599932.0,2599932.0,2599932.0,66345.0,66345.0,66345.0,0.0,0.0,engine,1,1,0,10000000,sync_on,engine_p1_w1_i0_t10000000
20.33,801.980198019802,801.980198019802,801.980198019802,2584172.0,2584172.0,2584172.0,68693.0,68693.0,68693.0,0.0,0.0,engine,1,1,0,10000000,sync_on,engine_p1_w1_i0_t10000000
20.34,0.0,0.0,0.0,2598252.0,2598252.0,2598252.0,76102.0,76102.0,76102.0,0.0,0.0,engine,1,1,0,10000000,sync_on,engine_p1_w1_i0_t10000000
20.38,1247.5247524752474,1247.5247524752474,1247.5247524752474,2601892.0,2601892.0,2601892.0,66326.0,66326.0,66326.0,0.0,0.0,engine,1,1,0,10000000,sync_on,engine_p1_w1_i0_t10000000
20.4,850.0,850.0,850.0,2589936.0,2589936.0,2589936.0,81892.0,81892.0,81892.0,0.0,0.0,engine,1,1,0,10000000,sync_on,engine_p1_w1_i0_t10000000
20.41,1207.9207920792078,1207.9207920792078,1207.9207920792078,2600240.0,2600240.0,2600240.0,66414.0,66414.0,66414.0,0.0,0.0,engine,1,1,0,10000000,sync_on,engine_p1_w1_i0_t10000000
20.43,680.0,680.0,680.0,2584492.0,2584492.0,2584492.0,68730.0,68730.0,68730.0,0.0,0.0,engine,1,1,0,10000000,sync_on,engine_p1_w1_i0_t10000000
20.45,0.0,0.0,0.0,2598252.0,2598252.0,2598252.0,76102.0,76102.0,76102.0,0.0,0.0,engine,1,1,0,10000000,sync_on,engine_p1_w1_i0_t10000000
20.48,1100.0,1100.0,1100.0,2602596.0,2602596.0,2602596.0,66381.0,66381.0,66381.0,0.0,0.0,engine,1,1,0,10000000,sync_on,engine_p1_w1_i0_t10000000
20.51,1044.6601941747572,689.3203883495146,1400.0,2595860.0,2590776.0,2600944.0,74829.5,66477.0,83182.0,0.0,0.0,engine,1,1,0,10000000,sync_on,engine_p1_w1_i0_t10000000
20.53,702.9702970297029,702.9702970297029,702.9702970297029,2585132.0,2585132.0,2585132.0,68767.0,68767.0,68767.0,0.0,0.0,engine,1,1,0,10000000,sync_on,engine_p1_w1_i0_t10000000
20.55,0.0,0.0,0.0,2598252.0,2598252.0,2598252.0,76102.0,76102.0,76102.0,0.0,0.0,engine,1,1,0,10000000,sync_on,engine_p1_w1_i0_t10000000
20.58,1297.029702970297,1297.029702970297,1297.029702970297,2603044.0,2603044.0,2603044.0,66448.0,66448.0,66448.0,0.0,0.0,engine,1,1,0,10000000,sync_on,engine_p1_w1_i0_t10000000
20.61,1165.19801980198,960.3960396039604,1370.0,2596598.0,2591548.0,2601648.0,75899.5,66547.0,85252.0,0.0,0.0,engine,1,1,0,10000000,sync_on,engine_p1_w1_i0_t10000000
20.63,730.0,730.0,730.0,2585584.0,2585584.0,2585584.0,68811.0,68811.0,68811.0,0.0,0.0,engine,1,1,0,10000000,sync_on,engine_p1_w1_i0_t10000000
20.65,0.0,0.0,0.0,2598252.0,2598252.0,2598252.0,76102.0,76102.0,76102.0,0.0,0.0,engine,1,1,0,10000000,sync_on,engine_p1_w1_i0_t10000000
20.68,1200.0,1200.0,1200.0,2603428.0,2603428.0,2603428.0,66515.0,66515.0,66515.0,0.0,0.0,engine,1,1,0,10000000,sync_on,engine_p1_w1_i0_t10000000
20.71,1218.0198019801978,1040.0,1396.0396039603959,2597664.0,2593040.0,2602288.0,76964.0,66607.0,87321.0,0.0,0.0,engine,1,1,0,10000000,sync_on,engine_p1_w1_i0_t10000000
20.73,782.1782178217821,782.1782178217821,782.1782178217821,2586360.0,2586360.0,2586360.0,68850.0,68850.0,68850.0,0.0,0.0,engine,1,1,0,10000000,sync_on,engine_p1_w1_i0_t10000000
20.75,0.0,0.0,0.0,2598252.0,2598252.0,2598252.0,76102.0,76102.0,76102.0,0.0,0.0,engine,1,1,0,10000000,sync_on,engine_p1_w1_i0_t10000000
20.78,1320.0,1320.0,1320.0,2603876.0,2603876.0,2603876.0,66587.0,66587.0,66587.0,0.0,0.0,engine,1,1,0,10000000,sync_on,engine_p1_w1_i0_t10000000
20.81,673.2673267326733,673.2673267326733,673.2673267326733,2593820.0,2593820.0,2593820.0,88319.0,88319.0,88319.0,0.0,0.0,engine,1,1,0,10000000,sync_on,engine_p1_w1_i0_t10000000
20.82,1237.6237623762374,1237.6237623762374,1237.6237623762374,2603016.0,2603016.0,2603016.0,68058.0,68058.0,68058.0,0.0,0.0,engine,1,1,0,10000000,sync_on,engine_p1_w1_i0_t10000000
20.83,770.0,770.0,770.0,2586880.0,2586880.0,2586880.0,68894.0,68894.0,68894.0,0.0,0.0,engine,1,1,0,10000000,sync_on,engine_p1_w1_i0_t10000000
20.85,0.0,0.0,0.0,2598252.0,2598252.0,2598252.0,76102.0,76102.0,76102.0,0.0,0.0,engine,1,1,0,10000000,sync_on,engine_p1_w1_i0_t10000000
20.89,1217.8217821782177,1217.8217821782177,1217.8217821782177,2604260.0,2604260.0,2604260.0,66656.0,66656.0,66656.0,0.0,0.0,engine,1,1,0,10000000,sync_on,engine_p1_w1_i0_t10000000
20.91,855.0,690.0,1020.0,2589098.0,2574716.0,2603480.0,69028.5,68499.0,69558.0,0.0,0.0,engine,1,1,0,10000000,sync_on,engine_p1_w1_i0_t10000000
20.93,772.2772277227722,772.2772277227722,772.2772277227722,2587716.0,2587716.0,2587716.0,68938.0,68938.0,68938.0,0.0,0.0,engine,1,1,0,10000000,sync_on,engine_p1_w1_i0_t10000000
20.95,0.0,0.0,0.0,2598252.0,2598252.0,2598252.0,76102.0,76102.0,76102.0,0.0,0.0,engine,1,1,0,10000000,sync_on,engine_p1_w1_i0_t10000000
20.98,1250.0,1250.0,1250.0,2604740.0,2604740.0,2604740.0,67422.0,67422.0,67422.0,0.0,0.0,engine,1,1,0,10000000,sync_on,engine_p1_w1_i0_t10000000
21.01,760.0,760.0,760.0,2575932.0,2575932.0,2575932.0,70078.0,70078.0,70078.0,0.0,0.0,engine,1,1,0,10000000,sync_on,engine_p1_w1_i0_t10000000
21.02,580.0,580.0,580.0,2603864.0,2603864.0,2603864.0,71108.0,71108.0,71108.0,0.0,0.0,engine,1,1,0,10000000,sync_on,engine_p1_w1_i0_t10000000
21.03,710.0,710.0,710.0,2588264.0,2588264.0,2588264.0,68979.0,68979.0,68979.0,0.0,0.0,engine,1,1,0,10000000,sync_on,engine_p1_w1_i0_t10000000
21.05,336.63366336633663,336.63366336633663,336.63366336633663,2599948.0,2599948.0,2599948.0,77744.0,77744.0,77744.0,0.0,0.0,engine,1,1,0,10000000,sync_on,engine_p1_w1_i0_t10000000
21.09,920.0,920.0,920.0,2605444.0,2605444.0,2605444.0,68939.0,68939.0,68939.0,0.0,0.0,engine,1,1,0,10000000,sync_on,engine_p1_w1_i0_t10000000
21.11,1089.108910891089,1089.108910891089,1089.108910891089,2577604.0,2577604.0,2577604.0,72329.0,72329.0,72329.0,0.0,0.0,engine,1,1,0,10000000,sync_on,engine_p1_w1_i0_t10000000
21.12,980.1980198019801,980.1980198019801,980.1980198019801,2604576.0,2604576.0,2604576.0,73339.0,73339.0,73339.0,0.0,0.0,engine,1,1,0,10000000,sync_on,engine_p1_w1_i0_t10000000
21.13,782.1782178217821,782.1782178217821,782.1782178217821,2588932.0,2588932.0,2588932.0,69024.0,69024.0,69024.0,0.0,0.0,engine,1,1,0,10000000,sync_on,engine_p1_w1_i0_t10000000
21.15,306.9306930693069,306.9306930693069,306.9306930693069,2600508.0,2600508.0,2600508.0,78324.0,78324.0,78324.0,0.0,0.0,engine,1,1,0,10000000,sync_on,engine_p1_w1_i0_t10000000
21.19,1257.4257425742574,1257.4257425742574,1257.4257425742574,2606352.0,2606352.0,2606352.0,70842.0,70842.0,70842.0,0.0,0.0,engine,1,1,0,10000000,sync_on,engine_p1_w1_i0_t10000000
21.21,1210.0,1210.0,1210.0,2579916.0,2579916.0,2579916.0,74407.0,74407.0,74407.0,0.0,0.0,engine,1,1,0,10000000,sync_on,engine_p1_w1_i0_t10000000
21.23,780.0,780.0,780.0,2589588.0,2589588.0,2589588.0,69066.0,69066.0,69066.0,0.0,0.0,engine,1,1,0,10000000,sync_on,engine_p1_w1_i0_t10000000
21.24,904.7619047619047,904.7619047619047,904.7619047619047,2605096.0,2605096.0,2605096.0,75582.0,75582.0,75582.0,0.0,0.0,engine,1,1,0,10000000,sync_on,engine_p1_w1_i0_t10000000
21.25,30.0,30.0,30.0,2600508.0,2600508.0,2600508.0,78324.0,78324.0,78324.0,0.0,0.0,engine,1,1,0,10000000,sync_on,engine_p1_w1_i0_t10000000
21.29,732.6732673267326,732.6732673267326,732.6732673267326,2606808.0,2606808.0,2606808.0,71775.0,71775.0,71775.0,0.0,0.0,engine,1,1,0,10000000,sync_on,engine_p1_w1_i0_t10000000
21.31,633.6633663366337,633.6633663366337,633.6633663366337,2580884.0,2580884.0,2580884.0,75467.0,75467.0,75467.0,0.0,0.0,engine,1,1,0,10000000,sync_on,engine_p1_w1_i0_t10000000
21.33,742.5742574257425,742.5742574257425,742.5742574257425,2589976.0,2589976.0,2589976.0,69108.0,69108.0,69108.0,0.0,0.0,engine,1,1,0,10000000,sync_on,engine_p1_w1_i0_t10000000
21.34,683.1683168316831,683.1683168316831,683.1683168316831,2605552.0,2605552.0,2605552.0,76889.0,76889.0,76889.0,0.0,0.0,engine,1,1,0,10000000,sync_on,engine_p1_w1_i0_t10000000
21.35,0.0,0.0,0.0,2600508.0,2600508.0,2600508.0,78324.0,78324.0,78324.0,0.0,0.0,engine,1,1,0,10000000,sync_on,engine_p1_w1_i0_t10000000
21.39,750.0,750.0,750.0,2607000.0,2607000.0,2607000.0,73439.0,73439.0,73439.0,0.0,0.0,engine,1,1,0,10000000,sync_on,engine_p1_w1_i0_t10000000
21.41,660.0,660.0,660.0,2581976.0,2581976.0,2581976.0,76847.0,76847.0,76847.0,0.0,0.0,engine,1,1,0,10000000,sync_on,engine_p1_w1_i0_t10000000
21.43,850.0,850.0,850.0,2590816.0,2590816.0,2590816.0,69149.0,69149.0,69149.0,0.0,0.0,engine,1,1,0,10000000,sync_on,engine_p1_w1_i0_t10000000
21.44,860.0,860.0,860.0,2605892.0,2605892.0,2605892.0,78303.0,78303.0,78303.0,0.0,0.0,engine,1,1,0,10000000,sync_on,engine_p1_w1_i0_t10000000
21.45,0.0,0.0,0.0,2600508.0,2600508.0,2600508.0,78324.0,78324.0,78324.0,0.0,0.0,engine,1,1,0,10000000,sync_on,engine_p1_w1_i0_t10000000
21.49,1130.0,1130.0,1130.0,2607520.0,2607520.0,2607520.0,75395.0,75395.0,75395.0,0.0,0.0,engine,1,1,0,10000000,sync_on,engine_p1_w1_i0_t10000000
21.51,1170.0,1170.0,1170.0,2584224.0,2584224.0,2584224.0,79079.0,79079.0,79079.0,0.0,0.0,engine,1,1,0,10000000,sync_on,engine_p1_w1_i0_t10000000
21.54,871.2871287128712,772.2772277227722,970.2970297029702,2598806.0,2591336.0,2606276.0,74631.0,69191.0,80071.0,0.0,0.0,engine,1,1,0,10000000,sync_on,engine_p1_w1_i0_t10000000
21.55,0.0,0.0,0.0,2600508.0,2600508.0,2600508.0,78324.0,78324.0,78324.0,0.0,0.0,engine,1,1,0,10000000,sync_on,engine_p1_w1_i0_t10000000
21.59,673.2673267326733,673.2673267326733,673.2673267326733,2608040.0,2608040.0,2608040.0,76465.0,76465.0,76465.0,0.0,0.0,engine,1,1,0,10000000,sync_on,engine_p1_w1_i0_t10000000
21.61,930.6930693069306,930.6930693069306,930.6930693069306,2585464.0,2585464.0,2585464.0,81316.0,81316.0,81316.0,0.0,0.0,engine,1,1,0,10000000,sync_on,engine_p1_w1_i0_t10000000
21.64,900.0,720.0,1080.0,2599330.0,2591864.0,2606796.0,75767.5,69228.0,82307.0,0.0,0.0,engine,1,1,0,10000000,sync_on,engine_p1_w1_i0_t10000000
21.65,0.0,0.0,0.0,2600508.0,2600508.0,2600508.0,78324.0,78324.0,78324.0,0.0,0.0,engine,1,1,0,10000000,sync_on,engine_p1_w1_i0_t10000000
21.69,770.0,770.0,770.0,2608424.0,2608424.0,2608424.0,77941.0,77941.0,77941.0,0.0,0.0,engine,1,1,0,10000000,sync_on,engine_p1_w1_i0_t10000000
21.71,600.0,600.0,600.0,2586432.0,2586432.0,2586432.0,82497.0,82497.0,82497.0,0.0,0.0,engine,1,1,0,10000000,sync_on,engine_p1_w1_i0_t10000000
21.74,820.9405940594058,811.8811881188118,830.0,2599820.0,2592260.0,2607380.0,76414.0,69267.0,83561.0,0.0,0.0,engine,1,1,0,10000000,sync_on,engine_p1_w1_i0_t10000000
21.75,0.0,0.0,0.0,2600508.0,2600508.0,2600508.0,78324.0,78324.0,78324.0,0.0,0.0,engine,1,1,0,10000000,sync_on,engine_p1_w1_i0_t10000000
21.79,1220.0,1220.0,1220.0,2609204.0,2609204.0,2609204.0,80052.0,80052.0,80052.0,0.0,0.0,engine,1,1,0,10000000,sync_on,engine_p1_w1_i0_t10000000
21.81,782.1782178217821,782.1782178217821,782.1782178217821,2587916.0,2587916.0,2587916.0,83853.0,83853.0,83853.0,0.0,0.0,engine,1,1,0,10000000,sync_on,engine_p1_w1_i0_t10000000
21.84,766.6336633663366,673.2673267326733,860.0,2600532.0,2593292.0,2607772.0,76987.0,69302.0,84672.0,0.0,0.0,engine,1,1,0,10000000,sync_on,engine_p1_w1_i0_t10000000
21.85,0.0,0.0,0.0,2600508.0,2600508.0,2600508.0,78324.0,78324.0,78324.0,0.0,0.0,engine,1,1,0,10000000,sync_on,engine_p1_w1_i0_t10000000
21.89,594.059405940594,594.059405940594,594.059405940594,2609404.0,2609404.0,2609404.0,81076.0,81076.0,81076.0,0.0,0.0,engine,1,1,0,10000000,sync_on,engine_p1_w1_i0_t10000000
21.91,930.0,930.0,930.0,2588876.0,2588876.0,2588876.0,85802.0,85802.0,85802.0,0.0,0.0,engine,1,1,0,10000000,sync_on,engine_p1_w1_i0_t10000000
21.94,950.0,950.0,950.0,2593964.0,2593964.0,2593964.0,69342.0,69342.0,69342.0,0.0,0.0,engine,1,1,0,10000000,sync_on,engine_p1_w1_i0_t10000000
21.95,555.0,0.0,1110.0,2604364.0,2600508.0,2608220.0,82565.0,78324.0,86806.0,0.0,0.0,engine,1,1,0,10000000,sync_on,engine_p1_w1_i0_t10000000
21.99,690.0,690.0,690.0,2609580.0,2609580.0,2609580.0,82445.0,82445.0,82445.0,0.0,0.0,engine,1,1,0,10000000,sync_on,engine_p1_w1_i0_t10000000
22.01,1059.4059405940593,1059.4059405940593,1059.4059405940593,2590356.0,2590356.0,2590356.0,88043.0,88043.0,88043.0,0.0,0.0,engine,1,1,0,10000000,sync_on,engine_p1_w1_i0_t10000000
22.04,940.5940594059406,940.5940594059406,940.5940594059406,2594892.0,2594892.0,2594892.0,69384.0,69384.0,69384.0,0.0,0.0,engine,1,1,0,10000000,sync_on,engine_p1_w1_i0_t10000000
22.05,549.5049504950495,0.0,1099.009900990099,2604560.0,2600508.0,2608612.0,83348.5,78324.0,88373.0,0.0,0.0,engine,1,1,0,10000000,sync_on,engine_p1_w1_i0_t10000000
22.09,1217.8217821782177,1217.8217821782177,1217.8217821782177,2610164.0,2610164.0,2610164.0,84679.0,84679.0,84679.0,0.0,0.0,engine,1,1,0,10000000,sync_on,engine_p1_w1_i0_t10000000
22.11,772.2772277227722,772.2772277227722,772.2772277227722,2591452.0,2591452.0,2591452.0,89237.0,89237.0,89237.0,0.0,0.0,engine,1,1,0,10000000,sync_on,engine_p1_w1_i0_t10000000
22.14,850.0,850.0,850.0,2595492.0,2595492.0,2595492.0,69422.0,69422.0,69422.0,0.0,0.0,engine,1,1,0,10000000,sync_on,engine_p1_w1_i0_t10000000
22.15,410.0,0.0,820.0,2594298.0,2588088.0,2600508.0,73172.0,68020.0,78324.0,0.0,0.0,engine,1,1,0,10000000,sync_on,engine_p1_w1_i0_t10000000
22.19,900.0,900.0,900.0,2610620.0,2610620.0,2610620.0,85725.0,85725.0,85725.0,0.0,0.0,engine,1,1,0,10000000,sync_on,engine_p1_w1_i0_t10000000
22.21,610.0,610.0,610.0,2592296.0,2592296.0,2592296.0,90307.0,90307.0,90307.0,0.0,0.0,engine,1,1,0,10000000,sync_on,engine_p1_w1_i0_t10000000
22.24,810.0,810.0,810.0,2596092.0,2596092.0,2596092.0,69466.0,69466.0,69466.0,0.0,0.0,engine,1,1,0,10000000,sync_on,engine_p1_w1_i0_t10000000
22.25,554.4554455445543,376.2376237623762,732.6732673267326,2595138.0,2589376.0,2600900.0,74252.0,69432.0,79072.0,0.0,0.0,engine,1,1,0,10000000,sync_on,engine_p1_w1_i0_t10000000
22.29,660.0,660.0,660.0,2610940.0,2610940.0,2610940.0,86938.0,86938.0,86938.0,0.0,0.0,engine,1,1,0,10000000,sync_on,engine_p1_w1_i0_t10000000
22.32,1138.6138613861385,1138.6138613861385,1138.6138613861385,2571636.0,2571636.0,2571636.0,68455.0,68455.0,68455.0,0.0,0.0,engine,1,1,0,10000000,sync_on,engine_p1_w1_i0_t10000000
22.34,643.5643564356435,643.5643564356435,643.5643564356435,2596160.0,2596160.0,2596160.0,69503.0,69503.0,69503.0,0.0,0.0,engine,1,1,0,10000000,sync_on,engine_p1_w1_i0_t10000000
22.35,980.0,980.0,980.0,2590656.0,2590656.0,2590656.0,71632.0,71632.0,71632.0,0.0,0.0,engine,1,1,0,10000000,sync_on,engine_p1_w1_i0_t10000000
22.36,19.801980198019802,19.801980198019802,19.801980198019802,2600900.0,2600900.0,2600900.0,79072.0,79072.0,79072.0,0.0,0.0,engine,1,1,0,10000000,sync_on,engine_p1_w1_i0_t10000000
22.39,1049.5049504950493,1049.5049504950493,1049.5049504950493,2611460.0,2611460.0,2611460.0,88816.0,88816.0,88816.0,0.0,0.0,engine,1,1,0,10000000,sync_on,engine_p1_w1_i0_t10000000
22.42,1190.0,1190.0,1190.0,2573368.0,2573368.0,2573368.0,68525.0,68525.0,68525.0,0.0,0.0,engine,1,1,0,10000000,sync_on,engine_p1_w1_i0_t10000000
22.44,633.6633663366337,633.6633663366337,633.6633663366337,2596500.0,2596500.0,2596500.0,69545.0,69545.0,69545.0,0.0,0.0,engine,1,1,0,10000000,sync_on,engine_p1_w1_i0_t10000000
22.45,1079.2079207920792,1079.2079207920792,1079.2079207920792,2592264.0,2592264.0,2592264.0,73872.0,73872.0,73872.0,0.0,0.0,engine,1,1,0,10000000,sync_on,engine_p1_w1_i0_t10000000
22.46,0.0,0.0,0.0,2600900.0,2600900.0,2600900.0,79072.0,79072.0,79072.0,0.0,0.0,engine,1,1,0,10000000,sync_on,engine_p1_w1_i0_t10000000
22.49,1277.227722772277,1277.227722772277,1277.227722772277,2590936.0,2590936.0,2590936.0,68569.0,68569.0,68569.0,0.0,0.0,engine,1,1,0,10000000,sync_on,engine_p1_w1_i0_t10000000
22.52,1240.0,1240.0,1240.0,2574984.0,2574984.0,2574984.0,68595.0,68595.0,68595.0,0.0,0.0,engine,1,1,0,10000000,sync_on,engine_p1_w1_i0_t10000000
22.54,900.0,900.0,900.0,2596856.0,2596856.0,2596856.0,69579.0,69579.0,69579.0,0.0,0.0,engine,1,1,0,10000000,sync_on,engine_p1_w1_i0_t10000000
22.56,0.0,0.0,0.0,2600900.0,2600900.0,2600900.0,79072.0,79072.0,79072.0,0.0,0.0,engine,1,1,0,10000000,sync_on,engine_p1_w1_i0_t10000000
22.59,760.0,760.0,760.0,2591776.0,2591776.0,2591776.0,69749.0,69749.0,69749.0,0.0,0.0,engine,1,1,0,10000000,sync_on,engine_p1_w1_i0_t10000000
22.6,824.3243243243244,824.3243243243244,824.3243243243244,2593360.0,2593360.0,2593360.0,76120.0,76120.0,76120.0,0.0,0.0,engine,1,1,0,10000000,sync_on,engine_p1_w1_i0_t10000000
22.62,1237.6237623762374,1237.6237623762374,1237.6237623762374,2577236.0,2577236.0,2577236.0,68654.0,68654.0,68654.0,0.0,0.0,engine,1,1,0,10000000,sync_on,engine_p1_w1_i0_t10000000
22.64,772.2772277227722,772.2772277227722,772.2772277227722,2597252.0,2597252.0,2597252.0,69627.0,69627.0,69627.0,0.0,0.0,engine,1,1,0,10000000,sync_on,engine_p1_w1_i0_t10000000
22.66,200.0,200.0,200.0,2601048.0,2601048.0,2601048.0,79085.0,79085.0,79085.0,0.0,0.0,engine,1,1,0,10000000,sync_on,engine_p1_w1_i0_t10000000
22.69,930.6930693069306,930.6930693069306,930.6930693069306,2593056.0,2593056.0,2593056.0,71813.0,71813.0,71813.0,0.0,0.0,engine,1,1,0,10000000,sync_on,engine_p1_w1_i0_t10000000
22.7,830.0,830.0,830.0,2594584.0,2594584.0,2594584.0,77215.0,77215.0,77215.0,0.0,0.0,engine,1,1,0,10000000,sync_on,engine_p1_w1_i0_t10000000
22.72,1118.8118811881188,1118.8118811881188,1118.8118811881188,2578460.0,2578460.0,2578460.0,68722.0,68722.0,68722.0,0.0,0.0,engine,1,1,0,10000000,sync_on,engine_p1_w1_i0_t10000000
22.74,840.0,840.0,840.0,2597732.0,2597732.0,2597732.0,69670.0,69670.0,69670.0,0.0,0.0,engine,1,1,0,10000000,sync_on,engine_p1_w1_i0_t10000000
22.76,396.039603960396,396.039603960396,396.039603960396,2591804.0,2591804.0,2591804.0,69362.0,69362.0,69362.0,0.0,0.0,engine,1,1,0,10000000,sync_on,engine_p1_w1_i0_t10000000
22.79,1090.0,1090.0,1090.0,2593960.0,2593960.0,2593960.0,73553.0,73553.0,73553.0,0.0,0.0,engine,1,1,0,10000000,sync_on,engine_p1_w1_i0_t10000000
22.8,470.0,470.0,470.0,2595096.0,2595096.0,2595096.0,78363.0,78363.0,78363.0,0.0,0.0,engine,1,1,0,10000000,sync_on,engine_p1_w1_i0_t10000000
22.82,1150.0,1150.0,1150.0,2579632.0,2579632.0,2579632.0,68779.0,68779.0,68779.0,0.0,0.0,engine,1,1,0,10000000,sync_on,engine_p1_w1_i0_t10000000
22.84,772.2772277227722,772.2772277227722,772.2772277227722,2597960.0,2597960.0,2597960.0,69712.0,69712.0,69712.0,0.0,0.0,engine,1,1,0,10000000,sync_on,engine_p1_w1_i0_t10000000
22.86,130.0,130.0,130.0,2592060.0,2592060.0,2592060.0,69633.0,69633.0,69633.0,0.0,0.0,engine,1,1,0,10000000,sync_on,engine_p1_w1_i0_t10000000
22.89,880.0,880.0,880.0,2594992.0,2594992.0,2594992.0,74703.0,74703.0,74703.0,0.0,0.0,engine,1,1,0,10000000,sync_on,engine_p1_w1_i0_t10000000
22.9,0.0,0.0,0.0,2595096.0,2595096.0,2595096.0,78363.0,78363.0,78363.0,0.0,0.0,engine,1,1,0,10000000,sync_on,engine_p1_w1_i0_t10000000
22.92,1200.0,1200.0,1200.0,2581044.0,2581044.0,2581044.0,68839.0,68839.0,68839.0,0.0,0.0,engine,1,1,0,10000000,sync_on,engine_p1_w1_i0_t10000000
22.94,840.0,840.0,840.0,2598396.0,2598396.0,2598396.0,69747.0,69747.0,69747.0,0.0,0.0,engine,1,1,0,10000000,sync_on,engine_p1_w1_i0_t10000000
22.96,0.0,0.0,0.0,2592060.0,2592060.0,2592060.0,69633.0,69633.0,69633.0,0.0,0.0,engine,1,1,0,10000000,sync_on,engine_p1_w1_i0_t10000000
22.99,732.6732673267326,732.6732673267326,732.6732673267326,2595760.0,2595760.0,2595760.0,76318.0,76318.0,76318.0,0.0,0.0,engine,1,1,0,10000000,sync_on,engine_p1_w1_i0_t10000000
23.0,0.0,0.0,0.0,2595096.0,2595096.0,2595096.0,78363.0,78363.0,78363.0,0.0,0.0,engine,1,1,0,10000000,sync_on,engine_p1_w1_i0_t10000000
23.02,1257.4257425742574,1257.4257425742574,1257.4257425742574,2582712.0,2582712.0,2582712.0,68901.0,68901.0,68901.0,0.0,0.0,engine,1,1,0,10000000,sync_on,engine_p1_w1_i0_t10000000
23.04,742.5742574257425,742.5742574257425,742.5742574257425,2598796.0,2598796.0,2598796.0,69788.0,69788.0,69788.0,0.0,0.0,engine,1,1,0,10000000,sync_on,engine_p1_w1_i0_t10000000
23.06,0.0,0.0,0.0,2592060.0,2592060.0,2592060.0,69633.0,69633.0,69633.0,0.0,0.0,engine,1,1,0,10000000,sync_on,engine_p1_w1_i0_t10000000
23.09,1178.2178217821781,1178.2178217821781,1178.2178217821781,2596984.0,2596984.0,2596984.0,78573.0,78573.0,78573.0,0.0,0.0,engine,1,1,0,10000000,sync_on,engine_p1_w1_i0_t10000000
23.1,0.0,0.0,0.0,2595096.0,2595096.0,2595096.0,78363.0,78363.0,78363.0,0.0,0.0,engine,1,1,0,10000000,sync_on,engine_p1_w1_i0_t10000000
23.12,1346.5346534653465,1346.5346534653465,1346.5346534653465,2584648.0,2584648.0,2584648.0,68964.0,68964.0,68964.0,0.0,0.0,engine,1,1,0,10000000,sync_on,engine_p1_w1_i0_t10000000
23.14,680.0,680.0,680.0,2599028.0,2599028.0,2599028.0,69828.0,69828.0,69828.0,0.0,0.0,engine,1,1,0,10000000,sync_on,engine_p1_w1_i0_t10000000
23.16,0.0,0.0,0.0,2592060.0,2592060.0,2592060.0,69633.0,69633.0,69633.0,0.0,0.0,engine,1,1,0,10000000,sync_on,engine_p1_w1_i0_t10000000
23.2,605.0,290.0,920.0,2596528.0,2595552.0,2597504.0,79774.5,79731.0,79818.0,0.0,0.0,engine,1,1,0,10000000,sync_on,engine_p1_w1_i0_t10000000
23.22,1390.0,1390.0,1390.0,2586520.0,2586520.0,2586520.0,69040.0,69040.0,69040.0,0.0,0.0,engine,1,1,0,10000000,sync_on,engine_p1_w1_i0_t10000000
23.24,770.0,770.0,770.0,2599240.0,2599240.0,2599240.0,69984.0,69984.0,69984.0,0.0,0.0,engine,1,1,0,10000000,sync_on,engine_p1_w1_i0_t10000000
23.26,0.0,0.0,0.0,2592060.0,2592060.0,2592060.0,69633.0,69633.0,69633.0,0.0,0.0,engine,1,1,0,10000000,sync_on,engine_p1_w1_i0_t10000000
23.3,454.25742574257424,148.5148514851485,760.0,2597044.0,2595872.0,2598216.0,80764.0,80577.0,80951.0,0.0,0.0,engine,1,1,0,10000000,sync_on,engine_p1_w1_i0_t10000000
23.32,1340.0,1340.0,1340.0,2587876.0,2587876.0,2587876.0,69103.0,69103.0,69103.0,0.0,0.0,engine,1,1,0,10000000,sync_on,engine_p1_w1_i0_t10000000
23.34,712.8712871287129,712.8712871287129,712.8712871287129,2599980.0,2599980.0,2599980.0,66186.0,66186.0,66186.0,0.0,0.0,engine,1,1,0,10000000,sync_on,engine_p1_w1_i0_t10000000
23.36,0.0,0.0,0.0,2592060.0,2592060.0,2592060.0,69633.0,69633.0,69633.0,0.0,0.0,engine,1,1,0,10000000,sync_on,engine_p1_w1_i0_t10000000
23.4,480.1980198019802,0.0,960.3960396039604,2597524.0,2595872.0,2599176.0,81814.0,80577.0,83051.0,0.0,0.0,engine,1,1,0,10000000,sync_on,engine_p1_w1_i0_t10000000
23.42,1415.8415841584158,1415.8415841584158,1415.8415841584158,2588968.0,2588968.0,2588968.0,69172.0,69172.0,69172.0,0.0,0.0,engine,1,1,0,10000000,sync_on,engine_p1_w1_i0_t10000000
23.44,790.0,790.0,790.0,2600172.0,2600172.0,2600172.0,66227.0,66227.0,66227.0,0.0,0.0,engine,1,1,0,10000000,sync_on,engine_p1_w1_i0_t10000000
23.46,0.0,0.0,0.0,2592060.0,2592060.0,2592060.0,69633.0,69633.0,69633.0,0.0,0.0,engine,1,1,0,10000000,sync_on,engine_p1_w1_i0_t10000000
23.5,460.0,0.0,920.0,2597862.0,2595872.0,2599852.0,82587.0,80577.0,84597.0,0.0,0.0,engine,1,1,0,10000000,sync_on,engine_p1_w1_i0_t10000000
23.52,1140.0,1140.0,1140.0,2590004.0,2590004.0,2590004.0,69230.0,69230.0,69230.0,0.0,0.0,engine,1,1,0,10000000,sync_on,engine_p1_w1_i0_t10000000
23.54,801.980198019802,801.980198019802,801.980198019802,2600748.0,2600748.0,2600748.0,66261.0,66261.0,66261.0,0.0,0.0,engine,1,1,0,10000000,sync_on,engine_p1_w1_i0_t10000000
23.56,0.0,0.0,0.0,2592060.0,2592060.0,2592060.0,69633.0,69633.0,69633.0,0.0,0.0,engine,1,1,0,10000000,sync_on,engine_p1_w1_i0_t10000000
23.6,292.07920792079204,0.0,584.1584158415841,2598026.0,2595872.0,2600180.0,83234.5,80577.0,85892.0,0.0,0.0,engine,1,1,0,10000000,sync_on,engine_p1_w1_i0_t10000000
23.62,1178.2178217821781,1178.2178217821781,1178.2178217821781,2591116.0,2591116.0,2591116.0,69292.0,69292.0,69292.0,0.0,0.0,engine,1,1,0,10000000,sync_on,engine_p1_w1_i0_t10000000
23.64,760.0,760.0,760.0,2601068.0,2601068.0,2601068.0,66372.0,66372.0,66372.0,0.0,0.0,engine,1,1,0,10000000,sync_on,engine_p1_w1_i0_t10000000
23.66,0.0,0.0,0.0,2592060.0,2592060.0,2592060.0,69633.0,69633.0,69633.0,0.0,0.0,engine,1,1,0,10000000,sync_on,engine_p1_w1_i0_t10000000
23.7,396.039603960396,0.0,792.079207920792,2598186.0,2595872.0,2600500.0,84055.5,80577.0,87534.0,0.0,0.0,engine,1,1,0,10000000,sync_on,engine_p1_w1_i0_t10000000
23.72,1330.0,1330.0,1330.0,2592048.0,2592048.0,2592048.0,69361.0,69361.0,69361.0,0.0,0.0,engine,1,1,0,10000000,sync_on,engine_p1_w1_i0_t10000000
23.75,633.6633663366337,633.6633663366337,633.6633663366337,2601076.0,2601076.0,2601076.0,66281.0,66281.0,66281.0,0.0,0.0,engine,1,1,0,10000000,sync_on,engine_p1_w1_i0_t10000000
23.76,0.0,0.0,0.0,2592060.0,2592060.0,2592060.0,69633.0,69633.0,69633.0,0.0,0.0,engine,1,1,0,10000000,sync_on,engine_p1_w1_i0_t10000000
23.8,589.1089108910891,0.0,1178.2178217821781,2598446.0,2595872.0,2601020.0,85112.5,80577.0,89648.0,0.0,0.0,engine,1,1,0,10000000,sync_on,engine_p1_w1_i0_t10000000
23.82,1210.0,1210.0,1210.0,2592796.0,2592796.0,2592796.0,69423.0,69423.0,69423.0,0.0,0.0,engine,1,1,0,10000000,sync_on,engine_p1_w1_i0_t10000000
23.85,851.4851485148514,851.4851485148514,851.4851485148514,2601648.0,2601648.0,2601648.0,66322.0,66322.0,66322.0,0.0,0.0,engine,1,1,0,10000000,sync_on,engine_p1_w1_i0_t10000000
23.86,0.0,0.0,0.0,2592060.0,2592060.0,2592060.0,69633.0,69633.0,69633.0,0.0,0.0,engine,1,1,0,10000000,sync_on,engine_p1_w1_i0_t10000000
23.9,345.0,0.0,690.0,2587878.0,2579884.0,2595872.0,74339.0,68101.0,80577.0,0.0,0.0,engine,1,1,0,10000000,sync_on,engine_p1_w1_i0_t10000000
23.92,1207.9207920792078,1207.9207920792078,1207.9207920792078,2593756.0,2593756.0,2593756.0,69493.0,69493.0,69493.0,0.0,0.0,engine,1,1,0,10000000,sync_on,engine_p1_w1_i0_t10000000
23.95,850.0,850.0,850.0,2601904.0,2601904.0,2601904.0,66369.0,66369.0,66369.0,0.0,0.0,engine,1,1,0,10000000,sync_on,engine_p1_w1_i0_t10000000
23.96,570.0,570.0,570.0,2593988.0,2593988.0,2593988.0,71846.0,71846.0,71846.0,0.0,0.0,engine,1,1,0,10000000,sync_on,engine_p1_w1_i0_t10000000
24.0,390.0,0.0,780.0,2588550.0,2581228.0,2595872.0,75362.5,70148.0,80577.0,0.0,0.0,engine,1,1,0,10000000,sync_on,engine_p1_w1_i0_t10000000
24.02,1400.0,1400.0,1400.0,2594912.0,2594912.0,2594912.0,69568.0,69568.0,69568.0,0.0,0.0,engine,1,1,0,10000000,sync_on,engine_p1_w1_i0_t10000000
24.05,712.8712871287129,712.8712871287129,712.8712871287129,2602224.0,2602224.0,2602224.0,66406.0,66406.0,66406.0,0.0,0.0,engine,1,1,0,10000000,sync_on,engine_p1_w1_i0_t10000000
24.07,59.4059405940594,59.4059405940594,59.4059405940594,2594116.0,2594116.0,2594116.0,71846.0,71846.0,71846.0,0.0,0.0,engine,1,1,0,10000000,sync_on,engine_p1_w1_i0_t10000000
24.1,623.7623762376237,0.0,1247.5247524752474,2589482.0,2583092.0,2595872.0,76482.5,72388.0,80577.0,0.0,0.0,engine,1,1,0,10000000,sync_on,engine_p1_w1_i0_t10000000
24.12,1336.6336633663366,1336.6336633663366,1336.6336633663366,2595716.0,2595716.0,2595716.0,69633.0,69633.0,69633.0,0.0,0.0,engine,1,1,0,10000000,sync_on,engine_p1_w1_i0_t10000000
24.15,830.0,830.0,830.0,2602288.0,2602288.0,2602288.0,66453.0,66453.0,66453.0,0.0,0.0,engine,1,1,0,10000000,sync_on,engine_p1_w1_i0_t10000000
24.16,0.0,0.0,0.0,2594116.0,2594116.0,2594116.0,71846.0,71846.0,71846.0,0.0,0.0,engine,1,1,0,10000000,sync_on,engine_p1_w1_i0_t10000000
24.2,400.0,0.0,800.0,2589966.0,2584060.0,2595872.0,76990.0,73403.0,80577.0,0.0,0.0,engine,1,1,0,10000000,sync_on,engine_p1_w1_i0_t10000000
24.22,1320.0,1320.0,1320.0,2596644.0,2596644.0,2596644.0,69688.0,69688.0,69688.0,0.0,0.0,engine,1,1,0,10000000,sync_on,engine_p1_w1_i0_t10000000
24.25,722.7722772277227,722.7722772277227,722.7722772277227,2602480.0,2602480.0,2602480.0,66487.0,66487.0,66487.0,0.0,0.0,engine,1,1,0,10000000,sync_on,engine_p1_w1_i0_t10000000
24.27,0.0,0.0,0.0,2594116.0,2594116.0,2594116.0,71846.0,71846.0,71846.0,0.0,0.0,engine,1,1,0,10000000,sync_on,engine_p1_w1_i0_t10000000
24.3,376.23762376237624,138.6138613861386,613.8613861386139,2590350.0,2584700.0,2596000.0,77617.5,74648.0,80587.0,0.0,0.0,engine,1,1,0,10000000,sync_on,engine_p1_w1_i0_t10000000
24.32,1257.4257425742574,1257.4257425742574,1257.4257425742574,2597680.0,2597680.0,2597680.0,69754.0,69754.0,69754.0,0.0,0.0,engine,1,1,0,10000000,sync_on,engine_p1_w1_i0_t10000000
24.35,920.0,920.0,920.0,2602928.0,2602928.0,2602928.0,66524.0,66524.0,66524.0,0.0,0.0,engine,1,1,0,10000000,sync_on,engine_p1_w1_i0_t10000000
24.37,0.0,0.0,0.0,2594116.0,2594116.0,2594116.0,71846.0,71846.0,71846.0,0.0,0.0,engine,1,1,0,10000000,sync_on,engine_p1_w1_i0_t10000000
24.4,1300.0,1300.0,1300.0,2586180.0,2586180.0,2586180.0,76890.0,76890.0,76890.0,0.0,0.0,engine,1,1,0,10000000,sync_on,engine_p1_w1_i0_t10000000
24.41,480.0,480.0,480.0,2596648.0,2596648.0,2596648.0,82336.0,82336.0,82336.0,0.0,0.0,engine,1,1,0,10000000,sync_on,engine_p1_w1_i0_t10000000
24.43,1280.0,1280.0,1280.0,2598540.0,2598540.0,2598540.0,69822.0,69822.0,69822.0,0.0,0.0,engine,1,1,0,10000000,sync_on,engine_p1_w1_i0_t10000000
24.45,710.0,710.0,710.0,2602928.0,2602928.0,2602928.0,66568.0,66568.0,66568.0,0.0,0.0,engine,1,1,0,10000000,sync_on,engine_p1_w1_i0_t10000000
24.47,0.0,0.0,0.0,2594116.0,2594116.0,2594116.0,71846.0,71846.0,71846.0,0.0,0.0,engine,1,1,0,10000000,sync_on,engine_p1_w1_i0_t10000000
24.5,230.0,230.0,230.0,2586380.0,2586380.0,2586380.0,77222.0,77222.0,77222.0,0.0,0.0,engine,1,1,0,10000000,sync_on,engine_p1_w1_i0_t10000000
24.51,138.6138613861386,138.6138613861386,138.6138613861386,2596968.0,2596968.0,2596968.0,82797.0,82797.0,82797.0,0.0,0.0,engine,1,1,0,10000000,sync_on,engine_p1_w1_i0_t10000000
24.53,1346.5346534653465,1346.5346534653465,1346.5346534653465,2599412.0,2599412.0,2599412.0,70150.0,70150.0,70150.0,0.0,0.0,engine,1,1,0,10000000,sync_on,engine_p1_w1_i0_t10000000
24.55,851.4851485148514,851.4851485148514,851.4851485148514,2603316.0,2603316.0,2603316.0,66608.0,66608.0,66608.0,0.0,0.0,engine,1,1,0,10000000,sync_on,engine_p1_w1_i0_t10000000
24.57,0.0,0.0,0.0,2594116.0,2594116.0,2594116.0,71846.0,71846.0,71846.0,0.0,0.0,engine,1,1,0,10000000,sync_on,engine_p1_w1_i0_t10000000
24.6,475.2475247524752,475.2475247524752,475.2475247524752,2586892.0,2586892.0,2586892.0,79110.0,79110.0,79110.0,0.0,0.0,engine,1,1,0,10000000,sync_on,engine_p1_w1_i0_t10000000
24.61,0.0,0.0,0.0,2596968.0,2596968.0,2596968.0,82797.0,82797.0,82797.0,0.0,0.0,engine,1,1,0,10000000,sync_on,engine_p1_w1_i0_t10000000
24.63,1150.0,1150.0,1150.0,2600336.0,2600336.0,2600336.0,66216.0,66216.0,66216.0,0.0,0.0,engine,1,1,0,10000000,sync_on,engine_p1_w1_i0_t10000000
24.65,820.0,820.0,820.0,2603424.0,2603424.0,2603424.0,67159.0,67159.0,67159.0,0.0,0.0,engine,1,1,0,10000000,sync_on,engine_p1_w1_i0_t10000000
24.67,0.0,0.0,0.0,2594116.0,2594116.0,2594116.0,71846.0,71846.0,71846.0,0.0,0.0,engine,1,1,0,10000000,sync_on,engine_p1_w1_i0_t10000000
24.7,475.2475247524752,475.2475247524752,475.2475247524752,2587348.0,2587348.0,2587348.0,80560.0,80560.0,80560.0,0.0,0.0,engine,1,1,0,10000000,sync_on,engine_p1_w1_i0_t10000000
24.71,0.0,0.0,0.0,2596968.0,2596968.0,2596968.0,82797.0,82797.0,82797.0,0.0,0.0,engine,1,1,0,10000000,sync_on,engine_p1_w1_i0_t10000000
24.73,1287.128712871287,1287.128712871287,1287.128712871287,2600912.0,2600912.0,2600912.0,66278.0,66278.0,66278.0,0.0,0.0,engine,1,1,0,10000000,sync_on,engine_p1_w1_i0_t10000000
24.75,623.7623762376237,623.7623762376237,623.7623762376237,2603860.0,2603860.0,2603860.0,68863.0,68863.0,68863.0,0.0,0.0,engine,1,1,0,10000000,sync_on,engine_p1_w1_i0_t10000000
24.77,0.0,0.0,0.0,2594116.0,2594116.0,2594116.0,71846.0,71846.0,71846.0,0.0,0.0,engine,1,1,0,10000000,sync_on,engine_p1_w1_i0_t10000000
24.8,480.0,480.0,480.0,2588124.0,2588124.0,2588124.0,81419.0,81419.0,81419.0,0.0,0.0,engine,1,1,0,10000000,sync_on,engine_p1_w1_i0_t10000000
24.81,0.0,0.0,0.0,2596968.0,2596968.0,2596968.0,82797.0,82797.0,82797.0,0.0,0.0,engine,1,1,0,10000000,sync_on,engine_p1_w1_i0_t10000000
24.83,1060.0,1060.0,1060.0,2601556.0,2601556.0,2601556.0,66699.0,66699.0,66699.0,0.0,0.0,engine,1,1,0,10000000,sync_on,engine_p1_w1_i0_t10000000
24.85,390.0,390.0,390.0,2604252.0,2604252.0,2604252.0,69643.0,69643.0,69643.0,0.0,0.0,engine,1,1,0,10000000,sync_on,engine_p1_w1_i0_t10000000
24.87,0.0,0.0,0.0,2594116.0,2594116.0,2594116.0,71846.0,71846.0,71846.0,0.0,0.0,engine,1,1,0,10000000,sync_on,engine_p1_w1_i0_t10000000
24.9,762.3762376237623,762.3762376237623,762.3762376237623,2588572.0,2588572.0,2588572.0,83569.0,83569.0,83569.0,0.0,0.0,engine,1,1,0,10000000,sync_on,engine_p1_w1_i0_t10000000
24.91,0.0,0.0,0.0,2596968.0,2596968.0,2596968.0,82797.0,82797.0,82797.0,0.0,0.0,engine,1,1,0,10000000,sync_on,engine_p1_w1_i0_t10000000
24.93,1380.0,1380.0,1380.0,2601936.0,2601936.0,2601936.0,66362.0,66362.0,66362.0,0.0,0.0,engine,1,1,0,10000000,sync_on,engine_p1_w1_i0_t10000000
24.95,346.53465346534654,346.53465346534654,346.53465346534654,2604572.0,2604572.0,2604572.0,71096.0,71096.0,71096.0,0.0,0.0,engine,1,1,0,10000000,sync_on,engine_p1_w1_i0_t10000000
24.97,0.0,0.0,0.0,2594116.0,2594116.0,2594116.0,71846.0,71846.0,71846.0,0.0,0.0,engine,1,1,0,10000000,sync_on,engine_p1_w1_i0_t10000000
25.0,470.0,470.0,470.0,2589156.0,2589156.0,2589156.0,85114.0,85114.0,85114.0,0.0,0.0,engine,1,1,0,10000000,sync_on,engine_p1_w1_i0_t10000000
25.01,0.0,0.0,0.0,2596968.0,2596968.0,2596968.0,82797.0,82797.0,82797.0,0.0,0.0,engine,1,1,0,10000000,sync_on,engine_p1_w1_i0_t10000000
25.03,1168.3168316831682,1168.3168316831682,1168.3168316831682,2602320.0,2602320.0,2602320.0,66427.0,66427.0,66427.0,0.0,0.0,engine,1,1,0,10000000,sync_on,engine_p1_w1_i0_t10000000
25.05,830.0,830.0,830.0,2605476.0,2605476.0,2605476.0,72873.0,72873.0,72873.0,0.0,0.0,engine,1,1,0,10000000,sync_on,engine_p1_w1_i0_t10000000
25.07,69.3069306930693,69.3069306930693,69.3069306930693,2594252.0,2594252.0,2594252.0,71861.0,71861.0,71861.0,0.0,0.0,engine,1,1,0,10000000,sync_on,engine_p1_w1_i0_t10000000
25.11,222.77227722772275,0.0,445.5445544554455,2593258.0,2589548.0,2596968.0,84340.0,82797.0,85883.0,0.0,0.0,engine,1,1,0,10000000,sync_on,engine_p1_w1_i0_t10000000
25.13,1316.8316831683167,1316.8316831683167,1316.8316831683167,2602960.0,2602960.0,2602960.0,66491.0,66491.0,66491.0,0.0,0.0,engine,1,1,0,10000000,sync_on,engine_p1_w1_i0_t10000000
25.15,633.6633663366337,633.6633663366337,633.6633663366337,2605868.0,2605868.0,2605868.0,73621.0,73621.0,73621.0,0.0,0.0,engine,1,1,0,10000000,sync_on,engine_p1_w1_i0_t10000000
25.17,360.0,360.0,360.0,2595028.0,2595028.0,2595028.0,71875.0,71875.0,71875.0,0.0,0.0,engine,1,1,0,10000000,sync_on,engine_p1_w1_i0_t10000000
25.2,720.0,720.0,720.0,2590188.0,2590188.0,2590188.0,88020.0,88020.0,88020.0,0.0,0.0,engine,1,1,0,10000000,sync_on,engine_p1_w1_i0_t10000000
25.21,0.0,0.0,0.0,2596968.0,2596968.0,2596968.0,82797.0,82797.0,82797.0,0.0,0.0,engine,1,1,0,10000000,sync_on,engine_p1_w1_i0_t10000000
25.23,1200.0,1200.0,1200.0,2603536.0,2603536.0,2603536.0,66546.0,66546.0,66546.0,0.0,0.0,engine,1,1,0,10000000,sync_on,engine_p1_w1_i0_t10000000
25.25,663.3663366336633,663.3663366336633,663.3663366336633,2606188.0,2606188.0,2606188.0,75553.0,75553.0,75553.0,0.0,0.0,engine,1,1,0,10000000,sync_on,engine_p1_w1_i0_t10000000
25.27,564.3564356435643,564.3564356435643,564.3564356435643,2591176.0,2591176.0,2591176.0,67539.0,67539.0,67539.0,0.0,0.0,engine,1,1,0,10000000,sync_on,engine_p1_w1_i0_t10000000
25.31,178.21782178217822,0.0,356.43564356435644,2593742.0,2590516.0,2596968.0,85995.0,82797.0,89193.0,0.0,0.0,engine,1,1,0,10000000,sync_on,engine_p1_w1_i0_t10000000
25.33,1366.3366336633662,1366.3366336633662,1366.3366336633662,2603920.0,2603920.0,2603920.0,66620.0,66620.0,66620.0,0.0,0.0,engine,1,1,0,10000000,sync_on,engine_p1_w1_i0_t10000000
25.35,390.0,390.0,390.0,2606644.0,2606644.0,2606644.0,77036.0,77036.0,77036.0,0.0,0.0,engine,1,1,0,10000000,sync_on,engine_p1_w1_i0_t10000000
25.37,600.0,600.0,600.0,2591816.0,2591816.0,2591816.0,67565.0,67565.0,67565.0,0.0,0.0,engine,1,1,0,10000000,sync_on,engine_p1_w1_i0_t10000000
25.41,232.67326732673266,0.0,465.3465346534653,2594030.0,2591092.0,2596968.0,86523.0,82797.0,90249.0,0.0,0.0,engine,1,1,0,10000000,sync_on,engine_p1_w1_i0_t10000000
25.43,1260.0,1260.0,1260.0,2604412.0,2604412.0,2604412.0,66817.0,66817.0,66817.0,0.0,0.0,engine,1,1,0,10000000,sync_on,engine_p1_w1_i0_t10000000
25.45,346.53465346534654,346.53465346534654,346.53465346534654,2606884.0,2606884.0,2606884.0,77779.0,77779.0,77779.0,0.0,0.0,engine,1,1,0,10000000,sync_on,engine_p1_w1_i0_t10000000
25.47,574.2574257425742,574.2574257425742,574.2574257425742,2592264.0,2592264.0,2592264.0,67599.0,67599.0,67599.0,0.0,0.0,engine,1,1,0,10000000,sync_on,engine_p1_w1_i0_t10000000
25.51,285.0,0.0,570.0,2583496.0,2570024.0,2596968.0,75590.0,68383.0,82797.0,0.0,0.0,engine,1,1,0,10000000,sync_on,engine_p1_w1_i0_t10000000
25.53,910.0,910.0,910.0,2605116.0,2605116.0,2605116.0,68902.0,68902.0,68902.0,0.0,0.0,engine,1,1,0,10000000,sync_on,engine_p1_w1_i0_t10000000
25.55,790.0,790.0,790.0,2607344.0,2607344.0,2607344.0,79871.0,79871.0,79871.0,0.0,0.0,engine,1,1,0,10000000,sync_on,engine_p1_w1_i0_t10000000
25.57,520.0,520.0,520.0,2592776.0,2592776.0,2592776.0,68352.0,68352.0,68352.0,0.0,0.0,engine,1,1,0,10000000,sync_on,engine_p1_w1_i0_t10000000
25.61,680.8415841584158,530.0,831.6831683168316,2584588.0,2571304.0,2597872.0,76638.0,68426.0,84850.0,0.0,0.0,engine,1,1,0,10000000,sync_on,engine_p1_w1_i0_t10000000
25.63,1029.7029702970297,1029.7029702970297,1029.7029702970297,2605704.0,2605704.0,2605704.0,71143.0,71143.0,71143.0,0.0,0.0,engine,1,1,0,10000000,sync_on,engine_p1_w1_i0_t10000000
25.66,415.8415841584158,415.8415841584158,415.8415841584158,2607760.0,2607760.0,2607760.0,80874.0,80874.0,80874.0,0.0,0.0,engine,1,1,0,10000000,sync_on,engine_p1_w1_i0_t10000000
25.67,376.2376237623762,376.2376237623762,376.2376237623762,2593160.0,2593160.0,2593160.0,69830.0,69830.0,69830.0,0.0,0.0,engine,1,1,0,10000000,sync_on,engine_p1_w1_i0_t10000000
25.71,454.4059405940594,118.8118811881188,790.0,2585228.0,2572264.0,2598192.0,76737.5,68469.0,85006.0,0.0,0.0,engine,1,1,0,10000000,sync_on,engine_p1_w1_i0_t10000000
25.73,780.0,780.0,780.0,2606160.0,2606160.0,2606160.0,72426.0,72426.0,72426.0,0.0,0.0,engine,1,1,0,10000000,sync_on,engine_p1_w1_i0_t10000000
25.76,574.2574257425742,574.2574257425742,574.2574257425742,2607972.0,2607972.0,2607972.0,82219.0,82219.0,82219.0,0.0,0.0,engine,1,1,0,10000000,sync_on,engine_p1_w1_i0_t10000000
25.77,30.0,30.0,30.0,2593288.0,2593288.0,2593288.0,69830.0,69830.0,69830.0,0.0,0.0,engine,1,1,0,10000000,sync_on,engine_p1_w1_i0_t10000000
25.81,465.3465346534653,0.0,930.6930693069306,2585868.0,2573544.0,2598192.0,76761.0,68516.0,85006.0,0.0,0.0,engine,1,1,0,10000000,sync_on,engine_p1_w1_i0_t10000000
25.83,730.0,730.0,730.0,2607004.0,2607004.0,2607004.0,73714.0,73714.0,73714.0,0.0,0.0,engine,1,1,0,10000000,sync_on,engine_p1_w1_i0_t10000000
25.86,800.0,800.0,800.0,2608324.0,2608324.0,2608324.0,84444.0,84444.0,84444.0,0.0,0.0,engine,1,1,0,10000000,sync_on,engine_p1_w1_i0_t10000000
25.88,0.0,0.0,0.0,2593288.0,2593288.0,2593288.0,69830.0,69830.0,69830.0,0.0,0.0,engine,1,1,0,10000000,sync_on,engine_p1_w1_i0_t10000000
25.91,325.0,0.0,650.0,2586380.0,2574568.0,2598192.0,76780.0,68554.0,85006.0,0.0,0.0,engine,1,1,0,10000000,sync_on,engine_p1_w1_i0_t10000000
25.93,940.5940594059406,940.5940594059406,940.5940594059406,2607644.0,2607644.0,2607644.0,75613.0,75613.0,75613.0,0.0,0.0,engine,1,1,0,10000000,sync_on,engine_p1_w1_i0_t10000000
25.96,297.029702970297,297.029702970297,297.029702970297,2608588.0,2608588.0,2608588.0,85132.0,85132.0,85132.0,0.0,0.0,engine,1,1,0,10000000,sync_on,engine_p1_w1_i0_t10000000
25.98,0.0,0.0,0.0,2593288.0,2593288.0,2593288.0,69830.0,69830.0,69830.0,0.0,0.0,engine,1,1,0,10000000,sync_on,engine_p1_w1_i0_t10000000
26.01,683.1683168316831,683.1683168316831,683.1683168316831,2575720.0,2575720.0,2575720.0,68590.0,68590.0,68590.0,0.0,0.0,engine,1,1,0,10000000,sync_on,engine_p1_w1_i0_t10000000
26.02,0.0,0.0,0.0,2598192.0,2598192.0,2598192.0,85006.0,85006.0,85006.0,0.0,0.0,engine,1,1,0,10000000,sync_on,engine_p1_w1_i0_t10000000
26.03,1040.0,1040.0,1040.0,2608164.0,2608164.0,2608164.0,77522.0,77522.0,77522.0,0.0,0.0,engine,1,1,0,10000000,sync_on,engine_p1_w1_i0_t10000000
26.06,380.0,380.0,380.0,2609052.0,2609052.0,2609052.0,86670.0,86670.0,86670.0,0.0,0.0,engine,1,1,0,10000000,sync_on,engine_p1_w1_i0_t10000000
26.08,0.0,0.0,0.0,2593288.0,2593288.0,2593288.0,69830.0,69830.0,69830.0,0.0,0.0,engine,1,1,0,10000000,sync_on,engine_p1_w1_i0_t10000000
26.11,405.0,0.0,810.0,2587564.0,2576936.0,2598192.0,76814.5,68623.0,85006.0,0.0,0.0,engine,1,1,0,10000000,sync_on,engine_p1_w1_i0_t10000000
26.13,782.1782178217821,782.1782178217821,782.1782178217821,2608364.0,2608364.0,2608364.0,78750.0,78750.0,78750.0,0.0,0.0,engine,1,1,0,10000000,sync_on,engine_p1_w1_i0_t10000000
26.16,782.1782178217821,782.1782178217821,782.1782178217821,2609676.0,2609676.0,2609676.0,88531.0,88531.0,88531.0,0.0,0.0,engine,1,1,0,10000000,sync_on,engine_p1_w1_i0_t10000000
26.18,0.0,0.0,0.0,2593288.0,2593288.0,2593288.0,69830.0,69830.0,69830.0,0.0,0.0,engine,1,1,0,10000000,sync_on,engine_p1_w1_i0_t10000000
26.21,762.3762376237623,762.3762376237623,762.3762376237623,2578280.0,2578280.0,2578280.0,68663.0,68663.0,68663.0,0.0,0.0,engine,1,1,0,10000000,sync_on,engine_p1_w1_i0_t10000000
26.22,0.0,0.0,0.0,2598192.0,2598192.0,2598192.0,85006.0,85006.0,85006.0,0.0,0.0,engine,1,1,0,10000000,sync_on,engine_p1_w1_i0_t10000000
26.23,750.0,750.0,750.0,2608556.0,2608556.0,2608556.0,80097.0,80097.0,80097.0,0.0,0.0,engine,1,1,0,10000000,sync_on,engine_p1_w1_i0_t10000000
26.26,350.0,350.0,350.0,2588304.0,2588304.0,2588304.0,71467.0,71467.0,71467.0,0.0,0.0,engine,1,1,0,10000000,sync_on,engine_p1_w1_i0_t10000000
26.28,0.0,0.0,0.0,2593288.0,2593288.0,2593288.0,69830.0,69830.0,69830.0,0.0,0.0,engine,1,1,0,10000000,sync_on,engine_p1_w1_i0_t10000000
26.31,860.0,860.0,860.0,2579688.0,2579688.0,2579688.0,68702.0,68702.0,68702.0,0.0,0.0,engine,1,1,0,10000000,sync_on,engine_p1_w1_i0_t10000000
26.32,0.0,0.0,0.0,2598192.0,2598192.0,2598192.0,85006.0,85006.0,85006.0,0.0,0.0,engine,1,1,0,10000000,sync_on,engine_p1_w1_i0_t10000000
26.33,1326.7326732673266,1326.7326732673266,1326.7326732673266,2608884.0,2608884.0,2608884.0,82349.0,82349.0,82349.0,0.0,0.0,engine,1,1,0,10000000,sync_on,engine_p1_w1_i0_t10000000
26.36,762.3762376237623,762.3762376237623,762.3762376237623,2588688.0,2588688.0,2588688.0,69268.0,69268.0,69268.0,0.0,0.0,engine,1,1,0,10000000,sync_on,engine_p1_w1_i0_t10000000
26.38,0.0,0.0,0.0,2593288.0,2593288.0,2593288.0,69830.0,69830.0,69830.0,0.0,0.0,engine,1,1,0,10000000,sync_on,engine_p1_w1_i0_t10000000
26.41,860.0,860.0,860.0,2580968.0,2580968.0,2580968.0,68750.0,68750.0,68750.0,0.0,0.0,engine,1,1,0,10000000,sync_on,engine_p1_w1_i0_t10000000
26.42,0.0,0.0,0.0,2598192.0,2598192.0,2598192.0,85006.0,85006.0,85006.0,0.0,0.0,engine,1,1,0,10000000,sync_on,engine_p1_w1_i0_t10000000
26.43,710.0,710.0,710.0,2609340.0,2609340.0,2609340.0,83455.0,83455.0,83455.0,0.0,0.0,engine,1,1,0,10000000,sync_on,engine_p1_w1_i0_t10000000
26.46,330.0,330.0,330.0,2589208.0,2589208.0,2589208.0,69780.0,69780.0,69780.0,0.0,0.0,engine,1,1,0,10000000,sync_on,engine_p1_w1_i0_t10000000
26.48,0.0,0.0,0.0,2593288.0,2593288.0,2593288.0,69830.0,69830.0,69830.0,0.0,0.0,engine,1,1,0,10000000,sync_on,engine_p1_w1_i0_t10000000
26.51,792.079207920792,792.079207920792,792.079207920792,2582312.0,2582312.0,2582312.0,68786.0,68786.0,68786.0,0.0,0.0,engine,1,1,0,10000000,sync_on,engine_p1_w1_i0_t10000000
26.52,0.0,0.0,0.0,2598192.0,2598192.0,2598192.0,85006.0,85006.0,85006.0,0.0,0.0,engine,1,1,0,10000000,sync_on,engine_p1_w1_i0_t10000000
26.54,554.4554455445544,554.4554455445544,554.4554455445544,2609924.0,2609924.0,2609924.0,84743.0,84743.0,84743.0,0.0,0.0,engine,1,1,0,10000000,sync_on,engine_p1_w1_i0_t10000000
26.56,544.5544554455445,544.5544554455445,544.5544554455445,2589528.0,2589528.0,2589528.0,71494.0,71494.0,71494.0,0.0,0.0,engine,1,1,0,10000000,sync_on,engine_p1_w1_i0_t10000000
26.58,0.0,0.0,0.0,2593288.0,2593288.0,2593288.0,69830.0,69830.0,69830.0,0.0,0.0,engine,1,1,0,10000000,sync_on,engine_p1_w1_i0_t10000000
26.61,990.0,990.0,990.0,2583336.0,2583336.0,2583336.0,68840.0,68840.0,68840.0,0.0,0.0,engine,1,1,0,10000000,sync_on,engine_p1_w1_i0_t10000000
26.62,0.0,0.0,0.0,2598192.0,2598192.0,2598192.0,85006.0,85006.0,85006.0,0.0,0.0,engine,1,1,0,10000000,sync_on,engine_p1_w1_i0_t10000000
26.64,1160.0,1160.0,1160.0,2610180.0,2610180.0,2610180.0,86857.0,86857.0,86857.0,0.0,0.0,engine,1,1,0,10000000,sync_on,engine_p1_w1_i0_t10000000
26.66,430.0,430.0,430.0,2590048.0,2590048.0,2590048.0,72693.0,72693.0,72693.0,0.0,0.0,engine,1,1,0,10000000,sync_on,engine_p1_w1_i0_t10000000
26.68,0.0,0.0,0.0,2593288.0,2593288.0,2593288.0,69830.0,69830.0,69830.0,0.0,0.0,engine,1,1,0,10000000,sync_on,engine_p1_w1_i0_t10000000
26.71,782.1782178217821,782.1782178217821,782.1782178217821,2584168.0,2584168.0,2584168.0,68882.0,68882.0,68882.0,0.0,0.0,engine,1,1,0,10000000,sync_on,engine_p1_w1_i0_t10000000
26.72,118.8118811881188,118.8118811881188,118.8118811881188,2598256.0,2598256.0,2598256.0,85015.0,85015.0,85015.0,0.0,0.0,engine,1,1,0,10000000,sync_on,engine_p1_w1_i0_t10000000
26.74,821.7821782178218,821.7821782178218,821.7821782178218,2610696.0,2610696.0,2610696.0,88293.0,88293.0,88293.0,0.0,0.0,engine,1,1,0,10000000,sync_on,engine_p1_w1_i0_t10000000
26.76,366.3366336633663,366.3366336633663,366.3366336633663,2590368.0,2590368.0,2590368.0,73727.0,73727.0,73727.0,0.0,0.0,engine,1,1,0,10000000,sync_on,engine_p1_w1_i0_t10000000
26.78,316.83168316831683,316.83168316831683,316.83168316831683,2593936.0,2593936.0,2593936.0,70858.0,70858.0,70858.0,0.0,0.0,engine,1,1,0,10000000,sync_on,engine_p1_w1_i0_t10000000
26.81,780.0,780.0,780.0,2585192.0,2585192.0,2585192.0,68922.0,68922.0,68922.0,0.0,0.0,engine,1,1,0,10000000,sync_on,engine_p1_w1_i0_t10000000
26.82,356.43564356435644,356.43564356435644,356.43564356435644,2598648.0,2598648.0,2598648.0,86738.0,86738.0,86738.0,0.0,0.0,engine,1,1,0,10000000,sync_on,engine_p1_w1_i0_t10000000
26.84,700.0,700.0,700.0,2589512.0,2589512.0,2589512.0,67722.0,67722.0,67722.0,0.0,0.0,engine,1,1,0,10000000,sync_on,engine_p1_w1_i0_t10000000
26.86,762.3762376237623,762.3762376237623,762.3762376237623,2591336.0,2591336.0,2591336.0,75941.0,75941.0,75941.0,0.0,0.0,engine,1,1,0,10000000,sync_on,engine_p1_w1_i0_t10000000
26.88,410.0,410.0,410.0,2594064.0,2594064.0,2594064.0,72044.0,72044.0,72044.0,0.0,0.0,engine,1,1,0,10000000,sync_on,engine_p1_w1_i0_t10000000
26.91,663.3663366336633,663.3663366336633,663.3663366336633,2585960.0,2585960.0,2585960.0,68950.0,68950.0,68950.0,0.0,0.0,engine,1,1,0,10000000,sync_on,engine_p1_w1_i0_t10000000
26.92,210.0,210.0,210.0,2598840.0,2598840.0,2598840.0,87227.0,87227.0,87227.0,0.0,0.0,engine,1,1,0,10000000,sync_on,engine_p1_w1_i0_t10000000
26.94,700.0,700.0,700.0,2590600.0,2590600.0,2590600.0,69468.0,69468.0,69468.0,0.0,0.0,engine,1,1,0,10000000,sync_on,engine_p1_w1_i0_t10000000
26.96,320.0,320.0,320.0,2591792.0,2591792.0,2591792.0,76626.0,76626.0,76626.0,0.0,0.0,engine,1,1,0,10000000,sync_on,engine_p1_w1_i0_t10000000
26.98,0.0,0.0,0.0,2594064.0,2594064.0,2594064.0,72044.0,72044.0,72044.0,0.0,0.0,engine,1,1,0,10000000,sync_on,engine_p1_w1_i0_t10000000
27.02,376.2376237623762,0.0,752.4752475247524,2592752.0,2586664.0,2598840.0,78109.0,68991.0,87227.0,0.0,0.0,engine,1,1,0,10000000,sync_on,engine_p1_w1_i0_t10000000
27.04,1264.7058823529412,1264.7058823529412,1264.7058823529412,2592336.0,2592336.0,2592336.0,71359.0,71359.0,71359.0,0.0,0.0,engine,1,1,0,10000000,sync_on,engine_p1_w1_i0_t10000000
27.06,396.039603960396,396.039603960396,396.039603960396,2592188.0,2592188.0,2592188.0,78160.0,78160.0,78160.0,0.0,0.0,engine,1,1,0,10000000,sync_on,engine_p1_w1_i0_t10000000
27.08,0.0,0.0,0.0,2594064.0,2594064.0,2594064.0,72044.0,72044.0,72044.0,0.0,0.0,engine,1,1,0,10000000,sync_on,engine_p1_w1_i0_t10000000
27.11,1000.0,1000.0,1000.0,2587432.0,2587432.0,2587432.0,69037.0,69037.0,69037.0,0.0,0.0,engine,1,1,0,10000000,sync_on,engine_p1_w1_i0_t10000000
27.12,0.0,0.0,0.0,2598840.0,2598840.0,2598840.0,87227.0,87227.0,87227.0,0.0,0.0,engine,1,1,0,10000000,sync_on,engine_p1_w1_i0_t10000000
27.14,640.0,640.0,640.0,2593112.0,2593112.0,2593112.0,72324.0,72324.0,72324.0,0.0,0.0,engine,1,1,0,10000000,sync_on,engine_p1_w1_i0_t10000000
27.16,680.0,680.0,680.0,2592964.0,2592964.0,2592964.0,80105.0,80105.0,80105.0,0.0,0.0,engine,1,1,0,10000000,sync_on,engine_p1_w1_i0_t10000000
27.18,0.0,0.0,0.0,2594064.0,2594064.0,2594064.0,72044.0,72044.0,72044.0,0.0,0.0,engine,1,1,0,10000000,sync_on,engine_p1_w1_i0_t10000000
27.21,820.0,820.0,820.0,2588332.0,2588332.0,2588332.0,69078.0,69078.0,69078.0,0.0,0.0,engine,1,1,0,10000000,sync_on,engine_p1_w1_i0_t10000000
27.22,0.0,0.0,0.0,2598840.0,2598840.0,2598840.0,87227.0,87227.0,87227.0,0.0,0.0,engine,1,1,0,10000000,sync_on,engine_p1_w1_i0_t10000000
27.24,1039.6039603960396,1039.6039603960396,1039.6039603960396,2594136.0,2594136.0,2594136.0,73975.0,73975.0,73975.0,0.0,0.0,engine,1,1,0,10000000,sync_on,engine_p1_w1_i0_t10000000
27.26,356.43564356435644,356.43564356435644,356.43564356435644,2593676.0,2593676.0,2593676.0,80719.0,80719.0,80719.0,0.0,0.0,engine,1,1,0,10000000,sync_on,engine_p1_w1_i0_t10000000
27.28,0.0,0.0,0.0,2594064.0,2594064.0,2594064.0,72044.0,72044.0,72044.0,0.0,0.0,engine,1,1,0,10000000,sync_on,engine_p1_w1_i0_t10000000
27.32,396.039603960396,0.0,792.079207920792,2594034.0,2589228.0,2598840.0,78172.0,69117.0,87227.0,0.0,0.0,engine,1,1,0,10000000,sync_on,engine_p1_w1_i0_t10000000
27.34,1110.0,1110.0,1110.0,2595488.0,2595488.0,2595488.0,76072.0,76072.0,76072.0,0.0,0.0,engine,1,1,0,10000000,sync_on,engine_p1_w1_i0_t10000000
27.36,640.0,640.0,640.0,2594316.0,2594316.0,2594316.0,82610.0,82610.0,82610.0,0.0,0.0,engine,1,1,0,10000000,sync_on,engine_p1_w1_i0_t10000000
27.38,0.0,0.0,0.0,2594064.0,2594064.0,2594064.0,72044.0,72044.0,72044.0,0.0,0.0,engine,1,1,0,10000000,sync_on,engine_p1_w1_i0_t10000000
27.42,470.0,0.0,940.0,2594258.0,2589676.0,2598840.0,78195.5,69164.0,87227.0,0.0,0.0,engine,1,1,0,10000000,sync_on,engine_p1_w1_i0_t10000000
27.44,770.0,770.0,770.0,2596072.0,2596072.0,2596072.0,76902.0,76902.0,76902.0,0.0,0.0,engine,1,1,0,10000000,sync_on,engine_p1_w1_i0_t10000000
27.46,673.2673267326733,673.2673267326733,673.2673267326733,2595412.0,2595412.0,2595412.0,84650.0,84650.0,84650.0,0.0,0.0,engine,1,1,0,10000000,sync_on,engine_p1_w1_i0_t10000000
27.48,0.0,0.0,0.0,2594064.0,2594064.0,2594064.0,72044.0,72044.0,72044.0,0.0,0.0,engine,1,1,0,10000000,sync_on,engine_p1_w1_i0_t10000000
27.52,470.2970297029703,0.0,940.5940594059406,2594834.0,2590828.0,2598840.0,78213.5,69200.0,87227.0,0.0,0.0,engine,1,1,0,10000000,sync_on,engine_p1_w1_i0_t10000000
27.54,871.2871287128712,871.2871287128712,871.2871287128712,2596904.0,2596904.0,2596904.0,78496.0,78496.0,78496.0,0.0,0.0,engine,1,1,0,10000000,sync_on,engine_p1_w1_i0_t10000000
27.57,306.9306930693069,306.9306930693069,306.9306930693069,2595868.0,2595868.0,2595868.0,85364.0,85364.0,85364.0,0.0,0.0,engine,1,1,0,10000000,sync_on,engine_p1_w1_i0_t10000000
27.58,0.0,0.0,0.0,2594064.0,2594064.0,2594064.0,72044.0,72044.0,72044.0,0.0,0.0,engine,1,1,0,10000000,sync_on,engine_p1_w1_i0_t10000000
27.62,365.0,0.0,730.0,2595250.0,2591660.0,2598840.0,78233.0,69239.0,87227.0,0.0,0.0,engine,1,1,0,10000000,sync_on,engine_p1_w1_i0_t10000000
27.64,1150.0,1150.0,1150.0,2597936.0,2597936.0,2597936.0,80085.0,80085.0,80085.0,0.0,0.0,engine,1,1,0,10000000,sync_on,engine_p1_w1_i0_t10000000
27.67,580.0,580.0,580.0,2596488.0,2596488.0,2596488.0,87042.0,87042.0,87042.0,0.0,0.0,engine,1,1,0,10000000,sync_on,engine_p1_w1_i0_t10000000
27.68,0.0,0.0,0.0,2594064.0,2594064.0,2594064.0,72044.0,72044.0,72044.0,0.0,0.0,engine,1,1,0,10000000,sync_on,engine_p1_w1_i0_t10000000
27.72,1059.4059405940593,1059.4059405940593,1059.4059405940593,2592492.0,2592492.0,2592492.0,69274.0,69274.0,69274.0,0.0,0.0,engine,1,1,0,10000000,sync_on,engine_p1_w1_i0_t10000000
27.73,0.0,0.0,0.0,2598840.0,2598840.0,2598840.0,87227.0,87227.0,87227.0,0.0,0.0,engine,1,1,0,10000000,sync_on,engine_p1_w1_i0_t10000000
27.74,780.0,780.0,780.0,2598712.0,2598712.0,2598712.0,81214.0,81214.0,81214.0,0.0,0.0,engine,1,1,0,10000000,sync_on,engine_p1_w1_i0_t10000000
27.77,574.2574257425742,574.2574257425742,574.2574257425742,2596944.0,2596944.0,2596944.0,88689.0,88689.0,88689.0,0.0,0.0,engine,1,1,0,10000000,sync_on,engine_p1_w1_i0_t10000000
27.79,0.0,0.0,0.0,2594064.0,2594064.0,2594064.0,72044.0,72044.0,72044.0,0.0,0.0,engine,1,1,0,10000000,sync_on,engine_p1_w1_i0_t10000000
27.82,740.0,740.0,740.0,2592944.0,2592944.0,2592944.0,69322.0,69322.0,69322.0,0.0,0.0,engine,1,1,0,10000000,sync_on,engine_p1_w1_i0_t10000000
27.83,0.0,0.0,0.0,2598840.0,2598840.0,2598840.0,87227.0,87227.0,87227.0,0.0,0.0,engine,1,1,0,10000000,sync_on,engine_p1_w1_i0_t10000000
27.84,1059.4059405940593,1059.4059405940593,1059.4059405940593,2599800.0,2599800.0,2599800.0,83020.0,83020.0,83020.0,0.0,0.0,engine,1,1,0,10000000,sync_on,engine_p1_w1_i0_t10000000
27.87,210.0,210.0,210.0,2597028.0,2597028.0,2597028.0,89280.0,89280.0,89280.0,0.0,0.0,engine,1,1,0,10000000,sync_on,engine_p1_w1_i0_t10000000
27.89,0.0,0.0,0.0,2594064.0,2594064.0,2594064.0,72044.0,72044.0,72044.0,0.0,0.0,engine,1,1,0,10000000,sync_on,engine_p1_w1_i0_t10000000
27.92,762.3762376237623,762.3762376237623,762.3762376237623,2593844.0,2593844.0,2593844.0,69362.0,69362.0,69362.0,0.0,0.0,engine,1,1,0,10000000,sync_on,engine_p1_w1_i0_t10000000
27.93,0.0,0.0,0.0,2598840.0,2598840.0,2598840.0,87227.0,87227.0,87227.0,0.0,0.0,engine,1,1,0,10000000,sync_on,engine_p1_w1_i0_t10000000
27.94,1170.0,1170.0,1170.0,2600752.0,2600752.0,2600752.0,84887.0,84887.0,84887.0,0.0,0.0,engine,1,1,0,10000000,sync_on,engine_p1_w1_i0_t10000000
27.97,554.4554455445544,554.4554455445544,554.4554455445544,2575532.0,2575532.0,2575532.0,67677.0,67677.0,67677.0,0.0,0.0,engine,1,1,0,10000000,sync_on,engine_p1_w1_i0_t10000000
27.99,396.039603960396,396.039603960396,396.039603960396,2594520.0,2594520.0,2594520.0,73031.0,73031.0,73031.0,0.0,0.0,engine,1,1,0,10000000,sync_on,engine_p1_w1_i0_t10000000
28.02,700.0,700.0,700.0,2593980.0,2593980.0,2593980.0,69398.0,69398.0,69398.0,0.0,0.0,engine,1,1,0,10000000,sync_on,engine_p1_w1_i0_t10000000
28.03,445.5445544554455,445.5445544554455,445.5445544554455,2599552.0,2599552.0,2599552.0,89274.0,89274.0,89274.0,0.0,0.0,engine,1,1,0,10000000,sync_on,engine_p1_w1_i0_t10000000
28.04,712.8712871287129,712.8712871287129,712.8712871287129,2601464.0,2601464.0,2601464.0,85926.0,85926.0,85926.0,0.0,0.0,engine,1,1,0,10000000,sync_on,engine_p1_w1_i0_t10000000
28.07,680.0,680.0,680.0,2576364.0,2576364.0,2576364.0,69637.0,69637.0,69637.0,0.0,0.0,engine,1,1,0,10000000,sync_on,engine_p1_w1_i0_t10000000
28.09,390.0,390.0,390.0,2594840.0,2594840.0,2594840.0,74259.0,74259.0,74259.0,0.0,0.0,engine,1,1,0,10000000,sync_on,engine_p1_w1_i0_t10000000
28.12,860.0,860.0,860.0,2594576.0,2594576.0,2594576.0,69445.0,69445.0,69445.0,0.0,0.0,engine,1,1,0,10000000,sync_on,engine_p1_w1_i0_t10000000
28.13,230.0,230.0,230.0,2599744.0,2599744.0,2599744.0,89439.0,89439.0,89439.0,0.0,0.0,engine,1,1,0,10000000,sync_on,engine_p1_w1_i0_t10000000
28.14,850.0,850.0,850.0,2602104.0,2602104.0,2602104.0,87516.0,87516.0,87516.0,0.0,0.0,engine,1,1,0,10000000,sync_on,engine_p1_w1_i0_t10000000
28.17,366.3366336633663,366.3366336633663,366.3366336633663,2576948.0,2576948.0,2576948.0,70164.0,70164.0,70164.0,0.0,0.0,engine,1,1,0,10000000,sync_on,engine_p1_w1_i0_t10000000
28.19,0.0,0.0,0.0,2594840.0,2594840.0,2594840.0,74259.0,74259.0,74259.0,0.0,0.0,engine,1,1,0,10000000,sync_on,engine_p1_w1_i0_t10000000
28.22,801.980198019802,801.980198019802,801.980198019802,2595408.0,2595408.0,2595408.0,69489.0,69489.0,69489.0,0.0,0.0,engine,1,1,0,10000000,sync_on,engine_p1_w1_i0_t10000000
28.23,0.0,0.0,0.0,2599744.0,2599744.0,2599744.0,89439.0,89439.0,89439.0,0.0,0.0,engine,1,1,0,10000000,sync_on,engine_p1_w1_i0_t10000000
28.24,1138.6138613861385,1138.6138613861385,1138.6138613861385,2603072.0,2603072.0,2603072.0,89762.0,89762.0,89762.0,0.0,0.0,engine,1,1,0,10000000,sync_on,engine_p1_w1_i0_t10000000
28.27,630.0,630.0,630.0,2578164.0,2578164.0,2578164.0,71873.0,71873.0,71873.0,0.0,0.0,engine,1,1,0,10000000,sync_on,engine_p1_w1_i0_t10000000
28.29,0.0,0.0,0.0,2594840.0,2594840.0,2594840.0,74259.0,74259.0,74259.0,0.0,0.0,engine,1,1,0,10000000,sync_on,engine_p1_w1_i0_t10000000
28.32,821.7821782178218,821.7821782178218,821.7821782178218,2596128.0,2596128.0,2596128.0,69524.0,69524.0,69524.0,0.0,0.0,engine,1,1,0,10000000,sync_on,engine_p1_w1_i0_t10000000
28.33,0.0,0.0,0.0,2599744.0,2599744.0,2599744.0,89439.0,89439.0,89439.0,0.0,0.0,engine,1,1,0,10000000,sync_on,engine_p1_w1_i0_t10000000
28.34,670.0,670.0,670.0,2581556.0,2581556.0,2581556.0,68052.0,68052.0,68052.0,0.0,0.0,engine,1,1,0,10000000,sync_on,engine_p1_w1_i0_t10000000
28.37,514.8514851485148,514.8514851485148,514.8514851485148,2578812.0,2578812.0,2578812.0,72917.0,72917.0,72917.0,0.0,0.0,engine,1,1,0,10000000,sync_on,engine_p1_w1_i0_t10000000
28.39,0.0,0.0,0.0,2594840.0,2594840.0,2594840.0,74259.0,74259.0,74259.0,0.0,0.0,engine,1,1,0,10000000,sync_on,engine_p1_w1_i0_t10000000
28.42,840.0,840.0,840.0,2596772.0,2596772.0,2596772.0,69568.0,69568.0,69568.0,0.0,0.0,engine,1,1,0,10000000,sync_on,engine_p1_w1_i0_t10000000
28.43,0.0,0.0,0.0,2599744.0,2599744.0,2599744.0,89439.0,89439.0,89439.0,0.0,0.0,engine,1,1,0,10000000,sync_on,engine_p1_w1_i0_t10000000
28.44,920.7920792079208,920.7920792079208,920.7920792079208,2582900.0,2582900.0,2582900.0,70124.0,70124.0,70124.0,0.0,0.0,engine,1,1,0,10000000,sync_on,engine_p1_w1_i0_t10000000
28.47,405.9405940594059,405.9405940594059,405.9405940594059,2579644.0,2579644.0,2579644.0,74107.0,74107.0,74107.0,0.0,0.0,engine,1,1,0,10000000,sync_on,engine_p1_w1_i0_t10000000
28.49,0.0,0.0,0.0,2594840.0,2594840.0,2594840.0,74259.0,74259.0,74259.0,0.0,0.0,engine,1,1,0,10000000,sync_on,engine_p1_w1_i0_t10000000
28.52,821.7821782178218,821.7821782178218,821.7821782178218,2597360.0,2597360.0,2597360.0,69611.0,69611.0,69611.0,0.0,0.0,engine,1,1,0,10000000,sync_on,engine_p1_w1_i0_t10000000
28.53,0.0,0.0,0.0,2599744.0,2599744.0,2599744.0,89439.0,89439.0,89439.0,0.0,0.0,engine,1,1,0,10000000,sync_on,engine_p1_w1_i0_t10000000
28.54,1040.0,1040.0,1040.0,2584444.0,2584444.0,2584444.0,72356.0,72356.0,72356.0,0.0,0.0,engine,1,1,0,10000000,sync_on,engine_p1_w1_i0_t10000000
28.57,850.0,850.0,850.0,2581124.0,2581124.0,2581124.0,75966.0,75966.0,75966.0,0.0,0.0,engine,1,1,0,10000000,sync_on,engine_p1_w1_i0_t10000000
28.59,0.0,0.0,0.0,2594840.0,2594840.0,2594840.0,74259.0,74259.0,74259.0,0.0,0.0,engine,1,1,0,10000000,sync_on,engine_p1_w1_i0_t10000000
28.62,840.0,840.0,840.0,2597832.0,2597832.0,2597832.0,69655.0,69655.0,69655.0,0.0,0.0,engine,1,1,0,10000000,sync_on,engine_p1_w1_i0_t10000000
28.63,0.0,0.0,0.0,2599744.0,2599744.0,2599744.0,89439.0,89439.0,89439.0,0.0,0.0,engine,1,1,0,10000000,sync_on,engine_p1_w1_i0_t10000000
28.64,860.0,860.0,860.0,2585348.0,2585348.0,2585348.0,73675.0,73675.0,73675.0,0.0,0.0,engine,1,1,0,10000000,sync_on,engine_p1_w1_i0_t10000000
28.67,455.4455445544554,455.4455445544554,455.4455445544554,2581644.0,2581644.0,2581644.0,76475.0,76475.0,76475.0,0.0,0.0,engine,1,1,0,10000000,sync_on,engine_p1_w1_i0_t10000000
28.69,0.0,0.0,0.0,2594840.0,2594840.0,2594840.0,74259.0,74259.0,74259.0,0.0,0.0,engine,1,1,0,10000000,sync_on,engine_p1_w1_i0_t10000000
28.72,920.0,920.0,920.0,2598172.0,2598172.0,2598172.0,69698.0,69698.0,69698.0,0.0,0.0,engine,1,1,0,10000000,sync_on,engine_p1_w1_i0_t10000000
28.73,0.0,0.0,0.0,2599744.0,2599744.0,2599744.0,89439.0,89439.0,89439.0,0.0,0.0,engine,1,1,0,10000000,sync_on,engine_p1_w1_i0_t10000000
28.75,762.3762376237623,762.3762376237623,762.3762376237623,2586252.0,2586252.0,2586252.0,74875.0,74875.0,74875.0,0.0,0.0,engine,1,1,0,10000000,sync_on,engine_p1_w1_i0_t10000000
28.77,970.2970297029702,970.2970297029702,970.2970297029702,2582988.0,2582988.0,2582988.0,78584.0,78584.0,78584.0,0.0,0.0,engine,1,1,0,10000000,sync_on,engine_p1_w1_i0_t10000000
28.79,0.0,0.0,0.0,2594840.0,2594840.0,2594840.0,74259.0,74259.0,74259.0,0.0,0.0,engine,1,1,0,10000000,sync_on,engine_p1_w1_i0_t10000000
28.82,782.1782178217821,782.1782178217821,782.1782178217821,2598756.0,2598756.0,2598756.0,69736.0,69736.0,69736.0,0.0,0.0,engine,1,1,0,10000000,sync_on,engine_p1_w1_i0_t10000000
28.83,0.0,0.0,0.0,2599744.0,2599744.0,2599744.0,89439.0,89439.0,89439.0,0.0,0.0,engine,1,1,0,10000000,sync_on,engine_p1_w1_i0_t10000000
28.84,700.0,700.0,700.0,2587404.0,2587404.0,2587404.0,76834.0,76834.0,76834.0,0.0,0.0,engine,1,1,0,10000000,sync_on,engine_p1_w1_i0_t10000000
28.87,530.0,530.0,530.0,2583956.0,2583956.0,2583956.0,79173.0,79173.0,79173.0,0.0,0.0,engine,1,1,0,10000000,sync_on,engine_p1_w1_i0_t10000000
28.89,0.0,0.0,0.0,2594840.0,2594840.0,2594840.0,74259.0,74259.0,74259.0,0.0,0.0,engine,1,1,0,10000000,sync_on,engine_p1_w1_i0_t10000000
28.92,880.0,880.0,880.0,2599088.0,2599088.0,2599088.0,69780.0,69780.0,69780.0,0.0,0.0,engine,1,1,0,10000000,sync_on,engine_p1_w1_i0_t10000000
28.93,0.0,0.0,0.0,2599744.0,2599744.0,2599744.0,89439.0,89439.0,89439.0,0.0,0.0,engine,1,1,0,10000000,sync_on,engine_p1_w1_i0_t10000000
28.95,0.0,0.0,0.0,2587404.0,2587404.0,2587404.0,76834.0,76834.0,76834.0,0.0,0.0,engine,1,1,0,10000000,sync_on,engine_p1_w1_i0_t10000000
28.97,821.7821782178218,821.7821782178218,821.7821782178218,2585236.0,2585236.0,2585236.0,80832.0,80832.0,80832.0,0.0,0.0,engine,1,1,0,10000000,sync_on,engine_p1_w1_i0_t10000000
28.99,0.0,0.0,0.0,2594840.0,2594840.0,2594840.0,74259.0,74259.0,74259.0,0.0,0.0,engine,1,1,0,10000000,sync_on,engine_p1_w1_i0_t10000000
29.02,772.2772277227722,772.2772277227722,772.2772277227722,2599544.0,2599544.0,2599544.0,69822.0,69822.0,69822.0,0.0,0.0,engine,1,1,0,10000000,sync_on,engine_p1_w1_i0_t10000000
29.03,0.0,0.0,0.0,2599744.0,2599744.0,2599744.0,89439.0,89439.0,89439.0,0.0,0.0,engine,1,1,0,10000000,sync_on,engine_p1_w1_i0_t10000000
29.05,0.0,0.0,0.0,2587404.0,2587404.0,2587404.0,76834.0,76834.0,76834.0,0.0,0.0,engine,1,1,0,10000000,sync_on,engine_p1_w1_i0_t10000000
29.07,660.0,660.0,660.0,2586076.0,2586076.0,2586076.0,81759.0,81759.0,81759.0,0.0,0.0,engine,1,1,0,10000000,sync_on,engine_p1_w1_i0_t10000000
29.09,99.009900990099,99.009900990099,99.009900990099,2594968.0,2594968.0,2594968.0,74268.0,74268.0,74268.0,0.0,0.0,engine,1,1,0,10000000,sync_on,engine_p1_w1_i0_t10000000
29.12,860.0,860.0,860.0,2599744.0,2599744.0,2599744.0,69864.0,69864.0,69864.0,0.0,0.0,engine,1,1,0,10000000,sync_on,engine_p1_w1_i0_t10000000
29.13,0.0,0.0,0.0,2599744.0,2599744.0,2599744.0,89439.0,89439.0,89439.0,0.0,0.0,engine,1,1,0,10000000,sync_on,engine_p1_w1_i0_t10000000
29.15,0.0,0.0,0.0,2587404.0,2587404.0,2587404.0,76834.0,76834.0,76834.0,0.0,0.0,engine,1,1,0,10000000,sync_on,engine_p1_w1_i0_t10000000
29.18,346.53465346534654,346.53465346534654,346.53465346534654,2586632.0,2586632.0,2586632.0,83072.0,83072.0,83072.0,0.0,0.0,engine,1,1,0,10000000,sync_on,engine_p1_w1_i0_t10000000
29.19,247.5247524752475,247.5247524752475,247.5247524752475,2595568.0,2595568.0,2595568.0,75300.0,75300.0,75300.0,0.0,0.0,engine,1,1,0,10000000,sync_on,engine_p1_w1_i0_t10000000
29.22,800.0,800.0,800.0,2600328.0,2600328.0,2600328.0,70177.0,70177.0,70177.0,0.0,0.0,engine,1,1,0,10000000,sync_on,engine_p1_w1_i0_t10000000
29.23,455.4455445544554,455.4455445544554,455.4455445544554,2577916.0,2577916.0,2577916.0,80665.0,80665.0,80665.0,0.0,0.0,engine,1,1,0,10000000,sync_on,engine_p1_w1_i0_t10000000
29.25,0.0,0.0,0.0,2587404.0,2587404.0,2587404.0,76834.0,76834.0,76834.0,0.0,0.0,engine,1,1,0,10000000,sync_on,engine_p1_w1_i0_t10000000
29.27,610.0,610.0,610.0,2587152.0,2587152.0,2587152.0,84692.0,84692.0,84692.0,0.0,0.0,engine,1,1,0,10000000,sync_on,engine_p1_w1_i0_t10000000
29.29,290.0,290.0,290.0,2595632.0,2595632.0,2595632.0,76477.0,76477.0,76477.0,0.0,0.0,engine,1,1,0,10000000,sync_on,engine_p1_w1_i0_t10000000
29.32,851.4851485148514,851.4851485148514,851.4851485148514,2600612.0,2600612.0,2600612.0,66237.0,66237.0,66237.0,0.0,0.0,engine,1,1,0,10000000,sync_on,engine_p1_w1_i0_t10000000
29.34,445.5445544554455,445.5445544554455,445.5445544554455,2578492.0,2578492.0,2578492.0,69500.0,69500.0,69500.0,0.0,0.0,engine,1,1,0,10000000,sync_on,engine_p1_w1_i0_t10000000
29.35,0.0,0.0,0.0,2587404.0,2587404.0,2587404.0,76834.0,76834.0,76834.0,0.0,0.0,engine,1,1,0,10000000,sync_on,engine_p1_w1_i0_t10000000
29.38,386.1386138613861,386.1386138613861,386.1386138613861,2587780.0,2587780.0,2587780.0,85310.0,85310.0,85310.0,0.0,0.0,engine,1,1,0,10000000,sync_on,engine_p1_w1_i0_t10000000
29.39,0.0,0.0,0.0,2595632.0,2595632.0,2595632.0,76477.0,76477.0,76477.0,0.0,0.0,engine,1,1,0,10000000,sync_on,engine_p1_w1_i0_t10000000
29.43,510.0,160.0,860.0,2589680.0,2578620.0,2600740.0,68033.0,66277.0,69789.0,0.0,0.0,engine,1,1,0,10000000,sync_on,engine_p1_w1_i0_t10000000
29.45,0.0,0.0,0.0,2587404.0,2587404.0,2587404.0,76834.0,76834.0,76834.0,0.0,0.0,engine,1,1,0,10000000,sync_on,engine_p1_w1_i0_t10000000
29.48,702.9702970297029,702.9702970297029,702.9702970297029,2588732.0,2588732.0,2588732.0,87532.0,87532.0,87532.0,0.0,0.0,engine,1,1,0,10000000,sync_on,engine_p1_w1_i0_t10000000
29.5,0.0,0.0,0.0,2595632.0,2595632.0,2595632.0,76477.0,76477.0,76477.0,0.0,0.0,engine,1,1,0,10000000,sync_on,engine_p1_w1_i0_t10000000
29.52,730.0,730.0,730.0,2600868.0,2600868.0,2600868.0,66318.0,66318.0,66318.0,0.0,0.0,engine,1,1,0,10000000,sync_on,engine_p1_w1_i0_t10000000
29.54,0.0,0.0,0.0,2578620.0,2578620.0,2578620.0,69789.0,69789.0,69789.0,0.0,0.0,engine,1,1,0,10000000,sync_on,engine_p1_w1_i0_t10000000
29.55,0.0,0.0,0.0,2587404.0,2587404.0,2587404.0,76834.0,76834.0,76834.0,0.0,0.0,engine,1,1,0,10000000,sync_on,engine_p1_w1_i0_t10000000
29.58,230.0,230.0,230.0,2588868.0,2588868.0,2588868.0,88034.0,88034.0,88034.0,0.0,0.0,engine,1,1,0,10000000,sync_on,engine_p1_w1_i0_t10000000
29.6,0.0,0.0,0.0,2595632.0,2595632.0,2595632.0,76477.0,76477.0,76477.0,0.0,0.0,engine,1,1,0,10000000,sync_on,engine_p1_w1_i0_t10000000
29.63,861.3861386138614,861.3861386138614,861.3861386138614,2601400.0,2601400.0,2601400.0,66565.0,66565.0,66565.0,0.0,0.0,engine,1,1,0,10000000,sync_on,engine_p1_w1_i0_t10000000
29.64,0.0,0.0,0.0,2578620.0,2578620.0,2578620.0,69789.0,69789.0,69789.0,0.0,0.0,engine,1,1,0,10000000,sync_on,engine_p1_w1_i0_t10000000
29.65,0.0,0.0,0.0,2587404.0,2587404.0,2587404.0,76834.0,76834.0,76834.0,0.0,0.0,engine,1,1,0,10000000,sync_on,engine_p1_w1_i0_t10000000
29.68,534.6534653465346,534.6534653465346,534.6534653465346,2589380.0,2589380.0,2589380.0,89759.0,89759.0,89759.0,0.0,0.0,engine,1,1,0,10000000,sync_on,engine_p1_w1_i0_t10000000
29.7,0.0,0.0,0.0,2595632.0,2595632.0,2595632.0,76477.0,76477.0,76477.0,0.0,0.0,engine,1,1,0,10000000,sync_on,engine_p1_w1_i0_t10000000
29.73,490.0,490.0,490.0,2601272.0,2601272.0,2601272.0,66326.0,66326.0,66326.0,0.0,0.0,engine,1,1,0,10000000,sync_on,engine_p1_w1_i0_t10000000
29.74,0.0,0.0,0.0,2578620.0,2578620.0,2578620.0,69789.0,69789.0,69789.0,0.0,0.0,engine,1,1,0,10000000,sync_on,engine_p1_w1_i0_t10000000
29.75,0.0,0.0,0.0,2587404.0,2587404.0,2587404.0,76834.0,76834.0,76834.0,0.0,0.0,engine,1,1,0,10000000,sync_on,engine_p1_w1_i0_t10000000
29.78,470.0,470.0,470.0,2590096.0,2590096.0,2590096.0,89783.0,89783.0,89783.0,0.0,0.0,engine,1,1,0,10000000,sync_on,engine_p1_w1_i0_t10000000
29.8,0.0,0.0,0.0,2595632.0,2595632.0,2595632.0,76477.0,76477.0,76477.0,0.0,0.0,engine,1,1,0,10000000,sync_on,engine_p1_w1_i0_t10000000
29.83,831.6831683168316,831.6831683168316,831.6831683168316,2601624.0,2601624.0,2601624.0,66364.0,66364.0,66364.0,0.0,0.0,engine,1,1,0,10000000,sync_on,engine_p1_w1_i0_t10000000
29.84,0.0,0.0,0.0,2578620.0,2578620.0,2578620.0,69789.0,69789.0,69789.0,0.0,0.0,engine,1,1,0,10000000,sync_on,engine_p1_w1_i0_t10000000
29.85,0.0,0.0,0.0,2587404.0,2587404.0,2587404.0,76834.0,76834.0,76834.0,0.0,0.0,engine,1,1,0,10000000,sync_on,engine_p1_w1_i0_t10000000
29.88,633.6633663366337,633.6633663366337,633.6633663366337,2569592.0,2569592.0,2569592.0,67914.0,67914.0,67914.0,0.0,0.0,engine,1,1,0,10000000,sync_on,engine_p1_w1_i0_t10000000
29.9,0.0,0.0,0.0,2595632.0,2595632.0,2595632.0,76477.0,76477.0,76477.0,0.0,0.0,engine,1,1,0,10000000,sync_on,engine_p1_w1_i0_t10000000
29.93,690.0,690.0,690.0,2601760.0,2601760.0,2601760.0,66413.0,66413.0,66413.0,0.0,0.0,engine,1,1,0,10000000,sync_on,engine_p1_w1_i0_t10000000
29.94,0.0,0.0,0.0,2578620.0,2578620.0,2578620.0,69789.0,69789.0,69789.0,0.0,0.0,engine,1,1,0,10000000,sync_on,engine_p1_w1_i0_t10000000
29.95,287.1287128712871,287.1287128712871,287.1287128712871,2587732.0,2587732.0,2587732.0,77849.0,77849.0,77849.0,0.0,0.0,engine,1,1,0,10000000,sync_on,engine_p1_w1_i0_t10000000
29.98,830.0,830.0,830.0,2570744.0,2570744.0,2570744.0,67946.0,67946.0,67946.0,0.0,0.0,engine,1,1,0,10000000,sync_on,engine_p1_w1_i0_t10000000
30.0,0.0,0.0,0.0,2595632.0,2595632.0,2595632.0,76477.0,76477.0,76477.0,0.0,0.0,engine,1,1,0,10000000,sync_on,engine_p1_w1_i0_t10000000
30.03,841.5841584158416,841.5841584158416,841.5841584158416,2602016.0,2602016.0,2602016.0,66446.0,66446.0,66446.0,0.0,0.0,engine,1,1,0,10000000,sync_on,engine_p1_w1_i0_t10000000
30.04,0.0,0.0,0.0,2578620.0,2578620.0,2578620.0,69789.0,69789.0,69789.0,0.0,0.0,engine,1,1,0,10000000,sync_on,engine_p1_w1_i0_t10000000
30.05,390.0,390.0,390.0,2588244.0,2588244.0,2588244.0,79044.0,79044.0,79044.0,0.0,0.0,engine,1,1,0,10000000,sync_on,engine_p1_w1_i0_t10000000
30.08,653.4653465346535,653.4653465346535,653.4653465346535,2571508.0,2571508.0,2571508.0,67983.0,67983.0,67983.0,0.0,0.0,engine,1,1,0,10000000,sync_on,engine_p1_w1_i0_t10000000
30.1,0.0,0.0,0.0,2595632.0,2595632.0,2595632.0,76477.0,76477.0,76477.0,0.0,0.0,engine,1,1,0,10000000,sync_on,engine_p1_w1_i0_t10000000
30.14,0.0,0.0,0.0,2578620.0,2578620.0,2578620.0,69789.0,69789.0,69789.0,0.0,0.0,engine,1,1,0,10000000,sync_on,engine_p1_w1_i0_t10000000
30.15,0.0,0.0,0.0,2588244.0,2588244.0,2588244.0,79044.0,79044.0,79044.0,0.0,0.0,engine,1,1,0,10000000,sync_on,engine_p1_w1_i0_t10000000
30.2,0.0,0.0,0.0,2595632.0,2595632.0,2595632.0,76477.0,76477.0,76477.0,0.0,0.0,engine,1,1,0,10000000,sync_on,engine_p1_w1_i0_t10000000
30.24,0.0,0.0,0.0,2578620.0,2578620.0,2578620.0,69789.0,69789.0,69789.0,0.0,0.0,engine,1,1,0,10000000,sync_on,engine_p1_w1_i0_t10000000
30.25,0.0,0.0,0.0,2588244.0,2588244.0,2588244.0,79044.0,79044.0,79044.0,0.0,0.0,engine,1,1,0,10000000,sync_on,engine_p1_w1_i0_t10000000
30.3,0.0,0.0,0.0,2595632.0,2595632.0,2595632.0,76477.0,76477.0,76477.0,0.0,0.0,engine,1,1,0,10000000,sync_on,engine_p1_w1_i0_t10000000
30.34,0.0,0.0,0.0,2578620.0,2578620.0,2578620.0,69789.0,69789.0,69789.0,0.0,0.0,engine,1,1,0,10000000,sync_on,engine_p1_w1_i0_t10000000
30.35,0.0,0.0,0.0,2588244.0,2588244.0,2588244.0,79044.0,79044.0,79044.0,0.0,0.0,engine,1,1,0,10000000,sync_on,engine_p1_w1_i0_t10000000
30.44,0.0,0.0,0.0,2578620.0,2578620.0,2578620.0,69789.0,69789.0,69789.0,0.0,0.0,engine,1,1,0,10000000,sync_on,engine_p1_w1_i0_t10000000
30.45,0.0,0.0,0.0,2588244.0,2588244.0,2588244.0,79044.0,79044.0,79044.0,0.0,0.0,engine,1,1,0,10000000,sync_on,engine_p1_w1_i0_t10000000
30.55,0.0,0.0,0.0,2588244.0,2588244.0,2588244.0,79044.0,79044.0,79044.0,0.0,0.0,engine,1,1,0,10000000,sync_on,engine_p1_w1_i0_t10000000
30.66,0.0,0.0,0.0,2588244.0,2588244.0,2588244.0,79044.0,79044.0,79044.0,0.0,0.0,engine,1,1,0,10000000,sync_on,engine_p1_w1_i0_t10000000
30.76,0.0,0.0,0.0,2588244.0,2588244.0,2588244.0,79044.0,79044.0,79044.0,0.0,0.0,engine,1,1,0,10000000,sync_on,engine_p1_w1_i0_t10000000
30.86,0.0,0.0,0.0,2588244.0,2588244.0,2588244.0,79044.0,79044.0,79044.0,0.0,0.0,engine,1,1,0,10000000,sync_on,engine_p1_w1_i0_t10000000
30.96,0.0,0.0,0.0,2588244.0,2588244.0,2588244.0,79044.0,79044.0,79044.0,0.0,0.0,engine,1,1,0,10000000,sync_on,engine_p1_w1_i0_t10000000
31.06,0.0,0.0,0.0,2588244.0,2588244.0,2588244.0,79044.0,79044.0,79044.0,0.0,0.0,engine,1,1,0,10000000,sync_on,engine_p1_w1_i0_t10000000
